18455
277 29 64 341 293 298 453 500 351 61 181 135 82 212 44 65 57 99 290 62 34 214 422 197 26 481 468 162 375 299 63 404 257 76 421 428 252 198 132 112 416 309 461 161 235 339 89 439
255 203 328 234 165 134 168 170 153 320 110 336 399 125 263 462 188 382 497 495 127 227 222 401 364 305 435 469 244 216 46 264 238 488 154 225 31 209 96 115 286 455 323 358 175 55 349 205
185 143 85 373 219 409 486 306 66 174 303 492 322 189 156 483 47 151 37 379 418 148 338 260 348 312 437 374 451 250 206 50 490 137 90 355 319 249 354 363 479 179 104 432 163 119 207 239 384 2
158 11 368 129 103 350 311 92 40 278 345 498 283 139 71 176 87 406 410 247 398 496 111 482 138 241 427 73 233 352 68 337 123 313 210 79 48 182 36 386 183 3 464 237 413 171 146 58 394 147 56
113 424 204 80 18 164 359 366 335 88 33 224 75 291 412 372 417 217 476 390 459 415 196 367 226 155 160 433 184 324 347 32 120 485 356 7 245 276 254 130 334 365 124 301 326 20 4 5 270 19 107 178 101 438 95
308 180 318 54 121 300 38 396 289 253 447 27 294 131 78 16 465 213 157 279 430 454 105 187 325 456 442 493 271 192 346 362 10 473 109 444 231 393 126 297 383 39 457 100 295
17 136 51 84 60 361 142 200 389 282 288 446 117 243 331 377 388 400 201 411 407 223 256 240 9 344 304 302 281 94 144 83 472 220 445 195 480 431 275 441 268 177 81 169 93 267 369 402 23
474 69 330 102 397 98 491 419 194 425 489 74 128 35 487 316 42 25 12 208 15 97 376 471 159 434 414 327 392 429 262 72 190 230 202 381 215 266 466 340 251 86 236 258 423 52 273 357 53 470 49 172 440
287 259 452 242 108 420 463 140 478 494 387 218 221 436 332 45 22 186 118 122 91 449 41 193 315 317 14 321 232 152 499 353 296 24 460 405 67 408 378 403 343 307 167 484 21 191 77 114 391 475 150
265 284 477 199 395 261 106 133 211 370 70 292 458 360 229 272 385 28 228 8 329 269 145 173 141 342 43 30 59 1 467 443 116 380 246 450 333 13 149 280 248 6 310 274 314 426 371 285 166 448
