5095
30 537 553 993 477 889 438 418 957 801 81 101 1000 115 946 580 559 31 937 536 321 296 197 430 114 812 446 275 140 586 511 763 861 227 142 576 693 846 635 67 915 707 271 410 153 441 539 196 500 370 282 178 875 817 372 466 206 238 323 525 542 912 659 684 148
976 138 385 573 7 866 125 147 128 781 6 831 851 631 124 264 892 110 734 805 34 790 822 327 872 819 352 484 661 799 218 195 488 841 201 562 13 229 566 78 702 345 434 880 215 62 885 736 139 739 252 287 634 849 390 811 299 222 749 432 935 902 501 49 318 939 350
444 87 651 37 863 554 141 716 25 41 40 709 717 856 255 343 933 419 475 857 377 667 301 881 804 423 676 382 658 695 439 569 211 46 8 924 192 706 437 640 619 12 179 51 515 526 456 480 448 117 687 599 97 932 461 678 649 254 199 679 823 669 622 820 360
954 538 383 770 24 9 998 68 782 527 502 145 84 213 272 838 3 699 689 495 257 391 577 786 572 555 710 279 584 771 112 623 174 748 560 122 784 776 121 529 975 541 126 788 18 604 918 938 821 746 468 773 472 922 330 175 982 785 144 964 936 487 398 460 530
231 337 405 607 550 808 220 185 625 768 504 403 203 896 837 733 291 520 60 512 928 722 744 503 407 133 190 22 347 70 754 116 239 643 66 250 701 551 113 571 865 417 152 596 563 53 451 317 853 737 433 312 662 590 149 992 523 396 297 518 682 859 793 303 871 979 380 476 561 348
79 404 531 774 392 825 901 751 803 895 826 798 940 457 926 458 428 597 814 52 207 715 259 735 99 57 5 304 827 205 705 2 253 956 852 845 416 652 276 173 308 96 191 167 186 386 874 286 414 234 32 755 246 412 758 514 384 109 913 90 878 82 426 240 847 988 870
839 258 431 198 723 891 593 105 681 132 290 904 510 243 686 127 367 624 893 636 204 188 968 486 397 281 797 381 972 156 10 700 996 183 425 756 357 469 119 137 154 840 516 371 980 88 71 163 728 692 994 921 694 713 948 39 772 517 630 899 987 265 14 995 268 780 697 169 991 166 999
76 725 164 864 467 328 236 29 267 463 366 490 626 256 668 216 565 534 585 675 653 522 313 919 298 335 479 813 671 324 628 26 320 953 951 568 789 712 180 123 19 587 332 958 362 378 307 421 666 245 558 485 182 911 945 454 952 354 452 903 540 672 777 533 621 244 189
498 157 363 492 543 151 176 388 210 44 971 726 677 338 93 293 221 592 583 415 45 930 974 769 208 226 455 879 605 462 450 160 59 95 494 783 509 373 103 74 209 306 696 111 106 309 470 83 927 665 787 800 929 481 842 981 674 809 639 248 471 641 720 270 615 104
408 656 657 365 969 762 349 436 424 778 356 413 546 159 802 815 513 614 342 633 711 369 143 453 883 664 55 86 247 949 963 73 315 860 898 464 620 118 629 767 691 611 521 507 718 351 35 235 376 617 353 499 973 161 399 757 708 427 368 65 685 579 177 556 107 545 532
158 336 602 990 955 228 535 719 294 506 894 547 401 120 339 98 359 567 732 15 91 482 806 346 578 302 575 997 855 288 459 582 548 181 406 64 959 835 574 791 794 581 564 295 50 989 20 38 738 524 491 646 608 832 334 627 962 36 340 21 443 886 56 200 908 89 910 219 92 970 688 985
155 493 150 966 589 508 645 478 162 907 638 134 17 411 606 943 284 379 393 890 650 544 887 750 435 766 747 28 830 752 923 237 843 489 75 947 690 130 387 642 77 474 364 58 80 285 552 984 637 27 858 655 731 724 389 816 983 663 931 600 609
873 824 496 54 882 465 765 760 48 497 810 977 925 277 978 950 670 591 986 753 792 775 395 914 743 85 897 505 311 440 72 557 326 616 274 909 967 869 325 795 528 422 316 146 171 473 43 269 300 764 266 232 108 47 595 613 519 807 375 714 598 867 834 333 94 601 358 314
4 868 588 341 224 262 727 854 69 136 355 420 374 11 570 170 344 319 135 703 828 549 194 644 680 961 449 310 729 721 131 612 779 833 225 934 261 283 23 33 217 292 742 280 603 400 673 214 263 610 818 278 941 836 361 63 850 102 704 394 848 965 660 241
877 741 202 862 648 165 447 212 942 184 223 647 917 730 331 61 16 187 1 329 944 289 884 402 759 42 876 409 900 273 483 233 251 242 761 740 594 230 745 168 193 172 844 305 906 920 654 260 683 442 249 698 100 796 129 829 888 618 916 905 632 322 429 960 445
