18466
17 136 80 18 298 453 500 387 70 389 27 294 151 78 99 449 41 193 197 26 364 305 427 73 233 352 68 337 123 271 192 346 362 31 195 480 431 258 423 52 273 268 426 371 101 100 295
265 284 477 199 395 359 350 306 66 174 303 292 458 360 229 272 385 37 418 8 329 226 155 160 422 223 481 468 162 469 244 216 46 264 238 488 266 466 340 36 386 183 3 484 274 314 297 383 114 55 166 205
255 203 328 234 165 134 168 170 153 320 289 33 110 345 399 125 263 25 57 379 497 495 127 348 222 430 454 105 187 325 63 404 257 137 276 408 450 333 13 149 280 248 6 104 432 163 119 207 239 285 384 56
185 113 424 204 373 219 409 366 335 88 194 492 425 489 74 128 35 487 316 42 28 228 91 367 269 145 173 141 111 401 321 240 9 344 353 296 24 460 405 381 215 67 246 83 472 220 445 249 334 365 124 301 112 416 177 171 146 457 95
158 11 368 129 103 486 491 419 200 221 436 332 45 22 476 65 462 459 208 148 338 260 496 433 184 324 347 152 499 456 442 493 245 378 252 354 363 479 179 464 237 413 309 461 161 235 438 150
287 259 452 242 108 420 121 300 38 396 370 181 135 82 212 44 188 382 415 16 465 411 279 414 327 392 429 262 72 190 230 76 421 355 319 403 209 96 326 20 4 191 77 39 391 49 172 448
143 85 102 397 98 311 92 40 61 218 322 189 156 483 47 131 118 377 410 290 62 34 214 315 317 14 43 241 32 120 485 356 7 202 144 428 343 307 167 275 441 357 53 58 369 402 440
277 29 64 341 293 84 60 361 142 278 336 498 283 139 71 176 87 12 15 97 376 471 159 437 232 435 375 299 304 302 281 313 210 90 154 225 10 473 109 444 310 5 270 19 107 178 394 147 2
308 180 318 54 261 106 133 211 351 253 447 282 288 446 117 243 331 406 196 247 398 213 157 407 434 482 138 374 451 250 206 50 490 94 79 48 182 198 132 231 393 286 455 323 358 175 470 475 339 89 23
474 69 330 51 164 463 140 478 494 224 75 291 412 372 417 217 186 390 122 388 400 201 227 312 342 256 30 59 1 467 443 116 380 254 130 251 86 236 115 21 126 81 169 93 267 349 439
