18455
255 203 328 234 165 134 366 335 88 40 224 75 292 458 360 229 71 176 118 208 16 465 193 433 317 414 327 427 73 299 63 404 257 137 421 378 10 473 109 444 115 286 455 323 358 175 470 49 100 295
158 11 368 129 103 486 491 419 387 181 135 82 212 272 385 188 57 388 449 41 260 160 184 279 347 152 499 353 296 24 460 405 381 276 48 182 334 365 124 301 112 416 413 309 461 178 384 150
265 284 477 199 395 168 106 133 211 370 253 322 189 156 483 47 151 87 12 228 148 338 214 111 430 138 364 305 374 451 250 206 50 490 238 488 355 319 36 386 183 3 484 21 191 77 114 267 438 172 448
143 85 51 164 359 463 140 478 494 33 110 447 498 283 139 186 243 78 99 418 91 367 269 145 173 141 434 401 241 32 120 456 442 493 76 90 346 362 31 195 480 431 258 310 274 314 426 371 161 475 339 205
17 136 80 18 298 453 500 351 61 336 399 125 217 131 28 122 410 290 62 34 496 407 324 43 392 429 262 72 190 230 202 67 83 472 220 445 249 251 86 236 423 52 273 357 53 457 369 440
287 259 452 242 108 420 121 300 38 396 289 70 389 27 294 263 462 459 415 15 97 376 471 222 454 105 187 325 304 302 281 271 192 154 225 403 209 96 231 393 126 171 146 58 235 147 89 439
277 424 204 373 219 409 350 306 66 174 303 345 282 288 446 117 331 377 379 400 201 411 315 482 240 9 344 485 356 7 245 215 246 254 130 354 363 479 179 104 432 163 119 207 391 394 402 2
308 180 318 54 261 311 92 278 218 221 436 332 45 22 476 65 382 196 247 398 213 157 159 223 14 481 468 162 375 244 216 46 264 380 266 466 340 198 132 275 441 268 177 81 169 93 55 95
185 474 69 330 102 84 60 361 142 200 489 74 128 35 487 316 44 390 37 8 329 226 155 227 422 312 342 437 321 232 435 469 233 352 68 337 123 94 144 408 450 333 13 149 280 248 6 326 20 4 5 270 19 107 239 285 166 56
113 29 64 341 293 397 98 170 153 320 194 492 425 291 412 372 417 42 25 406 497 495 127 348 197 26 256 30 59 1 467 443 116 313 210 79 428 252 343 307 167 464 237 297 383 39 101 349 23
