18466
143 85 242 108 420 121 300 38 396 289 33 110 345 498 283 139 272 25 188 382 208 8 329 226 155 157 433 197 401 327 392 429 262 72 190 230 202 421 83 472 220 445 473 109 444 115 21 126 81 169 93 285 384 205
255 203 328 234 165 134 453 500 194 70 75 291 412 372 417 217 117 87 228 15 97 376 471 159 317 454 105 187 325 63 404 257 76 67 246 254 130 36 386 183 3 464 237 413 309 461 178 166 448 23
158 11 368 129 103 98 170 153 320 224 425 489 74 128 35 487 316 263 28 78 497 495 127 348 279 414 321 232 152 499 353 456 442 493 381 215 266 466 340 251 86 236 112 416 191 77 39 391 235 349 150
277 29 64 341 293 397 350 306 66 174 303 492 221 436 332 45 22 476 65 462 406 290 62 34 214 222 364 305 374 451 485 356 7 94 144 154 225 249 334 365 124 301 484 274 314 297 383 114 470 475 402 440
474 69 330 102 84 60 361 142 278 336 399 125 42 331 377 91 449 41 260 496 422 223 430 138 241 427 73 233 352 68 337 123 271 79 428 195 480 431 275 441 323 358 175 49 339 89
185 113 424 204 373 219 409 168 140 478 494 200 447 27 294 71 176 118 122 410 247 398 213 227 111 437 30 59 1 467 443 116 380 346 362 31 198 132 258 310 177 171 146 457 369 95
265 284 477 199 395 359 486 491 419 351 253 322 189 156 483 47 151 37 379 418 148 338 411 407 434 482 256 240 9 344 296 24 460 405 245 90 48 182 354 363 479 179 104 432 163 119 207 239 55 172 439
308 180 318 54 261 106 133 211 370 218 292 458 360 229 186 243 12 415 388 16 465 193 141 184 324 481 468 162 469 244 216 46 264 238 488 450 333 13 149 280 248 6 423 52 273 268 426 371 267 100 295
17 136 80 18 298 366 335 88 387 181 135 82 212 44 459 196 400 201 160 312 342 14 43 32 120 304 302 281 313 210 192 355 319 10 343 307 167 326 20 4 5 270 19 107 161 101 438 2
287 259 452 51 164 463 311 92 40 61 389 282 288 446 131 385 390 57 99 367 269 145 173 315 26 347 435 375 299 250 206 50 490 137 276 408 378 252 403 209 96 231 393 286 455 357 53 58 394 147 56
