18435
277 424 204 80 18 164 359 121 300 38 396 289 33 492 221 436 332 45 22 71 176 78 8 329 226 155 214 471 184 197 43 30 59 1 467 443 116 313 83 472 220 473 109 444 326 126 171 146 457 369 95
113 29 64 341 293 54 453 500 40 278 218 292 458 360 229 476 390 37 196 367 269 145 173 159 324 347 435 375 299 456 442 493 271 192 154 225 31 343 307 167 484 21 191 77 114 55 166 56
255 203 328 234 165 134 168 491 419 351 224 425 489 74 128 35 487 316 44 65 462 188 382 415 388 400 201 348 111 481 105 187 325 63 404 257 238 488 378 252 354 363 479 179 464 237 413 309 314 161 475 150
308 180 318 298 366 335 88 200 389 282 288 446 151 87 418 16 465 411 315 317 430 454 32 120 485 356 7 76 79 48 182 195 480 431 275 441 268 426 371 384 402 440
185 474 69 330 102 397 98 170 153 320 194 70 345 399 125 42 331 406 99 15 97 376 222 26 327 392 429 262 72 190 230 202 380 346 362 403 209 96 231 393 286 455 81 119 53 58 101 147 89 439
143 85 242 108 420 463 140 478 494 387 75 291 412 372 417 217 186 459 208 497 495 127 227 433 279 437 321 240 9 344 353 296 24 460 405 381 215 67 246 355 319 445 249 334 365 124 301 112 416 177 323 358 175 470 49 339 2
265 284 477 199 395 486 311 92 61 181 135 82 212 117 118 377 379 410 247 398 213 157 312 342 14 138 232 152 499 304 302 281 210 276 428 10 251 86 236 115 310 274 297 383 39 391 235 438 23
287 259 452 51 84 60 361 142 110 336 498 283 139 263 28 122 148 338 193 141 407 401 364 305 374 451 250 206 50 490 245 144 254 130 36 386 183 3 20 52 273 357 461 178 394 172 448
158 11 368 129 103 261 106 133 211 370 253 322 189 156 483 47 131 385 243 57 91 290 62 34 496 223 482 256 468 162 469 244 216 46 264 94 90 266 466 340 198 132 258 423 4 5 270 19 107 239 285 100 295
17 136 373 219 409 350 306 66 174 303 447 27 294 272 25 12 228 449 41 260 160 422 434 414 241 427 73 233 352 68 337 123 137 421 408 450 333 13 149 280 248 6 104 432 163 207 169 93 267 349 205
