18435
255 203 328 234 165 134 168 170 153 320 289 33 110 291 412 372 417 217 186 243 331 406 91 367 269 145 173 422 312 324 347 152 499 353 296 24 460 405 421 378 36 386 183 3 484 21 191 77 39 457 369 95
158 11 368 129 103 463 140 478 494 200 75 292 458 360 229 117 12 228 16 465 213 348 184 197 430 256 241 32 120 456 442 493 245 215 408 450 333 13 149 280 248 6 326 126 309 314 161 438 172 205
265 284 477 199 395 359 350 311 92 40 278 336 27 294 272 385 37 247 398 496 141 222 482 138 364 305 30 59 1 467 443 116 380 254 130 334 365 124 301 112 416 177 323 358 114 391 475 56
185 474 69 330 102 397 98 491 419 351 61 218 322 189 156 483 47 151 78 418 8 329 226 155 157 315 317 14 43 392 429 262 72 190 230 202 381 210 192 246 355 319 445 354 363 479 179 464 237 270 19 107 239 285 166 448 23
113 29 64 341 293 298 366 306 66 174 303 425 489 74 128 35 487 316 263 462 459 415 388 449 41 260 160 279 481 468 162 375 244 216 46 264 94 90 266 466 340 195 480 431 20 52 273 413 163 207 169 93 235 339 402 2
308 180 318 54 486 300 38 396 387 70 345 399 125 42 25 87 377 497 495 127 227 434 401 374 451 485 356 7 137 67 83 472 220 252 403 209 96 258 423 4 5 171 146 55 349
277 424 204 80 18 164 453 500 194 492 221 436 332 45 22 71 176 188 382 148 338 193 407 223 414 321 232 427 73 299 250 206 50 490 238 488 154 225 31 343 307 167 104 432 81 119 53 58 384 295
287 259 452 242 108 420 121 335 88 370 389 282 288 446 131 118 208 410 290 62 34 214 433 342 454 105 187 325 63 404 257 76 144 48 182 198 132 231 393 286 455 357 461 178 394 100 440
143 85 373 219 409 261 106 133 211 253 447 498 283 139 476 390 57 379 196 400 201 411 471 111 437 240 9 344 304 302 281 271 79 428 10 473 109 444 115 310 274 297 383 175 470 49 150
17 136 51 84 60 361 142 224 181 135 82 212 44 65 28 122 99 15 97 376 159 26 327 435 469 233 352 68 337 123 313 276 346 362 249 251 86 236 275 441 268 426 371 267 101 147 89 439
