18435
17 136 80 18 298 453 500 194 70 181 135 82 212 44 118 122 99 418 8 329 269 145 173 471 342 414 347 152 499 353 456 442 493 238 378 251 86 236 115 310 274 323 358 175 470 475 339 439
113 29 64 341 293 84 366 335 88 253 389 27 294 272 390 87 406 196 367 226 155 348 111 482 454 105 187 325 63 404 257 137 94 144 79 428 252 198 124 301 112 416 177 309 314 161 166 95
474 69 330 51 164 359 350 306 66 174 303 218 322 189 156 483 47 151 459 208 410 290 62 34 496 434 401 468 162 375 299 250 206 50 490 245 276 266 466 340 36 386 183 3 484 21 191 77 39 391 235 172 23
185 143 85 102 397 98 170 153 320 110 447 498 283 139 131 385 243 377 91 449 41 260 160 422 184 279 14 481 30 59 1 467 443 116 380 450 333 13 149 280 248 6 104 432 81 119 53 457 369 402 440
255 203 328 234 165 134 168 106 133 211 370 492 345 399 125 316 42 462 382 16 465 213 157 315 197 26 256 392 429 262 485 356 7 202 381 488 154 225 31 473 109 444 231 393 286 455 171 146 58 101 100 295
265 284 477 199 395 121 300 38 396 289 33 224 336 282 288 446 117 28 78 247 398 214 141 222 437 240 9 344 296 24 460 405 215 67 346 362 10 354 363 479 179 464 237 268 426 371 49 349 205
277 424 204 373 219 409 261 311 92 40 278 75 291 412 372 417 217 476 65 331 415 15 97 376 312 430 138 321 232 427 73 233 352 68 337 123 210 246 355 319 334 365 132 258 423 4 5 270 19 107 239 285 384 56
287 259 452 242 108 420 463 140 478 494 387 292 458 360 229 71 176 37 388 148 338 193 433 317 364 305 374 451 72 190 230 76 421 83 472 220 445 249 195 480 431 20 52 273 413 163 207 169 93 267 438 448
158 11 368 129 103 486 491 419 351 61 425 489 74 128 35 487 263 25 12 228 497 495 127 227 159 223 43 241 32 120 304 302 281 271 192 408 48 182 403 343 307 167 326 126 297 383 114 55 89 2
308 180 318 54 60 361 142 200 221 436 332 45 22 186 188 57 379 400 201 411 407 324 327 435 469 244 216 46 264 313 90 254 130 209 96 275 441 357 461 178 394 147 150
