13090
225 565 527 72 9 408 121 48 351 212 155 655 242 173 380 126 96 350 461 301 534 33 443 124 190 262 41 29 414 292 158 616 492 157 475 236 390 673 181 641 114 62 376 574 573 280 560 154 424 438 57 118 691 50
314 357 667 543 542 177 125 612 552 450 493 354 626 613 282 95 654 111 14 127 27 397 348 449 217 453 369 42 371 682 63 451 689 546 192 435 117 267 685 525 340 189 636 326 193 232 466 457 272 345 254 498 214 1 293 456 166
653 586 433 681 398 290 427 116 606 307 274 615 287 469 330 431 383 413 328 611 355 393 335 200 386 694 291 60 253 365 167 409 506 58 497 544 695 56 208 687 207 500 71 224 123 421 568 222 137 39 115 28 625 275 246 20 77 596
693 130 139 426 162 141 679 648 284 583 145 515 620 226 387 45 441 265 80 526 368 516 352 159 455 163 644 440 322 11 309 445 420 356 633 502 594 517 64 240 333 458 68 241 132 659 109 572 622 206 536 395 394 94 669 142 425 8 638 520 595
564 316 367 277 652 604 567 590 329 251 122 88 628 551 545 300 696 407 372 488 634 16 645 210 664 319 416 288 677 618 603 219 321 508 377 238 375 509 360 31 399 70 243 385 51 462 295 228 86 256 647 120 78 6 540 184 591 400 429
577 608 264 597 152 549 491 170 195 183 17 268 346 632 550 180 343 619 247 490 557 530 422 299 230 257 30 382 133 100 258 245 81 344 4 325 477 646 518 73 32 373 129 562 675 138 610 649 331 472 294 85 147 396 169 26 446 363 227 324 470 349
263 601 684 423 665 629 66 273 623 36 213 593 164 234 172 276 108 178 59 539 47 266 430 104 361 485 110 676 436 69 366 482 402 547 529 89 639 657 317 74 174 160 12 484 391 621 362 674 82 2 672 359 358 185 501 34 211 489
460 337 584 389 76 44 336 237 541 286 153 523 405 334 419 548 306 13 151 281 411 602 480 471 52 437 631 473 624 582 487 384 533 201 220 203 510 495 143 447 65 271 532 313 486 578 107 102 442 406 323 410 434 481 305
61 609 656 215 554 131 165 144 640 149 504 494 248 199 19 483 465 231 223 49 607 303 310 505 503 699 91 40 35 204 249 570 579 186 598 556 260 244 700 229 106 364 528 662 285 202 571 128 119 46 320 161 642 467 627 5 499 452 678 599
660 304 197 587 650 559 216 417 302 686 3 112 592 561 651 448 103 194 614 635 187 136 327 463 135 378 512 278 444 332 179 698 252 403 168 353 688 538 43 617 134 524 311 67 563 218 370 388 191 671 259 404 580 196 569 176 289 535 188
588 93 522 318 605 175 338 432 140 55 10 643 479 566 150 585 279 269 379 312 454 511 339 428 75 261 630 666 415 24 558 690 297 697 418 507 23 25 347 54 468 464 198 663 21 97 53 205 374 600 22 412 531 84 99 7 513 474 668 146 298 553 296
381 38 209 315 87 683 148 79 235 105 18 661 575 392 521 439 250 514 637 92 401 658 283 239 308 341 83 581 459 233 478 576 589 270 15 90 255 476 37 98 171 496 555 680 101 182 342 221 156 670 537 692 113 519
