13419
577 304 197 398 650 559 336 679 648 606 55 10 226 493 354 431 383 279 379 312 454 511 339 428 283 485 110 676 436 69 478 576 589 270 15 546 529 89 435 255 476 67 525 340 171 109 326 193 531 46 320 154 182 342 438 57 118 691 50
316 367 652 604 76 44 66 273 623 122 88 105 18 661 575 392 521 413 328 611 355 430 104 644 217 443 124 190 618 603 219 321 508 377 43 375 495 143 399 70 160 224 123 421 622 86 84 26 580 345 625 275 498 214 1 535 188
337 584 522 318 426 162 408 116 284 79 235 515 387 300 696 194 614 635 269 607 303 310 505 503 512 278 291 308 341 83 581 459 233 63 451 689 129 240 333 458 68 243 385 51 568 536 404 424 254 5 434 481 305
263 357 667 605 175 491 170 195 183 17 268 628 334 419 548 231 223 187 136 327 461 301 658 75 437 91 444 332 179 487 384 533 594 517 260 117 267 138 563 649 331 472 294 295 228 119 280 647 94 196 6 540 499 452 678 599
61 609 277 656 215 290 427 144 640 302 686 3 164 234 172 276 108 439 250 514 637 27 397 348 52 261 473 624 582 682 29 414 366 168 353 688 54 510 509 360 31 97 53 205 374 571 128 578 107 102 115 669 363 227 324 470 349
314 608 139 681 554 131 141 237 48 552 450 592 551 561 483 465 178 59 539 490 151 281 411 602 480 471 133 630 666 415 24 558 690 249 570 579 186 598 556 238 492 157 687 673 181 74 174 241 62 376 600 313 362 259 457 467 323 410 298 553 296
653 586 433 597 72 9 177 125 612 286 153 155 45 441 407 372 488 634 16 645 210 386 694 631 60 253 365 167 409 201 220 203 90 244 700 229 500 528 132 659 388 572 191 169 161 642 272 446 670 8 638 520 595
693 130 389 543 152 549 683 148 541 36 213 593 112 287 469 330 180 343 619 247 49 368 516 352 159 455 30 382 100 361 245 81 344 4 325 477 646 25 347 538 64 639 657 317 21 447 65 12 22 412 232 466 99 120 78 569 176 537 692 113 519
564 660 38 264 567 590 338 149 583 145 523 405 545 655 242 282 95 654 111 14 127 92 401 664 319 239 453 369 42 41 418 507 23 506 58 497 544 695 56 208 475 236 390 207 641 71 218 370 484 496 555 671 222 137 39 513 406 221 142 425 184 591 400 429
225 565 527 587 542 165 216 417 432 140 307 274 615 199 19 651 448 103 173 380 126 96 463 135 378 534 33 258 40 35 204 698 252 403 518 73 32 373 468 464 198 663 610 114 189 636 574 573 486 680 560 672 442 359 358 185 501 34 211 489
460 588 601 684 315 87 329 251 351 212 643 479 566 150 585 557 306 13 530 422 299 230 257 163 699 416 288 677 445 420 356 633 292 158 616 617 134 524 311 106 364 662 285 202 462 391 621 206 674 82 2 7 101 627 474 668 146 289 293 456 166
381 93 209 423 665 629 121 504 494 248 620 346 632 550 626 613 265 80 526 47 266 350 393 335 200 449 440 322 11 309 262 297 697 371 502 482 402 547 192 562 675 685 37 98 271 532 85 147 396 256 395 394 28 156 246 20 77 596
