13335
660 93 652 604 398 152 549 177 125 612 36 213 593 112 287 387 566 150 441 439 250 514 637 461 301 534 319 630 453 369 42 41 477 646 25 347 538 546 192 495 143 138 610 98 271 532 572 193 680 647 424 625 5 537 692 400 429
61 609 277 656 543 44 237 302 686 3 199 19 45 585 265 80 526 368 516 352 430 104 449 91 666 415 24 558 690 698 252 403 508 377 510 639 657 229 106 364 331 472 294 600 313 228 119 84 99 120 28 438 57 118 691 50
460 337 584 264 423 567 590 408 116 623 552 450 164 234 354 242 173 306 13 151 281 411 505 503 382 133 694 631 81 344 4 167 409 518 73 32 373 64 475 236 390 673 181 525 241 62 376 574 622 621 396 222 457 78 254 410 289 535 188
263 304 197 162 175 121 284 79 235 523 226 493 330 431 383 279 269 379 312 454 511 339 428 33 258 245 444 332 179 249 570 579 186 598 556 238 90 117 267 685 37 53 218 370 388 295 206 674 82 642 94 196 156 246 20 77 596 595
564 588 357 667 597 665 629 683 417 432 140 307 274 615 18 661 575 392 521 413 328 47 266 350 393 335 200 75 261 440 473 253 365 325 418 507 366 168 353 688 54 468 464 198 663 21 458 68 243 528 132 659 85 191 362 259 560 39 345 6 540 499 452 678 599
316 367 209 426 554 131 141 679 648 351 212 469 172 276 108 380 126 96 230 257 163 512 361 485 110 204 297 697 371 292 158 616 129 244 700 317 500 205 202 462 326 147 86 466 26 669 142 425 184 591 293 456 166
381 38 433 681 605 66 338 195 183 17 268 628 551 545 300 696 194 614 635 187 136 327 159 480 471 52 100 416 60 624 582 682 29 414 63 594 517 43 617 134 524 311 97 71 12 484 22 412 232 280 2 394 467 342 221 569 176 434 481 305
693 130 389 215 650 559 336 148 541 286 153 105 405 561 651 448 103 619 247 490 557 530 422 299 92 401 658 699 278 291 308 341 83 581 459 233 478 576 589 270 15 56 208 562 675 399 174 114 189 636 573 486 169 161 154 513 406 323 670 8 638 520
225 565 527 587 542 329 251 122 88 155 655 626 613 178 59 539 611 355 602 455 30 386 437 217 40 35 676 436 69 533 451 689 695 529 89 435 255 31 447 340 171 109 391 531 671 46 320 404 272 442 359 358 185 501 34 211 489
314 608 139 76 87 216 640 149 583 145 515 620 592 334 419 343 282 95 654 111 14 127 27 397 348 644 239 11 309 262 487 384 502 482 402 547 375 240 333 67 563 649 385 51 496 555 578 107 102 672 580 446 363 227 324 470 349
577 601 684 72 9 144 491 170 48 504 494 248 346 632 550 180 548 407 372 488 634 16 645 210 664 443 124 190 618 603 219 321 201 220 203 492 687 207 641 65 662 285 374 571 128 536 395 115 182 275 498 214 1 113 519
653 586 522 318 315 290 427 165 273 606 55 10 643 479 483 465 231 223 49 607 303 310 463 135 378 283 322 288 677 445 420 356 633 23 506 58 497 544 260 157 509 360 476 74 70 160 224 123 421 568 256 137 7 101 627 474 668 146 298 553 296
