13657
225 608 139 567 590 177 125 612 79 17 268 199 387 45 441 265 80 247 126 96 454 511 339 428 319 630 453 369 42 41 418 507 186 576 589 270 129 562 675 500 241 62 376 574 573 486 578 107 102 467 406 323 410 298 553 296
653 586 209 426 76 72 9 679 648 284 686 3 515 620 226 493 561 651 448 103 619 95 654 488 530 312 430 104 449 322 81 344 4 325 477 646 168 353 688 54 510 198 663 21 74 610 114 189 636 568 222 137 7 28 254 5 537 452 678 599
460 337 584 656 215 44 408 116 623 36 183 153 523 405 334 419 548 407 372 111 14 127 92 401 658 283 440 485 110 365 487 384 533 598 556 43 617 134 524 311 138 70 243 65 218 370 421 572 622 396 680 39 580 627 363 227 118 691 50
588 304 264 398 152 175 144 121 583 145 105 632 550 431 383 279 379 637 461 301 664 100 694 291 444 35 676 436 69 366 482 402 547 375 495 143 97 71 224 123 85 191 119 82 642 394 78 221 569 176 77 596 429
61 660 38 433 681 162 549 491 417 302 140 55 112 346 551 545 300 696 194 614 635 269 607 303 327 159 480 471 52 33 443 124 253 204 297 697 371 502 451 689 373 64 639 657 317 67 525 340 12 484 391 621 531 674 161 647 154 182 342 438 57 184 692 113 519
564 316 367 277 652 604 587 650 559 338 149 351 212 628 330 180 343 439 250 490 557 47 266 350 393 335 200 386 239 473 624 582 682 29 414 292 158 616 260 475 236 390 673 181 447 98 385 51 462 295 671 256 395 94 345 625 275 498 214 1 324 470 349
693 130 389 543 542 66 251 122 88 592 19 483 465 231 223 187 136 310 505 503 382 133 278 631 666 415 24 558 690 167 409 506 58 497 544 695 529 89 435 117 267 399 174 649 171 109 496 555 466 404 115 196 142 425 8 638 520 595
381 93 197 605 336 237 48 286 235 615 18 661 575 392 521 178 59 539 634 16 645 210 644 217 308 341 83 581 459 233 478 508 377 15 90 244 700 229 458 563 160 132 659 388 22 412 228 259 457 272 669 474 668 146 434 293 188
609 522 318 665 629 329 640 432 552 10 164 234 172 276 108 380 514 49 422 299 27 397 348 261 416 11 309 445 420 356 633 23 201 220 203 492 157 240 333 685 106 364 528 662 285 374 193 232 169 2 672 424 358 185 501 34 211 489
263 565 527 597 554 131 141 216 273 606 307 274 450 155 655 242 173 306 13 151 281 411 602 455 30 534 75 437 258 245 40 190 262 698 252 403 518 73 32 546 192 255 31 37 53 331 472 294 600 326 147 362 46 320 26 513 156 246 20 591 481 305
314 601 684 423 290 427 683 148 541 504 494 248 287 469 354 626 613 282 526 368 516 352 463 135 378 699 91 288 677 618 603 219 321 25 347 538 468 464 509 360 476 68 205 202 571 128 206 536 280 560 101 446 6 540 499 400 166
577 357 667 315 87 165 170 195 213 593 643 479 566 150 585 413 328 611 355 230 257 163 512 361 60 332 179 249 570 579 63 594 517 238 56 208 687 207 641 271 532 313 86 84 99 120 442 359 670 289 535 456
