5309
954 157 363 531 151 105 681 132 290 971 647 686 580 17 411 419 475 342 633 503 881 804 423 855 879 352 449 996 181 425 142 576 693 623 174 748 560 23 33 691 611 989 451 422 906 539 196 376 608 713 178 234 39 772 929 481 518 613 859 639 268 780 871 426 94 600 609
79 404 553 993 477 889 716 25 41 267 463 366 401 120 668 170 513 943 699 944 289 486 397 281 797 381 972 819 511 949 963 73 315 671 569 833 740 320 953 951 74 416 652 276 844 305 387 167 524 673 214 263 32 755 246 412 637 911 945 678 649 109 982 303 979 380 622 820 360
76 824 198 657 365 224 508 294 625 894 547 831 134 631 61 606 928 722 744 986 143 522 313 919 288 462 450 160 59 643 66 324 701 225 934 635 924 168 437 434 742 280 38 309 470 83 832 746 875 817 372 466 514 811 14 995 248 471 641 672 970 688 985
4 868 493 164 607 550 808 220 185 128 506 778 356 338 93 559 624 291 520 415 45 930 114 812 446 822 327 455 750 409 900 763 548 183 488 771 860 898 628 620 118 629 909 209 371 690 292 123 541 126 171 604 662 821 149 992 523 396 757 842 427 361 63 913 432 82 219 92 318 939 350
408 588 341 969 762 349 436 781 6 782 946 127 98 359 216 344 3 188 968 675 407 453 883 664 55 298 57 279 304 841 250 26 326 616 274 767 345 172 880 215 853 400 186 386 874 286 499 627 962 485 182 941 384 254 731 89 910 556 107 988 870
158 155 725 405 165 447 212 942 40 709 420 374 413 546 339 977 802 937 536 950 197 430 974 769 578 302 575 997 676 70 484 479 439 756 612 469 551 137 154 840 283 568 869 325 173 528 317 146 737 312 918 938 590 764 266 232 108 47 595 987 299 519 807 199 749 389 669 333 487 398 460 530
138 538 723 770 125 147 29 136 355 717 203 84 213 272 565 534 585 884 402 133 190 22 680 961 435 273 483 861 752 923 562 113 571 865 915 295 271 640 619 12 179 51 515 500 456 480 414 973 161 399 849 390 330 175 375 903 540 935 983 663 931 601 358 314
258 385 383 543 864 467 328 236 751 510 638 11 896 837 331 264 892 321 296 284 379 393 301 653 275 140 586 382 658 766 747 28 827 205 705 574 791 489 581 516 967 776 410 106 587 332 654 77 474 364 58 948 468 773 472 932 461 238 618 850 905 867 834 936 621 244 532
976 498 537 37 863 54 141 176 388 210 765 760 502 145 255 343 926 583 512 689 495 257 391 226 914 754 116 218 195 584 357 783 509 794 103 845 706 795 975 163 441 728 692 235 736 139 421 334 610 818 278 27 858 952 222 65 685 579 912 501 49 965 148
444 87 651 496 891 593 438 418 904 803 895 917 570 457 925 277 978 428 597 814 52 207 759 156 86 247 335 310 729 721 131 494 201 119 13 229 566 78 947 193 521 507 718 19 62 788 526 370 282 252 100 796 129 829 888 809 908 679 823 177 991 166 999
873 202 862 492 554 866 535 719 645 478 162 527 48 856 293 221 592 204 329 670 591 711 369 890 650 544 887 735 99 695 239 830 95 242 761 72 557 594 230 122 417 306 563 53 308 96 351 642 958 362 491 646 307 448 117 687 599 97 443 682 368 916 90 697 902 777 533 476 561 348
839 336 431 150 966 589 262 727 854 44 184 223 907 243 490 626 367 31 893 933 838 60 458 734 805 34 790 792 644 347 605 743 85 813 227 311 440 2 253 956 852 784 702 50 217 111 529 153 191 920 433 694 353 739 285 552 984 340 21 836 265 793 724 102 816 659 684 545 189
877 741 656 648 24 9 998 69 81 101 1000 115 851 159 567 815 15 110 319 135 703 828 549 194 775 395 10 700 661 799 233 251 959 835 464 846 373 75 707 712 180 20 603 885 260 683 442 249 698 558 36 758 899 454 200 354 452 714 598 632 169 394 848 240 847 660 241
30 337 573 7 774 392 825 901 68 768 504 403 497 810 730 733 636 614 857 377 667 753 577 786 572 555 710 5 406 64 779 237 843 261 745 789 696 980 88 71 316 35 18 921 378 473 43 269 80 665 787 800 517 630 206 981 674 655 785 144 964 704 270 615 104
231 602 990 955 228 882 465 957 801 424 726 677 826 798 256 940 124 732 16 187 1 91 482 806 346 208 715 259 872 42 876 459 582 897 505 112 211 46 8 67 192 564 152 596 121 130 738 994 617 927 300 666 245 287 634 297 708 922 886 56 323 525 542 878 720 322 429 960 445
