18549
17 136 80 18 164 359 366 311 92 40 224 345 498 283 139 263 462 78 208 410 247 41 260 227 111 401 327 32 120 485 356 7 245 215 79 48 182 403 343 307 167 326 126 297 383 175 55 166 56
287 259 452 242 108 420 463 140 478 494 387 492 322 189 156 483 47 71 176 37 388 367 226 155 160 159 434 414 468 162 469 233 352 68 337 123 137 67 254 130 209 96 231 393 286 455 323 107 239 285 384 95
185 143 85 373 219 409 350 335 88 194 70 447 282 288 446 151 87 122 148 97 376 184 279 14 454 105 187 325 456 442 493 271 192 246 355 319 249 195 480 431 423 4 5 426 371 161 49 339 205
277 424 204 102 397 98 170 153 320 61 218 221 436 332 45 22 186 390 12 228 400 201 411 312 482 138 364 305 374 451 353 296 24 460 405 94 90 83 472 220 445 473 109 444 115 310 274 163 207 169 93 267 369 295
255 203 328 234 165 134 168 306 66 174 303 425 489 74 128 35 487 316 44 65 28 382 415 91 449 338 193 141 197 430 240 9 344 63 404 257 76 144 346 362 31 251 86 236 258 104 432 171 39 457 349 150
265 284 477 199 395 261 106 133 211 370 253 181 135 82 212 117 459 196 290 62 34 214 315 317 347 435 375 244 216 46 264 238 488 450 333 13 149 280 248 6 484 21 191 77 114 391 101 100 440
158 11 368 129 103 486 491 419 351 110 336 399 125 217 131 188 406 99 418 8 329 269 145 173 433 222 26 256 241 427 73 299 250 206 50 490 381 276 408 378 36 386 183 3 20 52 273 413 309 461 178 235 147 89 2
113 29 64 341 293 298 453 500 200 389 27 294 272 385 118 377 15 398 213 157 407 223 437 321 232 152 499 304 302 281 421 428 252 198 132 275 441 268 177 81 119 53 470 438 172 448 23
474 69 330 51 84 60 361 142 278 291 412 372 417 42 25 57 16 465 496 471 342 43 30 59 1 467 443 116 313 210 154 225 10 354 363 479 179 464 237 270 19 146 314 475 439
308 180 318 54 121 300 38 396 289 33 75 292 458 360 229 476 243 331 379 497 495 127 348 422 324 481 392 429 262 72 190 230 202 380 266 466 340 334 365 124 301 112 416 357 358 58 394 402
