18455
277 424 204 51 164 168 170 153 320 289 33 110 345 399 125 217 117 243 382 415 388 16 465 160 159 324 437 374 451 296 24 460 405 94 144 79 428 252 198 124 301 115 286 455 323 358 175 55 339 56
17 136 80 18 298 453 500 40 75 292 458 360 229 71 176 37 379 410 290 62 34 214 471 317 347 32 120 485 356 7 76 421 378 10 354 363 479 179 310 274 314 426 371 161 384 205
185 474 69 330 102 397 98 491 419 351 224 336 282 288 446 151 188 57 8 329 226 155 227 312 342 414 364 305 30 59 1 467 443 116 381 83 472 220 249 195 480 431 258 423 52 273 413 163 119 207 239 394 100 2
158 11 368 129 103 463 140 478 494 387 70 447 498 283 139 476 65 28 122 196 367 269 145 173 433 222 482 138 240 9 344 63 404 257 245 215 67 355 319 445 149 280 248 6 104 432 171 146 58 49 349 439
143 85 373 219 409 350 335 88 194 489 74 128 35 487 316 44 118 377 99 400 201 411 184 197 43 392 429 262 72 190 230 202 380 450 333 13 251 86 236 112 416 309 461 470 475 172 448
308 180 318 54 261 106 133 211 370 253 389 27 294 263 390 12 228 497 495 127 348 422 223 14 321 232 152 499 353 456 442 493 313 210 276 346 362 31 209 96 231 393 126 297 383 39 285 166 295
287 259 452 242 108 420 121 300 38 396 200 425 291 412 372 417 42 462 78 208 148 338 260 496 315 26 481 241 427 73 299 250 206 50 490 488 408 48 182 403 343 307 167 275 441 268 177 81 169 93 267 101 95
113 29 64 341 293 84 366 306 66 174 303 492 221 436 332 45 22 186 331 91 247 398 213 157 407 434 430 454 105 187 325 304 302 281 137 90 154 225 36 386 183 3 484 21 191 77 114 391 235 438 150
265 284 477 199 395 359 486 311 92 61 181 135 82 212 272 25 459 449 41 193 141 111 401 327 435 375 244 216 46 264 238 192 266 466 340 473 109 444 464 237 357 53 457 369 402 23
255 203 328 234 165 134 60 361 142 278 218 322 189 156 483 47 131 385 87 406 418 15 97 376 279 256 468 162 469 233 352 68 337 123 271 246 254 130 334 365 132 326 20 4 5 270 19 107 178 147 89 440
