13090
225 608 139 426 76 44 336 148 48 504 494 248 592 551 561 483 465 407 372 488 634 16 645 210 534 75 261 91 288 677 618 603 219 321 594 517 238 492 687 207 399 174 385 51 496 555 671 84 457 28 474 668 146 289 535 188
564 316 367 522 318 152 408 170 606 307 274 450 346 632 550 242 173 279 269 379 312 430 104 644 440 453 369 42 371 682 63 451 689 695 56 208 240 333 67 563 340 171 109 571 128 46 99 182 342 438 57 184 591 400 429
609 565 527 567 590 66 491 273 284 686 3 620 18 661 575 392 521 178 59 539 368 516 327 159 480 471 100 694 443 124 190 262 41 356 633 502 518 73 32 510 639 657 229 458 68 114 62 376 85 191 119 680 404 101 345 221 363 227 324 470 349
693 38 433 681 162 549 679 648 302 583 145 10 164 234 172 276 108 380 126 96 454 511 339 428 437 630 81 344 4 167 409 508 377 15 546 192 509 360 476 74 610 98 331 472 294 313 228 536 280 2 39 580 446 569 176 434 481 305
588 601 684 315 290 427 165 144 121 79 235 615 287 469 354 626 613 265 80 247 490 557 530 422 299 27 397 348 449 258 245 473 624 582 698 252 403 168 353 688 54 468 464 117 267 97 160 132 659 388 22 412 232 578 107 102 394 467 627 323 410 298 553 296
263 130 264 423 72 9 329 116 623 122 88 105 405 334 419 548 231 223 49 607 303 352 505 503 382 133 239 110 676 436 69 478 576 589 270 43 617 495 143 21 138 70 243 205 374 600 572 622 320 161 154 669 142 425 118 691 50
381 277 656 215 554 131 141 251 552 515 199 19 651 448 103 619 95 654 111 14 127 92 401 658 283 322 666 415 24 558 690 249 570 579 186 598 556 260 157 475 236 390 673 181 37 53 218 370 391 621 396 259 560 7 272 442 196 5 8 638 520 595
61 660 304 197 398 542 338 195 213 593 112 493 330 180 343 282 526 611 355 393 335 200 699 278 291 308 341 83 581 459 233 292 158 616 529 89 435 255 31 641 71 224 123 421 568 362 674 82 642 94 359 625 275 498 214 1 113 519
653 586 209 587 650 559 683 417 432 140 55 268 226 387 566 150 585 439 250 514 637 230 257 30 664 319 631 11 309 445 420 29 414 366 482 402 547 375 198 663 106 364 528 662 285 202 462 573 86 466 120 78 358 185 501 34 211 489
577 93 389 597 665 629 216 640 149 351 212 643 479 300 696 194 614 635 187 136 310 463 455 163 52 33 361 444 332 179 325 477 646 25 347 538 373 64 134 524 311 447 649 189 636 574 147 206 222 137 647 115 6 540 499 452 678 599
314 357 667 543 87 237 541 36 183 17 628 545 655 431 383 413 328 47 266 350 461 301 386 416 60 253 365 487 384 533 201 220 203 90 562 675 685 525 241 12 484 295 486 169 26 513 406 156 246 20 77 596
460 337 584 652 604 605 175 177 125 612 286 153 523 155 45 441 306 13 151 281 411 602 135 378 512 217 485 40 35 204 297 697 418 507 23 506 58 497 544 129 244 700 317 500 65 271 532 326 193 531 256 395 672 424 254 670 537 692 293 456 166
