5095
231 725 405 864 508 294 44 904 510 638 203 159 802 937 536 321 296 197 430 114 812 446 208 522 313 919 86 743 85 273 218 195 488 752 923 562 113 571 865 417 416 271 276 106 317 853 400 362 312 918 214 252 523 396 757 518 238 368 65 685 579 912 556 107 988 870
4 337 573 164 607 550 212 942 971 726 677 826 798 256 668 61 606 110 319 135 703 828 549 194 775 395 352 435 763 548 183 425 827 569 740 326 616 274 581 784 371 410 795 975 179 642 994 83 269 300 764 287 634 849 842 886 56 859 793 542 878 632 219 983 659 684 545 314
976 741 431 496 593 105 681 132 290 424 760 48 946 896 331 815 15 950 670 591 986 143 453 883 664 70 710 996 239 643 756 112 237 843 261 283 767 776 611 521 88 71 35 235 736 43 442 249 285 552 984 297 932 461 981 674 809 375 903 540 672 380 476 358 104
76 37 863 54 141 716 25 41 40 709 717 917 837 221 925 277 475 45 744 503 881 226 680 961 449 279 28 830 671 576 693 623 174 230 852 209 295 306 640 173 130 316 539 654 617 927 80 698 32 755 246 412 637 206 454 222 248 471 641 501 49 820 360
30 336 602 657 365 969 125 147 506 894 547 401 686 580 559 977 343 933 16 187 943 284 379 393 301 407 133 190 22 347 298 900 661 483 233 251 242 761 72 557 594 794 103 74 152 345 989 507 718 387 167 18 604 662 286 263 610 818 278 941 829 888 361 452 432 82 169 394 970 688 609
877 87 493 341 24 9 998 478 162 647 502 856 255 31 893 411 419 188 968 884 402 759 819 735 658 766 747 584 771 860 898 225 934 373 568 789 217 563 53 528 422 215 441 728 692 470 376 139 832 665 787 800 929 481 390 427 109 982 89 871 669 533 621 244 985
498 868 588 553 993 477 889 438 418 957 765 463 366 490 626 810 730 733 291 513 978 699 689 495 257 391 804 423 555 754 116 181 406 64 324 833 846 489 951 75 869 437 153 191 524 500 646 608 713 948 468 773 472 27 858 323 525 785 144 964 704 777 94 600 532
158 408 824 198 150 966 589 176 388 210 68 782 527 338 93 84 213 272 344 458 428 930 974 769 578 302 575 997 455 750 99 695 439 131 205 705 119 137 154 840 745 706 652 111 308 96 587 332 186 456 414 39 772 517 630 899 836 952 354 268 780 697 979 848 615 148 445
954 202 862 648 165 447 808 220 185 184 223 907 243 11 293 170 565 91 482 806 346 275 140 676 879 511 949 963 73 142 250 211 46 8 924 192 168 50 325 529 451 163 146 737 77 474 364 58 448 117 687 599 97 443 682 254 199 749 389 322 429 960
444 404 363 492 891 151 882 465 801 81 768 504 403 497 367 624 124 732 520 204 329 944 289 486 397 281 797 577 786 872 42 10 484 160 505 357 469 628 620 118 629 566 78 193 980 20 62 309 958 694 353 739 666 245 100 796 129 708 613 200 908 679 823 935 902 663 931 601 189
155 538 383 543 554 467 328 236 751 803 895 120 339 98 636 614 342 633 711 369 890 822 327 887 288 700 310 729 721 315 841 201 701 551 13 748 560 122 516 702 696 619 12 541 126 788 196 491 386 874 421 334 266 232 108 47 595 987 265 14 995 850 905 867 720 270 965 660 939 350
873 537 7 224 262 727 854 69 136 778 356 145 940 359 457 592 3 534 585 675 653 650 544 572 156 605 247 582 897 59 66 959 835 464 509 635 67 845 947 712 292 123 19 603 885 260 673 480 590 746 875 817 372 466 514 811 299 519 807 639 303 834 426 333 240 847 561 348
79 157 723 770 774 392 825 901 29 267 355 420 831 134 17 264 892 1 415 857 377 667 753 381 972 55 914 462 450 799 861 227 311 440 2 253 956 915 564 707 596 172 742 280 38 351 51 515 526 683 938 821 149 992 558 485 182 945 384 655 731 724 102 910 991 166 999
138 385 531 866 762 349 436 781 101 1000 115 851 127 570 567 926 583 734 805 34 790 792 644 855 876 409 335 479 813 95 494 783 26 320 953 23 33 691 121 434 880 738 171 921 378 473 307 499 973 161 399 758 911 678 649 618 916 714 598 177 92 622 318 241
839 258 651 656 990 955 228 535 719 645 128 625 6 374 413 546 631 216 838 60 512 928 722 597 814 52 207 715 259 586 382 459 57 5 304 612 779 574 791 229 909 967 690 180 844 305 906 920 433 370 282 178 234 627 962 36 340 21 922 330 175 63 913 90 816 936 487 398 460 530
