5095
231 602 531 24 9 998 751 510 638 145 159 31 411 419 950 197 430 114 812 446 208 775 395 86 247 335 279 304 923 237 843 373 909 50 795 742 280 587 332 654 77 456 713 249 698 875 817 372 466 514 836 361 982 542 878 902 394 92 970 688 609
839 741 538 383 770 774 125 147 29 267 355 420 374 917 17 893 636 1 91 482 806 346 453 883 855 879 352 710 479 439 131 205 705 574 791 560 103 74 209 295 217 434 106 387 515 524 474 364 739 252 523 396 757 330 175 63 850 905 912 270 615 148 530
444 157 363 492 543 151 105 681 132 290 184 223 907 243 502 851 580 940 291 513 614 928 722 744 503 407 133 190 22 680 511 949 963 73 315 112 701 225 934 261 33 706 611 640 619 12 351 853 788 604 662 448 117 687 599 97 443 238 199 679 823 177 991 965 985
877 138 725 405 228 882 465 128 765 760 831 203 256 837 331 933 838 943 689 495 257 391 226 586 298 459 766 747 28 830 227 311 440 620 118 629 745 784 193 292 308 96 191 920 186 139 58 263 39 772 929 481 842 454 323 452 471 641 82 219 848 240 847 660 241
976 79 404 37 863 966 589 176 388 210 68 782 527 856 730 733 732 520 583 512 734 805 34 790 792 759 42 876 409 900 813 671 576 693 623 174 748 489 75 152 691 121 844 305 441 35 958 921 694 442 334 610 818 278 27 811 299 519 807 639 913 432 834 622 318 939 350
87 651 431 573 7 864 508 942 781 6 48 413 546 339 98 359 457 937 536 110 319 135 703 828 549 194 140 919 961 435 763 548 181 406 771 357 469 119 113 571 122 967 437 410 111 529 975 728 692 470 736 43 269 421 665 787 800 517 630 911 945 384 254 908 303 632 49 820 360 445
4 337 657 365 224 762 349 436 506 894 547 338 93 367 624 124 61 344 978 534 585 986 143 381 972 156 10 99 57 5 584 612 779 464 509 635 67 192 564 371 712 521 130 541 167 18 378 473 307 499 552 984 758 899 613 109 375 714 720 426 333 94 601 358 189
76 588 341 54 141 467 328 236 41 44 625 768 504 403 490 626 810 559 802 925 277 458 428 597 814 52 207 715 259 455 750 754 239 643 66 569 562 137 154 840 23 947 776 989 451 317 309 737 500 370 282 178 973 100 796 129 708 858 952 354 268 780 697 704 983 659 684 561 348
868 198 164 593 889 438 418 957 801 81 101 1000 115 946 127 293 815 15 415 857 377 667 753 577 786 572 555 658 695 897 505 64 324 835 2 253 956 417 416 696 980 88 71 163 603 885 260 312 918 938 300 666 245 558 36 340 21 922 886 56 368 248 903 540 979 936 487 398 460
258 537 150 554 866 392 825 901 904 803 895 134 631 216 16 187 3 329 944 289 486 711 369 890 822 644 347 70 484 661 310 729 721 95 860 898 72 557 326 616 274 566 516 845 702 596 563 53 20 38 738 994 376 617 353 821 285 627 962 485 182 206 461 427 655 749 389 816 663 600 532
498 336 493 723 891 535 719 294 40 709 717 826 798 255 343 592 321 475 45 930 393 301 881 302 575 997 872 382 743 85 273 483 861 752 959 833 740 594 794 283 767 690 180 880 316 146 433 673 214 948 161 399 849 390 941 682 859 793 724 102 867 669 380 476 988 870
158 155 656 990 955 969 262 727 854 971 726 677 401 120 84 213 170 565 188 968 675 653 650 544 664 55 914 582 218 195 488 251 242 761 551 13 229 852 168 325 173 528 179 642 235 646 608 480 414 234 32 755 246 412 637 981 674 809 731 89 910 322 429 960
873 202 496 607 550 212 645 162 647 11 977 221 926 60 342 633 974 769 578 804 423 676 288 462 450 160 59 827 494 783 846 230 924 78 869 345 172 153 906 539 196 683 832 149 992 287 634 297 932 829 888 618 916 90 598 871 501 166 999
954 824 862 648 165 447 808 220 185 69 136 778 356 497 570 567 264 892 296 284 379 884 402 275 327 887 605 700 116 799 233 142 250 211 46 8 865 915 707 271 123 19 51 400 362 491 386 874 286 590 746 468 773 472 518 678 649 200 222 65 685 579 672 777 533 621 244 104
30 408 385 553 993 477 716 25 478 424 463 366 686 896 668 272 606 204 699 670 591 397 281 797 522 313 819 735 449 996 183 425 756 841 201 628 26 320 953 951 581 568 789 306 652 276 507 718 422 215 62 126 171 526 83 927 80 764 266 232 108 47 595 987 265 14 995 525 785 144 964 935 169 556 931 107 545 314
