13419
314 357 667 162 549 683 148 541 351 212 643 479 651 448 103 173 380 126 96 310 463 455 30 382 319 322 288 677 618 603 219 321 25 347 538 43 617 134 524 311 641 71 218 370 462 573 259 78 474 668 146 298 553 296
225 608 139 426 76 152 329 116 623 122 88 105 405 334 419 548 619 95 654 488 634 16 645 210 449 694 630 666 415 24 558 690 167 409 506 58 497 544 238 90 244 700 317 21 97 53 205 294 421 568 119 280 560 672 467 359 6 540 434 481 305
577 93 652 604 605 175 144 170 606 55 620 18 661 45 441 231 223 368 516 159 480 471 133 100 258 245 444 332 179 249 570 579 186 598 556 129 562 675 138 610 98 224 123 574 572 555 396 466 99 120 513 406 323 410 289 535 456 166
61 337 584 197 72 9 640 149 686 3 112 592 551 545 300 696 265 80 247 49 187 136 327 602 135 378 512 278 291 40 35 204 698 252 403 594 517 546 529 495 143 399 70 241 132 659 388 326 193 232 680 647 154 345 438 57 118 691 50
460 693 130 565 527 44 336 338 48 286 153 523 155 655 626 613 194 614 635 269 607 303 352 461 301 658 699 361 453 369 42 41 477 646 508 377 492 89 117 267 447 65 331 472 374 600 295 86 84 26 446 569 176 324 470 349
588 601 684 543 542 177 125 612 552 450 226 493 561 483 465 407 372 111 14 127 92 401 534 75 261 91 11 309 445 420 356 633 63 451 689 695 510 639 657 229 458 68 243 649 189 636 622 228 578 107 102 394 424 358 185 501 34 211 489
564 660 304 264 423 567 290 427 251 504 494 248 287 387 566 150 585 557 306 13 530 422 299 27 397 348 33 631 60 624 582 682 29 414 366 482 402 547 375 240 333 685 37 114 62 376 85 191 362 46 320 404 580 627 254 5 499 452 678 599
316 367 389 587 650 559 237 36 213 593 268 628 330 431 383 279 379 312 454 511 339 428 283 416 81 344 4 325 418 507 23 518 73 32 373 468 464 475 236 390 207 74 174 340 271 532 313 531 536 395 39 115 272 442 196 142 425 184 591 400 429
653 586 209 681 398 590 165 216 121 195 183 17 164 469 354 242 282 526 47 266 350 393 335 200 644 485 110 365 487 384 533 201 220 203 56 208 687 673 181 563 160 12 484 391 621 206 169 457 28 625 670 537 692 293 188
609 522 318 315 87 408 417 302 583 145 515 10 234 172 276 108 413 328 611 355 430 104 386 437 217 443 124 190 262 297 697 371 502 168 353 688 54 64 198 663 106 364 385 51 22 412 486 674 161 642 101 669 363 227 8 638 520
381 38 433 597 665 629 66 491 273 432 140 307 274 615 199 19 575 392 521 178 59 539 490 151 281 411 505 503 664 239 308 341 83 581 459 233 292 158 616 260 157 509 360 476 67 525 171 109 496 128 671 256 82 2 182 342 156 246 20 77 596 595
263 277 656 215 554 131 141 679 648 284 79 235 346 632 550 180 343 439 250 514 637 230 257 163 52 440 473 253 676 436 69 478 576 589 270 15 192 435 255 31 500 528 662 285 202 571 147 222 137 7 94 221 275 498 214 1 113 519
