13090
61 381 608 264 567 590 175 338 149 79 235 615 199 19 483 465 231 223 49 607 303 352 602 135 378 534 100 361 81 344 4 698 252 403 518 73 32 375 495 143 74 70 12 484 22 412 531 466 457 580 28 142 425 324 470 349
263 130 565 527 554 131 165 237 606 55 112 155 655 431 383 279 269 379 312 454 511 339 428 75 261 630 666 415 24 558 690 167 409 506 58 497 544 238 64 240 333 500 243 649 662 285 202 462 573 46 320 161 647 78 254 5 499 452 678 599
660 656 76 72 9 336 679 648 302 122 88 105 287 469 330 242 619 247 126 96 430 104 699 443 124 190 262 41 29 414 366 482 402 547 529 89 435 255 31 106 364 528 132 659 600 313 206 84 26 406 358 185 501 34 211 489
225 277 652 604 587 650 559 251 583 145 10 18 661 45 441 178 59 539 47 266 350 393 335 200 512 91 288 677 618 603 219 321 576 589 270 15 546 192 134 524 311 138 610 98 271 532 85 193 232 280 101 345 625 275 498 214 1 535 456 166
460 693 304 197 44 549 144 170 48 552 450 164 234 354 626 613 407 372 111 14 127 92 401 664 694 631 60 253 204 297 697 418 507 292 25 347 54 468 464 639 657 229 447 65 218 370 388 622 621 486 536 107 102 115 424 156 670 289 293 188
653 586 433 315 290 427 116 284 36 213 593 268 405 334 419 343 194 614 635 187 136 310 505 503 382 319 416 11 309 445 420 356 633 502 158 616 129 244 700 317 21 458 68 114 62 376 421 568 396 674 82 404 513 323 410 298 553 296
577 601 684 423 162 141 121 195 183 17 628 551 561 651 448 103 173 380 514 637 230 257 163 644 239 453 369 42 371 682 63 594 517 43 617 509 360 476 67 525 331 472 294 571 128 169 2 154 669 474 668 146 434 481 305
314 38 389 215 87 329 273 623 351 212 643 479 566 150 585 265 80 526 368 516 327 159 480 471 133 217 473 624 582 487 384 533 201 220 203 260 157 687 207 641 71 205 374 326 147 578 395 672 446 569 176 537 692 113 519
316 367 93 209 543 542 66 491 417 504 494 248 346 632 550 180 548 439 250 490 557 530 422 299 27 397 348 449 278 322 444 332 179 249 570 579 186 598 556 510 198 663 399 174 160 224 123 574 572 191 86 259 560 39 467 359 438 57 184 591 400 429
337 584 522 318 426 665 629 683 148 541 286 153 523 493 172 276 108 306 13 151 281 411 463 455 30 52 33 258 245 40 35 676 436 69 478 508 377 90 562 675 97 53 385 51 496 555 119 680 642 394 94 627 246 20 77 596
564 609 139 681 398 152 408 177 125 612 686 3 515 620 592 545 300 696 282 95 654 488 634 16 645 210 386 437 440 485 110 365 325 477 646 168 353 688 538 373 492 475 236 390 673 181 37 340 171 109 391 362 256 99 7 272 442 196 6 540 118 691 50
588 357 667 597 605 216 640 432 140 307 274 226 387 575 392 521 413 328 611 355 461 301 658 283 291 308 341 83 581 459 233 23 451 689 695 56 208 117 267 685 563 241 189 636 295 228 671 222 137 120 182 342 221 363 227 8 638 520 595
