18435
265 284 477 199 395 350 335 88 370 253 447 282 288 446 151 87 57 196 400 201 411 223 430 454 152 499 353 296 24 460 405 245 90 83 472 220 445 249 354 363 479 179 104 432 171 146 58 49 339 448 23
308 180 318 54 486 306 66 174 303 425 489 74 128 35 487 316 44 37 388 367 269 145 173 141 317 43 105 187 325 63 404 257 380 192 254 130 251 86 236 112 416 177 357 461 178 394 172 205
17 136 373 219 409 261 106 133 211 351 61 75 291 412 372 417 217 131 385 390 12 228 16 465 193 111 327 392 429 262 485 356 7 381 215 346 362 31 198 132 115 310 274 297 383 175 470 349 150
158 11 368 129 103 98 491 419 40 492 221 436 332 45 22 476 65 462 382 208 91 148 338 260 160 315 197 437 321 232 427 73 299 250 206 50 490 137 276 408 378 252 334 365 124 301 231 393 286 455 323 358 114 55 166 439
113 424 204 80 18 298 453 500 289 200 345 498 283 139 186 459 99 15 97 376 471 222 26 481 30 59 1 467 443 116 94 144 450 333 13 149 280 248 6 464 237 413 163 207 169 93 267 101 438 402
185 143 85 102 397 60 361 142 278 181 135 82 212 272 243 122 415 8 329 226 155 157 159 324 256 468 162 469 233 352 68 337 123 271 79 428 343 307 167 326 126 81 119 53 457 369 95
474 69 330 51 164 359 121 300 38 396 194 218 322 189 156 483 47 71 176 118 377 379 290 62 34 214 433 184 279 414 364 305 374 451 72 190 230 313 210 246 266 466 340 36 386 183 3 484 21 191 77 39 391 147 440
277 29 64 341 293 84 366 311 92 224 389 27 294 263 188 418 497 495 127 348 422 434 401 240 9 344 456 442 493 76 67 355 319 10 473 109 444 275 441 309 314 161 235 100 295
287 259 452 242 108 420 463 140 478 494 387 70 292 458 360 229 117 331 406 449 41 496 407 482 347 435 375 244 216 46 264 238 488 154 225 195 480 431 20 4 5 270 19 107 239 475 89 2
255 203 328 234 165 134 168 170 153 320 33 110 336 399 125 42 25 28 78 410 247 398 213 227 312 342 14 138 241 32 120 304 302 281 202 421 48 182 403 209 96 258 423 52 273 268 426 371 285 384 56
