13090
381 93 652 604 567 590 491 170 606 55 643 479 483 465 80 526 611 355 461 301 512 694 291 81 344 4 167 409 201 220 203 492 157 562 675 74 70 71 205 202 326 193 232 86 46 320 457 669 363 227 324 470 349
263 608 139 426 44 549 237 541 504 494 248 268 226 493 354 448 103 380 126 96 310 463 455 163 319 631 11 309 445 420 356 633 23 506 58 497 544 695 510 639 657 229 458 68 53 331 472 294 421 568 119 680 26 359 358 185 501 34 211 489
660 357 667 315 87 66 417 302 351 212 18 661 575 392 521 178 59 539 368 516 16 645 210 664 440 322 666 415 24 558 690 297 697 418 507 186 508 377 260 435 255 267 685 106 364 528 662 285 374 85 191 362 256 395 7 78 5 537 692 113 519
577 130 389 215 554 131 141 338 612 552 450 164 234 172 276 108 439 250 514 637 92 401 658 133 239 308 341 83 581 459 233 478 576 589 270 15 546 529 89 117 476 641 340 224 123 571 128 671 107 102 672 94 406 438 57 184 591 400 429
564 225 277 656 543 290 427 336 251 583 145 10 155 45 441 282 95 654 111 14 127 27 397 348 699 217 485 110 204 249 570 579 292 451 689 192 134 524 311 37 160 132 659 600 496 147 466 560 120 115 272 442 446 569 176 289 293 456 166
460 337 584 264 152 165 216 121 686 3 515 620 199 19 300 696 194 614 635 187 136 327 159 480 471 449 361 453 369 42 371 682 63 594 517 238 90 244 700 317 447 65 271 532 622 578 137 642 182 342 221 6 540 499 452 678 599
316 367 304 197 76 650 559 177 125 195 213 593 112 346 632 550 180 343 231 223 49 607 303 352 230 257 30 283 630 444 332 179 325 477 646 168 353 688 54 56 208 495 143 21 138 610 649 218 370 388 295 228 536 280 404 101 196 142 425 118 691 50
653 586 433 681 605 175 679 648 284 79 235 615 287 387 566 150 585 265 306 13 151 281 411 602 135 378 534 75 261 258 473 253 676 436 69 533 25 347 538 373 43 617 509 360 31 399 563 385 51 462 313 259 394 513 323 670 8 638 520 595
693 38 209 587 542 144 273 48 286 153 523 469 330 626 613 619 247 490 557 530 422 299 505 503 382 33 416 288 677 618 603 219 321 598 556 468 464 198 663 67 525 241 12 484 22 412 531 84 99 28 156 246 20 77 596
61 609 522 318 398 72 9 408 116 623 122 88 105 405 545 655 242 173 279 269 379 312 454 511 339 428 644 278 245 60 624 582 698 252 403 518 73 32 64 475 236 390 207 500 243 189 636 572 555 396 222 580 345 625 275 498 214 1 535 188
588 565 527 597 665 629 329 640 149 36 183 17 628 334 419 548 407 372 488 634 350 393 335 200 52 100 443 124 190 262 41 29 414 366 482 402 547 375 240 333 97 98 171 109 391 621 206 169 161 647 154 424 474 668 146 298 553 296
314 601 684 423 162 683 148 432 140 307 274 592 551 561 651 431 383 413 328 47 266 430 104 386 437 91 40 35 365 487 384 502 158 616 129 687 673 181 174 114 62 376 574 573 486 674 82 2 39 467 627 254 410 434 481 305
