13335
460 693 130 565 527 587 650 559 336 679 648 302 122 88 105 405 561 575 392 521 380 514 637 27 397 348 283 217 485 40 35 365 167 409 506 58 497 544 695 510 240 333 67 525 340 662 285 374 85 191 256 395 672 580 196 498 214 1 113 519
225 389 426 44 549 216 121 48 504 494 248 620 592 334 419 548 279 269 379 312 454 511 339 428 644 694 630 666 415 24 558 690 603 219 321 451 689 492 639 657 229 641 71 218 370 388 313 228 466 99 39 115 28 221 142 425 184 591 293 456 166
316 367 433 681 542 408 177 125 612 686 3 515 628 551 545 300 696 265 80 247 126 96 310 463 455 30 382 33 239 81 344 4 325 418 507 292 158 616 375 198 663 685 37 98 171 109 295 232 671 680 404 669 363 227 324 470 349
61 314 357 667 543 152 175 237 195 183 17 268 226 469 330 242 173 306 13 151 281 411 505 503 449 631 473 624 582 682 29 414 366 168 353 688 54 64 687 673 181 610 331 472 202 462 326 147 86 536 107 7 94 345 625 275 246 20 77 596 595
337 584 652 604 162 683 148 541 286 153 164 234 354 431 383 413 328 47 266 350 230 257 163 52 416 11 309 445 420 356 633 23 201 220 203 546 192 255 267 500 243 649 271 532 571 128 206 280 457 78 569 176 8 638 520
263 656 567 590 141 170 583 145 10 199 19 651 448 103 619 95 654 111 14 127 92 401 664 319 361 245 110 676 436 69 186 576 589 270 260 157 562 675 138 563 160 224 123 421 622 621 674 82 394 359 254 5 537 692 400 429
577 608 139 76 72 9 144 640 606 307 274 450 346 632 550 180 343 407 372 488 634 430 104 699 91 288 677 618 698 252 403 518 73 32 373 43 617 134 524 311 447 65 12 484 573 578 161 647 101 446 474 668 146 499 452 678 599
564 609 277 264 423 665 629 329 273 623 351 212 287 387 566 150 585 178 59 539 368 516 16 645 210 534 437 258 308 341 83 581 459 233 478 508 377 15 90 244 700 317 21 458 68 53 385 51 496 193 531 169 2 154 513 156 670 289 535 188
660 38 209 215 554 131 165 338 149 36 213 593 112 18 661 45 465 231 223 49 607 303 352 602 135 378 512 278 291 453 369 42 41 477 646 598 556 238 56 208 495 143 106 364 528 132 659 568 362 259 26 182 342 6 540 434 481 305
381 93 522 318 315 87 66 251 140 55 643 479 483 441 282 526 611 355 461 301 658 75 261 440 60 253 204 249 570 579 533 25 347 538 468 464 509 360 31 97 114 189 636 391 486 84 560 120 424 358 185 501 34 211 489
588 304 197 398 290 427 491 417 432 552 615 155 655 626 613 194 614 635 187 136 327 159 480 471 133 100 443 124 190 262 297 697 371 502 482 402 547 529 89 435 117 476 74 174 241 62 376 600 22 412 119 46 320 102 467 627 438 57 118 691 50
653 586 601 684 597 605 116 284 79 235 523 493 172 276 108 439 250 490 557 530 422 299 393 335 200 386 322 444 332 179 487 384 63 594 517 129 475 236 390 207 399 70 205 294 574 572 555 396 222 137 642 272 442 406 323 410 298 553 296
