20687
308 180 318 298 366 311 92 110 447 291 412 372 417 217 117 118 122 415 388 15 97 376 256 305 30 59 1 467 264 238 488 428 252 195 480 431 484 274 314 357 53 470 49 349 150
255 203 328 234 165 134 168 335 88 370 253 181 498 283 139 476 25 449 41 260 496 197 26 138 364 435 375 299 250 7 493 245 90 254 130 209 96 115 21 126 297 383 239 285 384 339 89 439
277 424 420 199 395 359 453 500 289 33 224 425 489 82 212 44 65 462 188 57 16 465 213 227 315 317 401 327 392 429 262 485 356 404 257 313 210 276 378 10 354 363 479 179 464 237 413 163 207 169 93 267 101 438 172 448 23
185 143 85 373 219 409 463 140 478 494 387 70 189 156 483 47 151 28 78 247 398 157 433 222 43 241 32 120 456 442 24 271 79 48 182 36 386 183 3 310 323 77 39 457 369 402 2
265 284 477 242 108 261 106 133 211 351 61 75 292 458 360 229 131 385 243 459 367 269 145 173 223 437 321 240 9 344 63 50 116 94 144 408 450 333 13 149 280 248 6 423 52 273 268 426 114 391 394 147 56
474 69 330 102 397 98 170 153 320 336 128 35 487 272 382 208 196 400 201 411 471 407 342 14 347 152 499 353 296 206 68 460 405 381 215 246 346 362 403 343 307 167 275 441 371 358 58 440
113 29 64 341 293 54 486 491 419 40 278 218 221 436 399 125 316 42 406 99 418 8 329 226 155 160 111 430 374 451 72 190 230 76 421 83 472 220 445 198 132 258 104 432 171 146
158 11 368 129 103 350 306 66 174 303 345 282 288 446 186 87 12 228 91 148 338 193 141 159 434 414 468 162 469 244 216 46 337 123 154 225 31 473 109 444 231 393 286 455 309 461 178 235 100 295
287 259 452 51 84 60 361 142 200 74 322 135 332 45 22 71 176 331 377 379 410 290 62 34 214 184 279 482 454 105 187 325 304 302 281 202 380 192 355 319 249 334 365 124 301 112 416 191 177 81 119 175 55 166 95
17 136 204 80 18 164 121 300 38 396 194 492 389 27 294 263 390 37 497 495 127 348 422 312 324 481 232 427 73 233 352 443 490 137 67 266 466 340 251 86 236 326 20 4 5 270 19 107 161 475 205
