27806
185 113 203 368 318 298 453 500 40 278 218 322 189 156 128 487 417 217 476 449 41 260 496 197 26 481 241 427 1 467 264 238 488 154 225 31 198 132 179 104 432 163 171 53 58 440
287 424 420 199 395 359 350 311 92 253 389 27 45 22 71 176 118 122 415 388 15 97 376 374 32 456 442 24 271 378 10 354 363 431 464 237 268 426 93 267 101 438 172 448 23
158 259 180 129 103 486 491 419 351 110 291 412 372 263 382 208 196 400 201 411 471 407 342 14 43 305 392 469 244 216 46 337 493 460 313 276 408 450 333 13 149 280 248 167 275 441 323 107 239 285 384 339 89 439
277 29 330 51 409 463 335 88 194 492 425 489 458 360 229 42 25 87 12 228 91 148 338 193 141 159 434 138 364 105 187 325 304 302 281 405 215 67 266 466 340 209 96 112 416 177 357 169 470 49 349 150
255 11 328 234 165 134 168 140 478 494 33 224 345 282 139 272 385 243 331 377 379 410 290 62 34 214 184 279 482 454 429 9 73 120 485 356 404 257 245 254 130 195 480 307 115 21 126 81 119 207 161 475 205
308 64 341 293 54 261 106 133 211 370 221 436 332 483 47 131 406 99 418 8 329 226 155 160 111 430 256 240 451 63 50 116 381 210 90 83 472 220 445 473 365 124 301 326 20 4 191 77 39 391 394 147 56
17 136 204 80 18 164 121 300 38 396 387 70 75 292 35 288 446 117 459 367 269 145 173 223 414 347 152 499 353 296 206 68 123 428 252 403 343 109 3 484 274 314 297 383 114
265 284 452 242 108 84 60 361 142 200 74 336 399 125 316 44 65 462 188 57 16 465 213 227 315 317 401 327 468 162 59 233 352 443 490 137 94 144 79 48 182 36 386 183 231 393 286 455 371 358 175 55 166 95
143 85 102 397 98 170 153 320 289 61 181 135 82 212 186 390 37 497 495 127 348 422 312 324 437 321 232 435 375 299 250 7 202 380 192 246 346 362 251 86 479 444 423 52 273 413 309 461 178 235 100 295
474 69 477 373 219 366 306 66 174 303 447 498 283 294 151 28 78 247 398 157 433 222 30 344 262 72 190 230 76 421 355 319 249 334 6 236 258 310 5 270 19 146 457 369 402 2
