21604
693 277 656 587 650 559 336 338 302 351 212 155 655 448 103 265 80 223 368 516 352 430 104 386 258 11 309 445 420 356 233 158 616 64 134 524 311 67 525 224 123 193 232 86 536 107 102 672 78 363 227 8 638 520
61 609 264 543 44 165 144 640 149 504 494 248 620 346 632 550 242 173 380 514 411 350 602 135 378 512 416 81 344 4 325 477 646 168 353 688 538 492 157 687 207 399 70 160 132 659 109 22 412 84 99 7 101 345 625 275 498 214 298 553 296
381 433 681 162 141 177 125 612 79 235 615 628 551 561 483 465 231 557 539 422 14 127 92 401 322 666 415 24 558 690 297 321 366 482 402 547 529 89 639 657 317 500 243 331 472 202 462 326 147 119 680 457 28 254 5 499 293 188
653 586 601 684 423 605 679 648 48 286 153 523 469 354 626 613 279 654 111 328 27 397 348 283 440 485 40 35 204 698 252 414 63 594 517 129 495 143 685 74 610 649 171 421 568 169 404 669 474 668 540 77 596 595
564 316 367 93 652 604 665 629 66 491 170 195 213 593 226 493 330 180 343 194 614 250 490 47 266 463 455 30 382 133 100 361 308 341 83 581 167 409 506 58 497 544 238 90 244 700 229 458 174 114 189 636 574 572 622 621 531 671 222 137 642 394 467 359 358 185 1 324 470 349
460 337 584 522 318 567 590 175 417 432 552 450 164 234 172 276 108 439 247 635 611 355 393 335 200 534 75 261 630 453 369 42 41 418 633 502 518 73 32 373 43 375 240 333 106 340 271 532 85 191 228 362 674 82 2 39 94 424 142 425 118 691 50
263 357 667 315 290 427 237 606 307 274 268 199 19 575 392 521 178 59 96 126 303 327 159 480 471 449 217 245 110 365 487 384 533 451 689 695 510 117 476 641 71 385 51 573 46 320 161 647 120 115 272 442 627 438 57 184 452 678 599
314 304 197 398 542 251 140 55 112 592 545 300 696 282 526 269 607 281 310 505 503 319 239 443 124 190 262 459 371 23 25 347 54 468 464 509 360 31 37 364 528 662 285 374 295 280 26 580 182 342 221 156 246 501 34 211 489
660 209 215 554 131 216 121 686 3 287 387 566 150 585 407 372 488 634 16 645 210 664 694 291 444 332 179 249 570 579 292 201 220 203 56 208 198 663 21 138 563 241 62 376 313 486 256 395 196 569 670 537 692 400 429
588 38 389 76 87 329 116 284 583 145 515 10 643 479 651 431 383 413 49 379 637 230 257 163 52 33 288 677 618 603 697 219 403 576 589 270 260 475 236 390 673 181 97 53 205 294 600 496 555 396 466 446 6 176 434 113 519
225 608 139 426 152 549 683 148 541 36 183 17 405 334 419 548 306 13 530 312 461 301 658 699 278 631 60 253 676 436 69 478 508 377 15 546 192 562 675 447 65 218 370 388 571 128 206 578 146 20 591 481 305
577 130 565 527 597 72 9 408 273 623 122 88 105 18 661 45 441 619 95 299 151 187 136 454 511 339 428 644 437 91 473 624 582 682 29 507 186 598 556 617 435 255 267 68 98 12 484 391 259 560 154 513 406 323 410 289 535 456 166
