5095
877 155 337 725 363 990 955 228 882 465 765 463 366 497 810 84 213 61 513 329 319 135 703 828 549 194 775 395 298 435 450 799 218 195 488 64 250 551 13 229 23 33 416 306 696 640 173 130 539 171 673 252 100 796 129 613 952 354 268 903 540 935 936 487 398 460 530
839 258 537 37 863 554 141 447 212 942 68 782 527 851 98 359 457 926 204 91 482 806 346 275 327 586 382 743 85 273 483 861 66 324 835 225 934 635 67 192 295 271 980 88 71 738 18 921 378 473 43 269 80 665 787 800 517 630 911 682 618 65 685 579 912 777 970 688 985
976 79 404 656 862 150 966 589 508 645 478 424 760 48 413 546 339 668 937 536 284 379 495 257 391 190 22 855 511 949 279 584 251 242 761 620 118 629 924 767 371 690 292 123 662 286 499 992 287 634 758 514 836 200 323 749 432 672 270 615 148
954 723 770 24 9 998 751 136 778 356 338 93 159 31 272 344 60 296 45 930 974 769 578 804 423 919 288 658 57 239 643 756 112 211 46 8 305 587 332 400 694 353 448 117 687 599 97 206 981 674 809 375 714 598 867 834 394 848 240 847 561 348
158 30 87 651 431 198 657 365 224 762 349 436 781 6 374 11 802 925 277 458 689 814 52 207 715 259 872 819 352 710 996 181 304 142 959 562 113 571 528 608 480 590 746 875 817 372 466 27 829 888 361 63 850 905 219 684 358 314
444 868 588 553 993 477 889 467 328 236 957 801 971 726 677 134 293 216 16 187 943 699 670 591 393 301 653 792 759 10 700 766 747 28 830 771 569 705 119 137 154 840 745 784 707 652 172 844 153 191 167 524 500 646 370 938 821 334 610 818 278 708 461 384 109 982 303 720 92 622 820 360
4 408 824 493 573 164 607 550 825 901 29 267 355 717 826 798 256 730 733 592 475 928 722 744 986 143 453 883 680 961 449 160 505 357 469 701 623 174 748 560 122 75 706 596 121 434 507 718 387 146 737 433 604 874 414 234 39 772 929 481 899 987 265 14 995 913 780 697 979 380 476 545 189
873 538 496 891 593 105 681 132 290 625 768 504 403 917 570 567 264 892 1 3 534 585 486 397 281 797 381 972 555 459 582 233 827 494 783 509 953 103 568 845 947 345 989 20 603 885 260 312 918 713 948 552 984 637 932 858 793 724 102 871 816 426 333 94 601 609
76 336 602 531 151 392 808 220 185 40 709 420 401 686 580 559 977 343 815 15 110 734 805 34 790 226 664 55 914 99 695 897 59 311 440 740 326 616 274 566 516 967 168 776 611 521 111 529 975 19 316 35 515 235 376 617 282 178 468 773 472 518 238 222 452 389 82 169 991 166 999
498 157 341 969 125 147 803 895 856 255 221 636 614 415 857 377 667 753 133 140 676 879 70 754 963 73 315 841 201 628 26 320 373 909 712 180 106 317 906 920 654 526 491 386 307 421 285 523 396 297 390 454 368 916 90 878 632 556 107 988 870
231 741 202 405 864 262 727 854 69 81 101 1000 115 946 17 893 933 419 428 597 503 881 302 575 997 455 42 735 462 5 406 95 860 898 464 72 557 594 230 915 564 869 193 410 795 742 280 38 351 51 642 994 736 139 832 149 627 962 36 340 21 443 886 56 859 199 679 823 902 983 659 621 244 104
138 385 383 866 176 388 210 44 162 907 243 502 145 940 291 520 583 512 944 289 884 402 822 544 572 156 86 409 900 763 548 183 425 227 612 779 833 846 794 865 78 152 691 451 422 215 62 309 958 362 77 474 364 58 739 666 245 558 485 182 941 678 649 175 525 785 144 964 704 501 49 965 660 939 350
492 543 774 716 25 41 904 510 638 120 127 367 624 124 732 838 978 342 633 711 369 890 650 644 347 876 247 335 479 439 671 576 693 2 253 956 581 417 789 50 217 563 53 308 96 163 441 728 692 470 186 683 214 263 973 161 399 849 811 299 519 807 639 248 471 641 177 663 931 600 532
7 54 535 719 294 506 894 547 831 203 631 170 565 188 968 675 407 577 786 887 750 605 484 661 310 729 721 131 205 237 843 261 283 74 209 702 437 619 12 179 853 456 442 249 698 32 755 246 412 757 842 922 330 655 731 542 910 322 429 960 445
648 165 438 418 128 184 223 647 490 626 896 837 331 411 606 321 950 197 430 114 812 446 208 522 313 116 813 752 923 574 791 489 951 852 325 276 880 541 126 788 196 83 927 300 764 266 232 108 47 595 945 427 254 908 89 669 533 318 241
