5095
158 741 538 862 648 165 125 147 29 184 223 647 338 93 17 264 892 1 3 534 585 486 397 281 797 302 575 997 347 298 459 763 439 643 756 612 779 237 843 229 566 690 292 844 153 191 167 433 83 282 178 161 399 757 842 922 886 56 859 199 749 432 720 659 684 561 348
976 79 824 725 150 966 589 508 294 40 709 717 826 798 255 343 592 321 296 928 722 597 814 52 207 715 259 680 70 658 57 5 584 251 242 761 740 326 616 274 103 23 33 416 306 696 172 12 728 18 491 139 832 334 610 818 278 206 461 427 200 323 248 780 878 935 322 166 545 314
877 138 431 198 164 224 262 727 854 801 971 760 48 497 98 359 567 926 978 699 944 289 884 402 577 786 887 750 605 700 450 548 181 304 827 311 440 551 137 154 840 581 516 789 271 410 88 71 317 853 524 604 662 739 252 287 634 849 987 265 14 995 525 785 144 964 501 94 600 532
873 202 383 770 774 392 808 220 185 751 803 895 145 367 624 124 925 277 512 689 675 653 822 327 455 42 876 409 582 183 425 227 142 250 211 46 8 67 767 217 563 53 123 422 215 62 692 470 376 608 713 948 39 772 517 630 941 238 368 982 542 912 991 970 688 609
839 30 408 385 363 990 955 969 762 349 436 904 510 638 413 546 570 272 344 60 458 45 744 503 881 381 972 819 735 462 479 729 721 131 860 959 833 509 373 852 784 707 712 529 975 738 235 694 353 499 875 817 372 466 514 829 888 254 908 679 823 82 169 92 622 820 360 445
444 868 493 657 365 866 176 388 210 478 162 907 243 11 256 84 213 216 520 614 415 857 377 667 301 407 133 190 22 919 10 99 695 897 59 66 569 705 2 253 956 192 564 706 652 180 451 163 906 539 994 921 617 927 300 666 245 558 485 182 899 613 807 303 910 219 983 663 931 601 358 148
954 336 588 553 993 477 889 716 25 41 69 81 768 504 403 502 946 810 559 977 221 170 15 329 284 379 495 257 391 759 855 879 352 754 116 799 233 357 469 464 846 635 122 417 869 193 980 308 96 541 126 788 260 474 364 58 80 698 32 755 246 412 637 836 618 913 90 598 632 380 476 189
76 337 573 492 543 151 535 719 645 128 625 6 374 917 631 732 16 187 110 734 805 34 790 804 423 86 743 85 273 813 205 701 623 174 748 489 951 75 209 702 325 111 880 441 642 196 186 456 442 249 285 552 984 340 21 384 109 916 905 867 902 556 107 988 870
155 656 723 891 864 467 328 236 957 136 355 420 831 203 127 668 636 475 342 633 986 753 275 140 676 382 900 661 483 861 752 923 562 13 794 865 568 845 295 50 989 507 718 19 603 400 362 312 918 214 746 468 773 472 27 932 858 519 222 65 685 579 672 394 848 240 847 999
258 537 496 228 447 212 942 781 101 1000 115 851 580 940 457 937 536 91 482 806 346 650 544 572 156 511 949 963 73 841 201 628 26 320 953 283 915 691 521 130 38 351 51 332 171 500 646 370 938 590 764 266 232 108 47 595 811 299 793 724 102 834 270 615 104
231 602 405 607 550 825 901 267 463 366 490 626 896 837 733 291 565 319 135 703 828 549 194 644 586 288 484 996 239 315 671 576 693 620 118 629 745 947 345 276 20 316 35 515 654 526 673 480 821 149 992 523 396 297 518 454 952 354 452 471 641 704 777 333 621 244 985
498 404 37 863 593 105 681 132 290 424 726 677 401 686 339 802 815 513 583 188 968 114 812 446 208 522 313 555 710 160 505 64 324 835 574 791 560 74 152 596 121 434 106 309 958 378 473 307 448 117 687 599 97 945 678 649 175 375 714 697 669 533 318 939 350
157 7 24 9 998 68 782 527 120 159 31 893 933 419 950 670 591 393 890 792 775 395 961 449 310 218 195 488 898 72 557 594 230 924 78 437 640 619 305 587 885 683 286 414 234 627 962 36 758 911 330 809 639 268 903 540 979 936 487 398 460 530
87 651 341 54 141 438 418 44 506 894 547 856 730 331 61 838 943 197 430 974 769 578 226 872 55 247 335 279 406 95 494 783 225 934 261 371 795 742 280 387 146 737 736 43 269 263 973 100 796 129 708 443 682 361 63 850 389 177 426 49 965 660 241
4 531 554 882 465 765 778 356 134 293 411 606 204 428 930 711 369 143 453 883 664 914 435 766 747 28 830 771 112 119 113 571 909 967 168 776 611 173 528 179 920 77 386 874 421 665 787 800 929 481 390 981 674 655 731 89 871 816 429 960
