5095
976 79 404 363 990 955 864 262 727 854 69 136 355 420 374 917 255 567 815 513 204 475 928 722 744 974 769 578 822 644 347 298 435 766 747 28 131 205 237 843 229 745 152 50 980 718 587 235 312 662 286 499 234 32 755 246 412 637 206 461 238 952 354 452 780 697 704 983 659 684 561 348
76 336 431 198 553 723 770 774 392 825 901 29 267 778 356 946 810 17 636 978 534 585 675 653 650 544 455 855 288 710 861 771 569 705 464 225 13 794 103 74 564 869 652 121 434 844 153 541 126 737 260 683 442 249 698 875 817 372 466 27 613 109 375 714 598 871 979 556 107 104
877 87 651 37 863 966 589 176 388 210 801 424 726 677 120 127 940 124 732 16 187 950 197 430 114 812 446 208 522 313 819 735 462 310 729 721 227 612 779 833 740 594 953 951 852 784 217 111 130 38 351 51 332 921 604 918 713 178 973 100 796 129 941 836 809 982 89 169 848 240 847 999
158 30 408 824 725 383 54 141 716 25 41 904 510 638 686 339 98 359 457 926 1 296 319 135 703 828 549 194 775 395 382 700 582 439 315 671 898 119 137 154 840 865 568 845 706 325 180 123 19 603 885 736 139 58 448 117 687 599 97 886 56 200 908 679 823 902 991 166 988 870
839 231 656 648 165 447 808 220 185 751 803 895 826 798 367 31 893 411 606 3 188 968 884 402 381 972 914 754 963 73 841 201 701 623 174 230 122 915 371 712 276 880 191 920 433 673 214 263 627 962 36 297 708 443 682 361 916 905 912 533 318 241
4 385 657 365 969 125 147 625 768 504 403 490 626 570 216 892 321 415 857 377 667 753 275 327 887 750 605 449 160 505 357 469 620 118 629 924 75 947 776 611 640 173 308 96 163 906 539 171 186 456 480 414 39 772 517 630 518 922 678 649 175 63 913 90 540 672 380 476 545 314
444 337 862 150 593 889 438 418 128 971 760 831 134 837 733 937 536 458 428 597 503 881 577 786 572 555 658 57 279 584 112 551 113 571 283 767 691 795 528 179 515 500 608 832 666 245 558 485 182 911 427 323 248 471 641 816 426 333 94 601 358 148 530
155 538 164 24 9 998 68 782 527 856 977 343 592 60 512 734 805 34 790 792 759 42 876 743 85 273 483 233 752 923 562 934 261 192 168 193 989 507 12 387 853 788 18 83 269 300 334 610 818 278 981 674 222 785 144 964 82 777 970 688 985
498 741 493 573 7 224 762 349 436 506 894 547 338 93 293 221 170 344 45 930 711 369 890 190 22 676 961 484 661 996 181 406 142 576 693 72 557 326 616 274 581 417 789 345 172 975 62 309 470 77 617 353 739 764 266 232 108 47 595 987 265 14 995 268 903 867 720 322 429 960 445
873 537 405 228 508 942 765 463 366 401 203 256 84 213 61 419 329 284 379 814 52 207 715 259 586 86 247 335 479 813 827 311 440 2 253 956 23 209 271 410 88 71 215 146 400 474 364 590 285 552 984 340 21 829 888 254 199 749 389 834 270 615 532
157 492 543 151 105 681 132 290 81 101 1000 115 851 580 631 264 15 110 944 289 486 397 281 797 302 575 997 872 879 352 459 763 548 183 425 756 251 242 761 26 320 373 909 295 437 563 53 20 167 524 376 370 282 252 161 399 849 390 811 299 519 807 639 850 579 935 219 49 965 660 939 350
954 202 341 607 882 465 957 781 6 48 413 546 896 668 272 565 943 699 689 495 257 391 226 664 55 409 116 239 830 95 860 959 628 509 635 566 78 702 596 521 106 317 35 958 362 378 473 43 938 821 149 992 523 396 757 842 330 655 731 724 102 632 936 487 398 460
138 602 496 891 550 212 294 44 184 223 647 11 559 624 291 520 91 482 806 346 804 423 156 511 949 5 304 64 250 211 46 8 967 619 305 441 728 692 994 694 927 80 665 787 800 929 481 899 945 384 618 65 685 432 177 394 92 622 820 360
258 993 477 467 328 236 40 709 717 497 730 331 933 838 583 342 633 986 143 453 883 680 70 900 450 799 218 195 488 494 783 846 560 67 516 707 306 696 292 742 280 738 196 646 307 421 746 287 634 758 514 454 368 525 542 878 669 663 931 600 609
868 588 531 554 866 535 719 645 478 162 907 243 502 145 159 802 925 277 614 670 591 393 301 407 133 140 919 10 99 695 897 59 643 66 324 835 574 791 748 489 33 416 690 529 451 422 316 642 654 526 491 386 874 948 468 773 472 932 858 859 793 303 910 501 621 244 189
