5095
839 231 157 198 341 165 125 147 29 971 726 677 338 93 367 624 893 411 838 978 699 670 591 397 281 797 381 972 819 710 5 406 315 671 569 705 464 620 118 629 283 568 209 776 989 20 603 885 526 491 646 43 938 414 973 100 796 129 941 829 888 519 222 65 685 432 501 49 318 241
877 155 337 405 864 467 328 236 957 781 101 1000 115 851 810 837 733 291 344 60 342 633 986 143 522 313 919 961 85 273 483 861 227 251 242 761 740 326 616 274 78 152 371 712 172 742 280 387 920 260 312 918 214 948 627 962 485 182 899 443 836 618 916 90 878 720 322 429 960
158 30 408 824 37 863 54 882 465 68 782 527 120 84 213 170 565 329 284 379 393 301 881 577 786 572 555 449 996 439 643 756 205 833 551 137 154 840 745 784 691 292 308 96 38 351 126 788 196 617 353 300 764 287 634 297 708 613 109 982 785 144 964 672 394 92 970 688 985
976 138 588 553 723 770 774 762 349 436 904 510 638 917 559 977 343 926 3 534 585 486 814 52 207 715 259 872 42 10 700 582 897 505 112 701 225 934 635 924 74 789 193 410 795 528 422 62 906 539 235 376 370 282 178 266 232 108 47 595 987 265 14 995 525 303 82 169 663 931 600 532
444 87 537 573 164 607 141 447 212 942 128 267 463 366 502 134 17 264 892 296 45 744 974 769 208 226 664 55 735 462 450 799 233 612 779 211 46 8 67 767 652 121 844 153 541 692 470 378 473 307 448 117 687 599 758 514 811 299 807 375 714 598 871 816 777 622 820 360
498 741 725 990 955 554 866 392 808 220 185 40 709 420 374 11 580 570 272 419 950 197 430 114 812 446 804 423 750 605 743 949 160 59 66 250 2 253 956 192 702 271 276 106 587 515 524 83 269 421 252 161 399 849 842 922 330 655 731 542 697 834 983 659 684 561 348
4 868 431 862 492 543 969 262 727 854 69 81 768 504 403 490 626 896 802 933 15 428 930 711 369 890 650 644 455 855 879 352 435 479 218 195 488 771 923 237 843 489 581 967 869 690 619 12 179 51 642 171 186 683 442 249 698 875 817 372 97 518 384 368 268 780 867 979 94 601 358 189
76 336 383 966 589 508 294 44 625 6 48 946 127 631 124 815 513 943 415 689 495 257 391 190 22 676 70 484 279 28 131 357 469 628 26 320 229 909 696 111 529 305 215 146 958 500 608 480 821 746 468 773 472 454 199 749 389 704 426 333 240 847 660 939 350
493 657 365 224 176 388 210 801 803 895 826 798 730 331 925 277 110 734 805 34 790 792 759 876 409 900 661 963 73 142 576 693 72 557 594 230 865 23 980 88 71 191 167 18 604 662 499 234 32 755 246 412 637 27 932 461 678 649 175 63 913 903 540 669 533 621 244 609
954 385 531 151 105 681 132 290 184 223 647 686 255 31 592 204 91 482 806 346 578 133 140 586 288 658 695 239 830 95 860 959 835 574 791 794 566 516 168 325 180 123 317 332 400 77 386 874 286 590 149 992 523 396 757 981 674 809 639 850 905 632 556 107 988 870
79 404 656 993 477 889 716 25 41 506 894 547 401 203 256 940 457 937 536 321 458 319 135 703 828 549 194 775 395 382 754 116 183 425 827 311 440 623 174 953 951 852 33 416 306 611 640 507 718 19 441 728 654 673 58 263 39 772 929 481 390 886 56 200 323 452 471 641 177 848 615 104
538 7 550 825 901 424 778 356 145 668 216 520 512 928 722 597 503 407 453 883 680 511 763 548 181 304 64 324 119 113 571 103 845 947 345 434 451 853 737 433 694 927 80 665 787 800 517 630 858 952 354 89 935 902 270 965 148 445
873 202 496 891 593 438 418 478 162 907 243 413 546 339 98 567 61 606 614 857 377 667 753 275 544 887 914 99 766 747 584 494 783 509 261 75 707 596 53 880 316 35 362 474 364 739 285 552 984 466 206 238 859 793 724 102 910 219 380 476 545 314
258 602 363 648 24 9 998 751 136 355 717 497 159 359 732 16 187 1 188 968 675 653 822 327 347 298 459 57 813 841 201 562 13 748 560 122 417 295 50 217 521 130 309 736 139 832 666 245 558 36 340 21 682 254 908 679 823 936 487 398 460 530
651 150 228 535 719 645 765 760 831 856 293 221 636 583 475 944 289 884 402 302 575 997 156 86 247 335 310 729 721 752 898 846 373 915 564 706 437 563 173 975 163 738 994 921 456 713 334 610 818 278 911 945 427 361 248 579 912 991 166 999
