5095
877 741 202 164 607 550 212 942 69 81 768 504 403 120 339 343 815 513 60 512 689 675 653 822 327 347 298 459 57 279 28 830 227 250 211 46 8 924 915 564 707 50 325 795 153 541 126 171 500 474 364 58 80 665 787 800 517 630 27 461 330 175 982 303 672 991 166 999
976 155 337 725 573 7 54 141 447 808 220 185 128 267 760 831 497 810 837 733 636 978 950 670 591 986 753 381 972 819 735 449 5 304 142 576 693 846 635 67 767 193 172 844 305 215 62 906 920 694 927 300 334 610 818 278 518 613 254 63 913 90 598 669 333 94 601 358 189
158 30 157 198 657 365 969 125 147 971 726 677 401 686 256 940 359 457 592 3 188 968 884 402 275 140 676 382 710 479 813 66 569 705 119 137 154 840 417 295 271 640 619 12 179 853 737 260 386 307 421 252 287 634 849 390 922 678 649 323 525 542 867 177 394 848 965 660 939 350
444 87 651 431 993 477 889 716 25 41 40 709 420 48 856 255 170 344 583 415 857 377 667 301 881 302 575 997 680 352 658 963 73 771 357 469 72 557 594 230 122 74 209 702 306 696 276 880 309 470 604 874 286 590 764 266 232 108 47 595 945 427 361 850 905 910 501 622 318 241
839 258 602 862 341 224 262 727 854 506 894 547 338 93 159 31 893 926 321 342 633 114 812 446 453 883 664 55 914 99 695 897 505 494 783 2 253 956 581 516 967 869 217 434 451 163 738 235 683 713 285 161 399 758 514 682 859 793 89 871 979 380 476 988 870
76 538 363 492 891 151 762 349 436 781 101 1000 115 851 631 291 520 204 475 45 744 503 407 715 259 872 750 605 743 85 273 548 181 406 315 671 324 835 574 791 794 865 784 712 563 173 528 317 35 515 362 736 139 832 746 468 773 472 941 238 368 65 685 579 912 219 92 970 688 532
79 824 990 955 554 866 508 645 478 162 907 243 502 145 559 977 802 925 277 614 197 430 974 769 578 133 190 22 919 409 900 996 183 425 756 612 779 237 843 953 951 852 845 416 690 292 742 280 38 351 51 642 994 921 378 473 43 269 263 973 100 36 340 21 443 836 952 222 452 471 641 704 659 684 561 348
498 336 37 863 966 589 176 388 210 801 424 463 366 11 896 98 567 61 838 534 585 397 281 797 577 786 887 288 462 450 160 59 95 860 959 628 26 326 616 274 75 371 345 53 20 603 400 186 456 480 448 117 687 599 97 206 384 809 908 679 823 834 426 533 621 244 104
4 408 385 531 774 392 825 901 44 904 803 895 826 798 570 272 892 1 296 928 722 597 814 52 207 544 572 555 484 661 310 729 721 112 623 174 748 489 568 168 596 989 507 718 19 587 788 196 77 608 414 234 627 962 485 182 911 886 56 655 731 724 432 935 902 777 429 960
954 404 656 648 165 467 328 236 957 765 778 356 134 367 624 124 264 15 329 284 379 495 257 391 804 423 879 511 763 239 643 827 311 440 509 261 283 410 130 146 18 83 282 178 39 772 929 481 842 829 888 109 375 714 878 632 556 107 545 985
873 537 383 543 864 438 418 68 782 527 413 546 84 213 216 565 943 699 944 289 486 711 369 143 522 313 156 86 335 483 233 841 201 464 225 934 571 745 947 308 96 191 167 524 376 617 353 739 666 245 558 796 129 932 454 618 916 102 816 936 487 398 314
231 493 150 593 105 681 132 290 184 223 647 490 626 293 221 937 536 110 319 135 703 828 549 194 775 395 961 435 766 747 584 205 833 740 320 373 103 23 152 691 611 521 111 106 441 885 433 673 214 948 552 984 637 858 200 354 785 144 964 82 169 49 820 360 445
868 496 228 882 465 29 510 638 203 127 730 331 732 16 187 91 482 806 346 208 226 42 10 700 582 439 131 251 242 761 620 118 629 566 78 789 437 121 529 975 316 539 654 526 312 662 499 992 523 396 297 981 674 995 248 780 697 270 615 148
138 405 535 719 294 625 6 374 946 580 17 411 606 734 805 34 790 792 759 586 70 754 116 861 64 898 701 551 13 229 909 33 706 652 980 88 71 387 332 958 491 646 370 442 249 698 875 817 372 466 899 987 265 14 639 268 903 540 983 663 931 600 609
588 553 723 770 24 9 998 751 136 355 717 917 668 933 419 458 428 930 393 890 650 644 455 855 876 247 949 799 218 195 488 752 923 562 113 560 192 776 180 123 422 728 692 918 938 821 149 32 755 246 412 757 708 811 299 519 807 199 749 389 720 322 240 847 460 530
