5095
158 30 87 651 656 862 7 54 141 447 212 942 68 782 527 502 145 159 31 893 636 60 512 734 805 34 790 792 759 586 876 247 335 479 439 643 756 357 469 701 551 113 571 122 516 845 702 690 180 123 163 603 885 378 473 662 499 973 287 634 849 842 922 886 56 200 323 248 471 641 720 322 429 960
839 258 538 553 723 770 774 392 808 220 185 44 506 894 547 831 203 256 940 291 344 978 950 197 430 974 769 578 133 190 22 676 961 435 273 813 827 205 705 574 791 953 951 852 209 295 50 712 292 742 280 387 853 235 312 307 421 764 266 232 108 47 595 987 265 14 995 525 785 144 964 501 622 318 241
877 741 202 496 607 550 825 901 128 765 463 366 917 17 592 1 296 45 744 393 890 577 786 455 750 605 462 450 160 59 95 494 783 509 489 745 784 152 371 121 434 308 96 191 920 186 683 214 263 610 818 278 27 932 858 655 731 542 878 82 983 659 684 545 314
976 155 198 531 151 105 681 132 290 162 647 490 626 810 837 331 61 513 3 188 968 675 653 650 644 855 754 116 799 218 195 488 251 242 761 620 118 629 23 33 869 193 410 795 528 179 146 654 260 673 58 739 666 245 100 796 129 941 829 888 809 639 452 903 540 672 270 615 104
79 404 363 648 165 438 418 904 803 895 338 93 255 221 170 606 943 699 689 495 257 391 226 664 55 10 700 582 548 183 425 64 324 833 225 934 635 566 947 345 521 507 718 19 541 400 526 491 43 442 249 285 552 984 297 390 613 859 199 749 432 177 991 970 688 532
4 408 385 990 955 554 866 535 719 645 69 136 355 420 374 413 546 631 216 16 187 329 284 379 884 402 275 140 555 658 763 233 752 959 237 843 373 909 967 652 989 975 51 167 171 77 386 874 286 414 234 39 772 517 630 899 461 981 674 354 268 780 697 935 902 166 999
444 157 150 966 589 262 727 854 184 223 907 638 120 127 84 213 272 565 928 722 597 814 52 207 327 887 914 743 949 483 861 66 923 562 13 229 103 568 168 776 611 111 529 451 317 35 515 362 736 139 832 746 32 755 246 412 637 911 945 427 361 63 913 90 912 394 848 487 398 985
954 336 493 492 891 864 467 328 236 29 781 101 1000 115 946 730 733 411 419 534 585 486 711 369 143 453 883 680 511 766 747 584 771 112 26 320 261 283 78 691 276 173 153 62 332 994 608 713 252 161 399 758 514 384 254 908 679 823 704 936 621 244 189
76 824 37 863 125 147 751 81 768 504 403 826 798 293 937 536 110 319 135 703 828 549 194 775 395 879 70 710 279 28 830 227 612 779 211 46 8 581 915 564 789 306 696 640 106 738 18 456 480 80 698 558 36 340 21 330 368 982 303 632 169 92 240 847 660 939 350
231 602 657 365 24 9 998 478 424 726 677 686 580 343 926 204 342 633 503 881 804 423 382 449 996 239 315 841 201 464 72 557 594 230 924 767 217 563 53 20 38 309 470 474 364 590 149 992 523 396 757 518 454 175 916 905 669 533 820 360 445
498 868 431 383 543 969 508 294 267 778 356 851 896 668 925 277 670 591 986 753 381 972 819 352 484 661 963 73 671 569 835 119 137 154 794 865 75 707 596 980 88 71 215 441 728 692 524 500 646 370 282 178 468 773 472 811 299 519 793 724 102 867 834 426 49 965 460
873 537 573 164 593 889 716 25 41 625 709 717 497 367 624 124 264 892 583 475 944 289 397 281 797 302 575 997 347 298 900 181 304 142 576 693 846 748 560 67 74 706 325 619 12 587 788 83 269 821 665 787 800 929 481 443 238 952 222 89 910 663 600 609
138 405 224 762 349 436 510 243 11 339 98 359 457 815 15 91 482 806 346 208 522 313 919 288 459 57 5 406 311 440 623 174 840 192 416 271 172 844 305 906 539 196 376 617 353 448 117 687 599 97 206 836 807 850 579 219 380 476 561 348
588 341 228 176 388 210 40 6 401 134 559 977 802 933 838 321 458 428 930 114 812 446 822 544 572 156 86 409 85 310 729 721 131 250 740 326 616 274 417 437 880 316 642 958 921 604 918 938 948 875 817 372 466 708 678 649 109 375 714 598 871 816 777 333 94 601 358 148 530
337 725 993 477 882 465 957 801 971 760 48 856 570 567 732 520 614 415 857 377 667 301 407 715 259 872 42 735 99 695 897 505 860 898 628 2 253 956 130 422 351 126 737 433 694 927 300 334 627 962 485 182 682 618 65 685 389 979 556 931 107 988 870
