5095
873 202 862 150 966 589 262 727 854 184 223 647 145 730 331 411 838 321 45 744 986 143 453 883 664 55 914 743 85 273 483 233 771 112 846 794 852 784 776 640 619 12 62 309 400 362 604 874 499 973 100 796 129 708 461 981 674 809 908 679 823 672 394 848 820 360
954 651 431 198 7 864 467 328 236 68 782 527 502 851 580 559 977 802 937 536 458 319 135 703 828 549 194 775 347 298 459 57 183 425 227 923 2 253 956 767 345 521 123 19 587 885 433 83 927 80 149 32 755 246 412 637 911 945 454 254 63 850 905 867 979 556 107 988 870
158 30 408 824 725 573 164 607 141 125 147 478 162 907 638 413 546 339 624 291 565 943 699 689 495 257 391 327 887 879 511 116 799 218 195 488 357 469 237 843 373 74 789 193 410 434 106 317 51 642 235 376 608 480 821 665 787 800 517 630 27 932 238 859 199 749 432 82 270 615 148
976 498 87 537 405 224 762 349 436 904 510 243 120 127 837 733 264 15 428 930 974 769 578 302 575 997 750 605 658 695 897 505 841 201 562 137 154 840 865 209 295 306 652 795 528 179 146 171 736 43 938 414 627 962 485 182 330 807 639 913 90 540 935 902 777 333 240 847 561 348
444 656 341 593 882 465 40 709 717 917 17 61 606 296 342 633 503 407 133 190 22 586 352 754 479 813 827 494 783 509 261 283 915 564 706 596 980 88 71 603 994 617 353 263 992 287 634 758 899 443 682 655 525 303 632 94 600 609
839 231 741 363 990 955 228 535 719 645 751 81 768 504 403 11 896 98 359 216 520 978 534 585 884 402 275 140 42 876 247 766 747 28 756 311 440 623 174 230 745 416 712 172 451 387 853 788 196 312 918 713 249 698 875 817 372 466 514 811 299 519 793 724 102 910 219 92 622 318 241
877 155 337 553 723 770 774 176 388 210 128 781 101 1000 115 134 293 221 893 636 1 950 197 430 114 812 446 208 226 455 855 288 462 450 160 59 142 576 693 620 118 629 924 192 611 989 507 718 422 215 441 728 692 470 186 139 832 764 266 232 108 47 595 987 265 14 354 268 780 871 720 983 663 931 601 358 104
76 336 538 496 54 392 808 220 185 801 424 778 356 826 798 256 668 170 892 3 329 284 379 675 653 522 313 919 10 99 949 279 584 64 324 574 791 229 566 516 845 947 271 173 975 167 491 646 370 282 178 234 523 396 757 858 323 248 389 177 936 487 398 460 530
79 404 493 657 365 969 438 418 957 765 760 831 203 255 124 925 277 614 415 944 289 486 814 52 207 715 259 872 819 735 710 5 304 251 242 761 740 320 953 909 33 869 690 292 130 191 920 260 694 269 300 334 610 818 278 886 56 200 995 89 501 970 688 985
258 385 993 477 889 716 25 41 69 136 355 420 374 946 570 567 732 419 188 968 397 281 797 804 423 676 70 484 661 996 181 406 315 671 250 211 46 8 103 568 168 50 217 111 844 305 351 126 18 921 378 473 662 286 590 746 468 773 472 518 613 175 982 785 144 964 322 429 960 445
138 588 531 554 550 825 901 29 803 895 338 93 631 933 16 187 60 857 377 667 753 381 972 156 86 409 900 763 239 830 95 860 959 835 464 72 557 594 571 122 78 702 437 563 53 20 38 738 673 739 666 245 558 36 340 21 922 384 952 222 452 471 641 704 169 380 476 545 532
157 492 891 151 508 942 44 971 726 677 497 159 343 815 513 204 475 734 805 34 790 792 759 382 335 310 729 721 131 612 779 833 551 113 560 67 23 180 880 332 958 77 456 442 285 552 984 297 678 649 361 731 542 697 816 426 49 965 660 939 350
602 383 543 24 9 998 267 463 366 490 626 810 84 213 272 344 110 670 591 711 369 890 822 644 680 700 582 548 861 66 569 628 26 326 616 274 967 152 691 121 529 153 541 737 683 214 948 39 772 929 481 390 941 836 618 65 685 579 912 991 166 999
4 868 648 165 447 212 294 506 894 547 401 686 940 457 592 583 512 928 722 597 393 301 881 577 786 395 961 435 963 73 205 705 119 13 748 489 951 75 707 696 742 280 316 35 515 524 500 474 364 58 448 117 687 599 97 206 427 368 916 714 598 834 659 684 314
37 863 866 105 681 132 290 625 6 48 856 367 31 926 91 482 806 346 650 544 572 555 449 439 643 752 898 701 225 934 635 581 417 371 325 276 308 96 163 906 539 654 526 386 307 421 252 161 399 849 842 829 888 109 375 903 878 669 533 621 244 189
