5095
76 336 385 363 492 543 151 535 719 645 69 81 768 504 403 338 93 940 359 216 520 512 689 495 257 391 226 455 382 459 116 799 218 195 488 771 357 469 119 13 229 745 416 652 276 173 130 317 51 692 470 694 927 300 665 787 800 929 481 390 941 922 384 109 375 102 834 270 615 104
158 30 408 824 493 657 365 969 262 727 854 801 424 760 831 497 810 17 893 933 15 110 319 135 703 828 549 194 140 586 876 409 900 763 239 830 227 311 440 225 934 261 283 78 271 410 172 451 191 167 654 604 918 214 252 100 796 129 708 443 238 200 995 525 542 878 632 169 380 476 561 348
976 79 651 656 862 341 54 141 125 147 44 971 726 677 401 203 896 802 636 321 91 482 806 346 578 302 575 997 347 298 582 897 59 827 205 211 46 8 566 767 691 989 20 38 728 196 921 378 473 307 421 746 32 755 246 36 340 21 330 323 452 714 598 867 935 902 991 970 688 609
444 87 431 198 553 723 770 774 392 825 901 751 136 778 356 145 159 31 272 606 3 329 284 379 814 52 207 759 961 449 996 181 304 251 324 464 509 635 122 75 702 193 980 507 718 19 587 788 18 312 662 499 875 817 372 97 518 613 175 63 850 905 912 501 49 965 358 314
839 138 405 165 508 942 904 510 638 11 339 98 124 925 277 614 415 45 744 974 769 208 715 259 855 70 710 479 813 671 898 574 791 748 560 67 192 564 437 292 308 96 541 126 362 77 139 713 948 468 773 472 27 461 678 649 952 982 785 144 964 82 426 166 999
4 868 725 990 955 24 9 998 68 782 527 917 293 221 592 204 534 585 675 407 453 883 664 55 914 754 963 73 315 841 201 628 2 253 956 852 784 707 306 712 521 88 71 163 441 642 958 491 646 608 739 764 266 232 108 47 595 981 674 222 65 685 579 663 931 600 532
954 741 202 573 164 607 550 808 220 185 506 894 547 502 946 256 84 213 61 16 187 60 458 428 930 711 369 890 381 972 555 435 5 584 860 959 835 72 557 594 230 924 74 168 50 563 975 920 736 43 938 821 666 245 287 634 297 945 427 361 749 389 219 848 240 847 660 939 350
877 155 337 496 891 593 889 716 25 41 40 6 48 856 255 343 926 978 857 377 667 753 275 544 872 42 10 484 661 310 729 721 756 112 562 113 571 865 417 295 690 844 305 738 524 500 456 480 590 149 992 558 485 182 454 809 908 679 823 177 394 92 684 545 985
498 157 531 554 866 447 212 294 162 907 243 826 798 730 733 732 419 475 944 289 884 402 822 327 887 750 605 462 450 160 505 752 923 740 320 953 951 581 516 967 152 596 121 434 880 316 332 171 186 386 874 286 414 973 161 399 849 682 859 793 303 871 816 936 487 398 460 530
873 538 383 105 681 132 290 184 223 647 120 127 668 815 513 928 722 597 393 301 653 650 644 680 247 335 279 406 95 242 761 620 118 629 789 180 123 422 215 62 906 539 994 683 832 334 627 962 412 637 911 886 56 655 731 724 432 704 777 622 318 241
231 537 37 863 966 589 176 388 210 128 765 463 366 490 626 367 624 170 565 943 699 670 591 986 143 804 423 819 352 658 695 439 643 66 569 705 237 843 373 568 845 947 776 611 106 387 853 400 526 673 442 249 285 552 984 466 932 858 254 199 248 471 641 979 556 107 988 870
588 648 864 467 328 236 29 267 355 717 851 580 559 977 567 411 838 583 950 197 430 114 812 446 577 786 572 156 86 743 85 273 483 233 142 576 693 623 174 489 103 23 209 371 345 53 528 351 35 515 260 617 353 263 610 818 278 206 836 618 89 672 983 659 621 244 189
7 224 438 418 478 803 895 686 631 291 344 734 805 34 790 792 775 395 735 99 57 861 64 250 701 551 137 154 840 915 706 696 111 529 153 309 737 474 364 58 448 117 687 599 758 514 811 299 519 807 639 913 780 697 720 333 94 601 148
258 602 150 228 882 465 957 625 709 420 374 413 546 570 457 937 536 188 968 486 397 281 797 522 313 919 288 700 766 747 28 131 612 779 833 846 794 325 795 742 280 603 885 433 83 269 80 698 523 396 757 842 829 888 368 916 90 540 669 533 820 360 445
404 993 477 762 349 436 781 101 1000 115 134 837 331 264 892 1 296 342 633 503 881 133 190 22 676 879 511 949 548 183 425 494 783 26 326 616 274 909 33 869 217 640 619 12 179 146 235 376 370 282 178 234 39 772 517 630 899 987 265 14 354 268 903 910 322 429 960
