5095
839 30 408 824 725 553 993 477 889 716 25 41 44 904 81 768 504 403 490 626 559 977 343 592 1 415 284 379 884 402 822 644 347 876 247 335 479 813 142 576 693 623 174 229 909 209 702 596 563 53 308 96 316 642 18 673 713 948 875 817 372 466 899 443 384 655 731 724 102 910 94 601 358 148 530
158 155 337 862 492 891 593 105 681 132 290 971 726 677 401 134 17 893 636 943 45 930 114 812 446 275 327 555 743 85 897 59 66 898 574 791 373 852 619 12 179 51 332 736 662 286 499 32 755 246 412 757 206 461 886 56 859 793 303 177 991 970 688 985
877 87 651 431 198 7 54 141 438 418 957 625 6 374 917 255 221 925 277 978 950 670 591 393 890 650 544 572 750 605 658 273 483 233 205 833 846 560 122 967 168 776 410 88 71 317 35 515 654 604 918 938 414 552 984 637 27 238 618 916 905 632 394 92 622 820 360 445
76 336 602 383 543 864 262 727 854 69 136 355 420 48 856 293 937 536 321 458 319 135 703 828 549 194 140 586 70 754 116 799 861 227 841 201 562 934 794 516 707 217 640 20 441 728 788 362 683 214 263 973 161 399 849 941 836 952 222 749 432 834 270 965 460
231 537 37 863 966 589 508 942 68 782 527 686 339 98 567 61 15 534 585 711 369 143 804 423 156 484 661 963 73 671 569 705 237 843 953 568 845 869 652 172 880 215 853 737 433 83 927 80 698 100 796 129 708 945 427 323 452 90 598 867 672 426 333 240 847 660 939 350
976 498 741 496 151 882 465 128 765 463 366 338 93 668 933 419 428 597 503 881 522 313 919 961 435 766 747 28 830 95 494 783 620 118 629 924 75 789 306 696 276 173 975 163 167 524 491 139 832 665 787 800 929 481 518 613 175 982 89 704 501 49 318 241
444 538 657 365 969 125 147 29 803 895 502 851 810 84 213 216 520 583 329 197 430 974 769 578 577 786 887 879 352 710 183 425 827 311 440 72 557 594 230 283 767 345 989 528 603 885 260 312 307 421 746 468 773 472 858 200 807 639 268 780 912 936 487 398 189
4 202 573 164 607 550 808 220 185 801 424 778 356 826 798 256 940 359 457 926 204 699 689 495 257 391 226 872 42 10 99 695 239 643 756 112 225 13 748 489 951 192 295 271 980 130 422 738 994 456 442 764 266 232 108 47 595 987 265 14 354 542 697 935 219 983 659 684 561 348
258 656 990 955 774 762 349 436 781 101 1000 115 946 580 631 124 732 16 187 110 734 805 34 790 381 972 819 735 900 310 218 195 488 357 469 701 551 137 154 840 103 23 33 50 712 292 844 305 587 235 376 617 353 300 252 523 396 297 390 811 299 519 65 685 579 871 720 556 107 988 870
873 493 723 770 467 328 236 751 510 638 11 896 837 733 411 606 296 342 633 814 52 207 775 395 914 462 450 160 505 752 923 628 2 253 956 581 417 416 690 180 123 19 62 309 400 500 646 608 739 666 245 287 634 758 514 682 254 199 913 903 540 979 380 476 545 314
954 404 150 228 535 719 645 184 223 647 413 546 367 31 272 838 614 928 722 744 986 753 133 190 22 680 511 949 279 406 771 324 119 113 571 865 74 947 193 521 507 451 191 920 526 694 480 448 117 687 599 97 981 674 809 908 679 823 902 848 615 532
138 588 341 165 447 212 294 40 709 717 497 570 170 344 475 857 377 667 301 653 792 759 298 459 57 5 584 64 250 740 320 261 121 434 106 541 126 171 474 364 590 149 992 558 36 340 21 922 330 368 525 785 144 964 169 429 960
79 157 363 648 24 9 998 506 894 547 145 159 624 291 565 91 482 806 346 208 715 259 455 855 288 700 763 729 721 315 860 959 835 464 509 635 67 915 564 691 611 795 742 280 38 351 692 470 186 370 282 178 234 39 772 517 630 932 829 888 361 63 850 389 82 322 166 999
385 405 224 176 388 210 267 760 831 203 127 802 815 513 60 512 944 289 486 397 281 797 302 575 997 676 382 449 996 439 131 251 242 761 26 326 616 274 566 78 706 437 718 387 146 958 77 386 874 58 249 285 627 962 485 182 911 678 649 109 375 714 878 669 663 931 600 609
868 531 554 866 392 825 901 478 162 907 243 120 730 331 264 892 3 188 968 675 407 453 883 664 55 86 409 582 548 181 304 612 779 211 46 8 745 784 152 371 325 111 529 153 906 539 196 921 378 473 43 269 821 334 610 818 278 842 454 995 248 471 641 816 777 533 621 244 104
