5095
877 741 202 553 723 891 864 438 418 957 625 6 826 798 570 567 732 16 187 943 699 944 289 486 397 281 797 804 423 555 658 963 73 671 569 628 2 253 956 74 564 869 410 123 19 316 642 958 260 683 442 249 698 875 817 372 466 945 427 618 913 90 964 704 501 970 688 532
976 258 651 431 198 150 593 105 681 132 290 162 907 638 917 668 216 520 583 512 928 722 744 986 753 792 759 855 288 459 57 5 304 142 576 693 620 118 629 283 568 209 702 193 640 619 12 179 853 737 921 312 662 286 499 234 32 755 246 412 297 443 238 859 199 248 780 697 672 777 533 621 244 104
4 868 588 993 477 889 716 25 41 765 760 48 497 730 733 264 892 3 342 633 711 369 143 453 883 664 55 914 484 661 479 439 131 357 469 464 846 230 924 78 152 271 292 130 387 146 235 673 214 948 558 796 129 708 613 952 354 268 903 540 979 333 820 360 445
158 30 87 537 862 648 165 447 212 942 44 506 894 547 831 203 896 837 331 61 513 1 296 689 495 257 391 327 887 605 700 766 747 584 494 783 509 635 865 417 789 596 521 111 844 305 215 728 692 18 378 307 448 117 687 599 97 518 886 56 200 323 749 389 82 848 240 847 999
839 231 157 496 554 866 882 465 68 782 527 946 810 84 213 937 536 321 458 428 597 814 52 207 715 259 680 352 449 310 218 195 488 612 779 833 551 113 571 122 23 33 706 652 980 88 71 38 603 654 500 474 364 263 627 962 485 182 899 987 265 14 995 724 432 902 936 487 398 460 530
873 824 725 573 492 543 141 176 388 210 128 510 243 502 134 559 977 802 592 204 415 284 379 503 881 302 575 997 872 86 409 900 996 181 406 315 841 201 119 13 748 489 951 516 967 168 50 217 563 173 528 422 51 167 171 526 473 43 269 414 39 772 517 630 911 682 809 639 452 471 641 720 983 659 684 314
79 602 363 531 151 392 808 220 185 40 709 717 856 367 624 124 925 277 978 188 968 675 407 522 313 819 70 710 483 233 827 205 705 237 843 261 745 784 707 611 180 106 317 788 196 186 456 480 590 149 992 523 396 757 941 678 649 655 525 303 871 816 426 49 965 660 241
76 337 657 365 224 508 645 751 81 768 504 403 120 255 31 272 419 329 319 135 703 828 549 194 775 395 382 743 582 548 183 425 752 898 740 594 560 75 295 690 795 742 280 541 126 400 77 617 927 80 764 266 232 108 47 595 829 888 361 63 850 102 867 669 663 931 600 609
954 404 656 7 54 125 147 69 136 778 356 338 93 159 343 933 565 950 197 430 114 812 446 577 786 347 298 85 273 813 311 440 225 934 373 852 845 947 437 989 975 191 920 433 604 918 713 178 973 287 634 849 836 254 908 679 823 834 270 615 148
444 538 164 607 550 825 901 184 223 647 490 626 256 940 893 411 838 60 475 734 805 34 790 822 644 455 42 876 247 335 279 28 95 860 959 211 46 8 67 192 776 121 529 153 441 885 376 608 832 252 161 399 758 514 811 299 519 793 89 910 322 429 960
408 385 383 770 774 762 349 436 904 424 463 366 401 686 293 457 815 15 91 482 806 346 578 133 190 22 676 879 735 462 450 160 59 643 66 923 562 137 154 840 909 712 434 308 96 309 470 736 139 421 666 245 100 36 340 21 384 368 982 785 144 912 92 622 318 939 350
138 405 228 535 719 294 781 101 1000 115 851 580 631 636 534 585 884 402 381 972 156 10 99 695 897 505 324 835 574 791 953 103 371 345 507 718 62 906 539 994 491 646 370 938 300 334 610 818 278 842 922 330 175 375 714 598 935 169 991 166 545 985
498 336 990 955 969 262 727 854 801 971 726 677 11 127 221 170 344 110 670 591 393 890 650 544 572 750 754 116 799 861 227 251 242 761 72 557 326 616 274 566 767 691 172 451 163 351 35 515 524 694 353 821 665 787 800 929 481 390 461 981 674 222 65 685 579 219 394 94 601 358 189
155 37 863 966 589 467 328 236 29 267 355 420 374 413 546 339 98 359 291 606 614 45 930 974 769 208 226 586 511 949 239 830 771 112 26 320 794 581 915 416 306 696 53 880 738 386 874 58 739 285 552 984 637 206 454 807 731 542 878 632 380 476 561 348
493 341 24 9 998 478 803 895 145 17 926 857 377 667 301 653 275 140 919 961 435 763 729 721 756 64 250 701 623 174 229 325 276 20 587 332 362 83 282 746 468 773 472 27 932 858 109 916 905 177 556 107 988 870
