5095
839 30 87 651 656 862 7 54 141 125 147 751 803 895 686 127 98 567 61 892 1 296 857 377 667 753 453 883 680 961 435 763 861 771 357 469 551 113 571 122 74 292 20 738 260 694 282 178 234 523 396 297 390 941 886 56 222 248 579 834 777 533 621 244 609
976 79 157 164 607 550 212 942 424 726 677 338 93 631 815 513 614 415 284 379 884 402 275 327 887 750 409 949 963 73 311 440 225 13 229 566 33 271 619 12 387 853 737 378 473 43 269 421 285 627 962 412 637 27 932 829 888 655 731 89 871 816 380 476 189
877 336 602 553 993 477 716 25 41 801 81 101 1000 115 851 256 17 925 277 512 734 805 34 790 792 759 42 735 462 273 813 66 569 701 623 174 261 283 516 416 306 690 980 88 71 38 603 470 491 646 608 832 746 39 772 929 481 987 265 14 995 525 785 144 964 672 556 931 107 988 870
4 824 725 990 955 554 866 882 465 29 625 768 504 403 413 546 940 359 457 937 536 321 458 944 289 486 397 281 797 775 395 382 484 661 996 183 425 612 779 833 509 560 745 784 707 50 217 742 280 126 788 196 83 927 80 665 787 800 517 630 899 836 793 542 697 720 322 166 999
444 404 493 648 165 438 418 957 781 6 374 11 580 570 216 520 342 633 503 881 522 313 819 511 450 160 59 643 756 841 250 211 46 8 67 915 295 193 121 434 106 441 167 18 386 307 499 875 817 372 466 514 238 618 916 714 598 867 219 92 622 820 360
155 496 891 774 392 825 901 69 136 778 356 826 798 559 977 802 933 565 475 928 722 597 814 52 207 715 259 872 55 914 754 116 799 218 195 488 112 72 557 594 230 865 967 702 596 123 728 692 362 77 662 286 263 552 984 758 858 109 375 903 540 669 663 600 532
954 741 37 863 966 447 808 220 185 40 709 420 401 145 730 331 926 583 950 670 591 711 369 890 381 972 156 10 99 695 897 505 752 923 237 843 373 75 691 563 53 844 305 35 235 673 739 666 245 287 634 849 206 454 175 268 780 878 632 169 394 848 684 561 348
408 385 383 770 24 9 998 68 782 527 856 293 221 170 344 978 329 197 430 114 812 446 822 644 347 876 743 85 310 729 721 227 64 201 574 791 953 103 568 845 947 652 989 507 451 317 309 958 921 617 353 821 149 992 558 485 182 911 330 952 354 452 471 641 979 936 318 241
873 537 405 228 535 719 645 478 162 907 243 502 946 159 343 592 943 45 744 393 301 653 650 544 572 555 449 279 28 131 251 242 761 620 118 629 192 168 776 611 795 528 541 885 433 604 874 58 448 117 687 599 97 518 811 299 519 807 199 749 389 704 426 49 965 660 939 350
231 202 363 531 151 105 681 132 290 971 760 48 134 255 264 15 110 319 135 703 828 549 194 140 676 298 459 57 483 233 827 860 898 628 26 326 616 274 852 869 325 276 718 19 587 515 654 500 474 364 414 973 100 796 129 443 384 200 323 724 102 935 902 991 240 847 545 314
158 868 431 573 492 543 969 762 349 436 506 894 547 831 203 339 624 124 732 16 187 3 534 585 675 407 577 786 664 288 710 5 584 205 705 119 137 154 840 909 564 706 712 180 880 215 62 906 539 994 456 480 300 252 161 399 757 842 922 678 649 361 65 685 432 177 333 94 601 358 148
76 588 341 864 262 727 854 44 904 510 638 917 84 213 893 411 838 60 428 930 974 769 208 226 455 855 879 70 658 766 747 406 315 671 324 835 464 846 748 489 951 581 23 209 345 521 111 308 96 163 351 51 332 171 526 312 918 214 948 468 773 472 461 981 674 809 639 850 905 82 270 615 104
258 538 150 593 889 467 328 236 128 267 355 717 497 810 837 733 636 204 699 689 495 257 391 804 423 919 605 247 335 479 439 95 494 783 2 253 956 767 371 410 172 153 191 920 736 139 713 249 698 32 755 246 36 340 21 682 368 982 303 910 501 970 688 985
498 337 657 365 224 176 388 210 184 223 647 490 626 896 668 291 606 91 482 806 346 578 133 190 22 586 86 700 582 548 181 304 142 576 693 740 320 794 417 789 696 529 975 179 642 524 376 370 938 590 764 266 232 108 47 595 613 859 63 913 90 912 983 659 487 398 460 530
138 198 723 589 508 294 765 463 366 120 367 31 272 419 188 968 986 143 302 575 997 352 900 239 830 959 562 934 635 924 78 152 437 640 173 130 422 316 146 400 186 683 442 334 610 818 278 708 945 427 254 908 679 823 429 960 445
