18444
185 113 424 204 318 54 261 106 133 211 351 61 447 282 288 446 151 331 377 8 329 269 145 173 422 414 364 105 187 325 63 404 257 245 215 67 254 130 36 386 183 3 20 4 5 270 19 107 239 55 172 448
287 259 452 51 164 359 486 491 419 194 70 75 291 412 372 417 217 476 65 462 188 406 99 418 15 398 214 471 111 401 327 392 429 262 72 190 230 238 488 355 319 445 195 480 431 258 423 52 273 413 171 146 58 394 100 295
158 11 368 129 103 98 335 88 370 253 181 135 82 212 44 243 122 415 410 290 62 34 157 222 482 454 32 120 485 356 7 76 144 246 408 450 333 13 209 96 115 310 274 309 314 161 235 147 89 439
265 284 477 242 108 420 463 140 478 494 387 492 221 436 332 45 22 71 176 118 379 91 367 226 155 160 434 430 347 435 375 244 216 46 264 48 182 403 343 307 167 275 441 323 358 175 470 475 150
277 29 64 341 293 84 60 361 142 200 425 489 74 128 35 487 316 42 390 37 388 247 41 193 141 197 26 138 321 232 152 499 304 302 281 202 380 192 346 362 149 280 248 6 484 21 191 77 39 384 339 95
308 180 199 395 350 311 92 40 224 389 27 294 272 385 87 12 228 497 495 127 227 433 184 279 437 240 9 344 456 442 493 313 210 90 83 472 220 249 334 365 132 112 416 177 268 426 371 285 166 440
17 136 80 18 298 453 500 289 278 336 399 125 263 382 449 338 260 496 312 342 481 468 162 469 233 352 68 337 123 271 79 428 252 354 363 479 179 104 432 81 119 53 457 369 402 23
474 69 330 102 397 168 170 153 320 33 345 498 283 139 117 57 16 465 213 348 315 317 14 241 427 73 299 250 206 50 490 137 421 378 10 473 109 444 326 126 297 383 114 391 49 349 205
143 85 373 219 409 121 300 38 396 110 322 189 156 483 47 131 25 459 148 97 376 159 324 256 30 59 1 467 443 116 94 154 225 31 198 124 301 231 393 286 455 357 461 178 101 2
255 203 328 234 165 134 366 306 66 174 303 218 292 458 360 229 186 28 78 208 196 400 201 411 407 223 43 305 374 451 353 296 24 460 405 381 276 266 466 340 251 86 236 464 237 163 207 169 93 267 438 56
