18435
474 69 330 102 397 261 106 133 211 387 447 282 288 446 186 390 459 415 196 400 201 411 315 317 401 321 240 9 344 353 296 24 460 405 381 210 192 246 408 48 182 198 124 301 484 21 191 77 39 391 235 100 295
185 113 29 64 341 293 54 486 306 66 174 303 218 221 436 332 45 22 151 28 122 99 418 8 329 226 155 214 111 482 327 392 429 262 72 190 230 202 380 83 472 220 252 403 209 96 231 393 286 455 171 146 58 384 402 23
287 259 452 242 108 420 121 300 38 396 370 253 322 189 156 483 47 71 176 87 12 228 91 449 41 193 407 342 256 241 427 73 299 250 206 50 490 245 276 450 333 13 149 280 248 6 464 237 413 309 314 161 49 349 150
265 284 477 199 395 359 350 311 92 200 425 291 412 372 417 217 117 243 57 379 410 247 398 213 227 433 222 14 481 468 162 375 244 216 46 264 313 90 355 319 445 249 354 363 479 179 104 432 163 207 169 93 267 101 147 205
158 11 368 129 103 98 491 419 351 224 75 292 458 360 229 476 25 78 208 148 338 260 496 471 184 279 430 454 32 120 485 356 7 215 378 195 480 431 275 441 268 426 371 438 56
308 180 318 298 453 500 40 278 345 399 125 316 42 367 269 145 173 141 223 347 435 469 233 352 68 337 123 137 421 346 362 10 343 307 167 326 126 297 383 175 55 166 448
143 85 373 219 409 60 361 142 110 489 74 128 35 487 263 37 388 290 62 34 157 434 437 374 451 63 404 257 271 254 130 334 365 132 112 416 177 323 358 114 470 475 339 95
277 424 204 80 18 164 463 140 478 494 33 70 181 135 82 212 44 65 462 188 382 15 97 376 422 312 324 43 30 59 1 467 443 116 94 144 79 428 251 86 236 258 423 4 5 357 461 178 394 89 439
17 136 51 84 366 335 88 194 492 389 27 294 131 118 377 16 465 160 197 414 232 152 499 456 442 493 76 67 154 225 31 473 109 444 115 310 274 81 119 53 457 172 440
255 203 328 234 165 134 168 170 153 320 289 61 336 498 283 139 272 385 331 406 497 495 127 348 159 26 138 364 305 105 187 325 304 302 281 238 488 266 466 340 36 386 183 3 20 52 273 270 19 107 239 285 369 2
