18459
185 113 29 64 341 293 397 168 170 153 320 194 492 221 436 332 45 22 476 65 462 12 228 91 290 62 34 214 471 184 197 482 138 364 305 435 375 299 250 206 50 490 238 488 266 466 340 473 109 444 115 310 274 163 119 207 161 49 89
158 11 368 129 103 98 491 419 351 61 218 292 458 360 229 272 390 87 122 415 8 329 226 155 160 422 317 481 241 427 73 233 352 68 337 123 94 144 83 472 220 252 403 209 96 112 416 177 81 169 93 267 101 147 56
277 424 204 318 54 486 335 88 40 224 345 27 294 131 385 331 406 410 247 41 193 315 26 232 32 120 304 302 281 202 380 192 246 428 334 365 132 326 126 297 383 39 457 369 95
287 259 452 242 108 420 121 300 38 396 289 33 110 336 399 125 217 117 118 379 15 398 227 433 222 14 43 30 59 1 467 443 116 313 210 79 48 182 36 386 183 3 20 52 273 357 53 58 394 100 295
255 203 328 234 165 134 453 500 370 253 389 282 288 446 186 243 459 497 495 127 348 324 347 152 499 456 442 493 76 421 154 225 31 198 124 301 231 393 286 455 323 358 175 470 475 402 440
143 85 51 164 359 350 311 92 200 75 291 412 372 417 42 25 188 57 99 418 400 201 411 407 434 401 327 392 429 262 72 190 230 271 254 130 251 86 236 275 441 268 426 371 55 349 2
17 136 80 18 298 366 306 66 174 303 425 489 74 128 35 487 316 151 37 388 148 97 376 312 342 414 321 240 9 344 485 356 7 245 90 355 319 445 249 195 480 431 258 104 432 171 146 314 339 448 23
265 284 477 199 395 463 140 478 494 387 322 189 156 483 47 71 176 377 196 367 269 145 173 279 454 105 187 325 63 404 257 137 346 362 343 307 167 484 21 191 77 114 391 384 150
308 180 373 219 409 261 106 133 211 278 447 498 283 139 263 28 382 208 16 465 213 157 111 430 256 468 162 469 244 216 46 264 381 215 67 450 333 13 149 280 248 6 423 4 5 270 19 107 239 285 166 439
474 69 330 102 84 60 361 142 70 181 135 82 212 44 78 449 338 260 496 141 159 223 437 374 451 353 296 24 460 405 276 408 378 10 354 363 479 179 464 237 413 309 461 178 235 438 172 205
