18435
158 11 368 129 103 261 140 478 494 33 70 75 292 458 360 229 71 176 459 415 8 329 269 145 173 141 222 14 481 468 162 469 233 352 68 337 123 313 210 79 48 182 149 280 248 6 484 21 191 77 39 391 147 448 23
287 259 452 51 84 60 361 142 61 336 498 283 139 263 25 28 406 99 418 91 449 41 411 315 317 414 435 375 244 216 46 264 238 488 450 333 13 209 96 231 393 286 455 357 461 178 394 100 295
277 424 204 80 18 164 359 350 306 66 174 303 492 345 399 125 217 476 65 382 367 226 155 214 407 342 454 105 187 325 63 404 257 76 421 346 362 10 354 363 479 179 464 237 81 119 53 457 349 439
255 203 328 234 165 134 168 106 133 211 370 253 181 135 82 212 44 390 87 12 228 148 338 260 348 422 324 437 232 427 73 299 250 206 50 490 245 90 428 36 386 183 3 20 4 5 270 19 107 239 55 166 402 2
265 284 477 199 395 366 311 92 40 224 322 189 156 483 47 131 118 379 196 400 201 160 312 223 138 364 305 374 451 485 356 7 381 215 67 254 130 198 124 301 115 310 274 297 383 114 267 369
185 143 85 242 108 420 463 335 88 194 389 27 294 272 385 243 331 377 388 16 465 193 111 482 256 30 59 1 467 443 116 154 225 31 473 109 444 326 126 171 146 58 235 172 205
17 136 373 219 409 486 491 419 351 110 447 282 288 446 117 78 208 497 495 127 227 471 159 434 401 327 392 429 262 72 190 230 271 192 408 378 252 334 365 132 258 104 432 163 207 169 93 285 384 339 89 440
474 69 330 102 397 98 170 153 320 289 278 218 291 412 372 417 42 462 188 57 410 290 62 34 496 184 279 43 241 32 120 304 302 281 202 380 266 466 340 195 480 431 423 52 273 413 309 314 161 475 56
113 29 64 341 293 54 121 300 38 396 387 425 489 74 128 35 487 316 186 37 247 398 213 157 430 321 240 9 344 456 442 493 137 94 144 246 355 319 445 249 251 86 236 112 416 177 268 426 371 101 438 95
308 180 318 298 453 500 200 221 436 332 45 22 151 122 15 97 376 433 197 26 347 152 499 353 296 24 460 405 276 83 472 220 403 343 307 167 275 441 323 358 175 470 49 150
