18450
185 113 424 204 373 219 409 486 491 419 351 61 389 282 288 446 117 28 78 99 418 15 97 376 315 317 414 347 32 120 456 442 493 137 94 192 154 225 31 195 480 431 258 104 432 81 169 93 55 166 402 2
308 180 318 54 261 106 133 211 370 221 436 332 45 22 186 188 406 91 148 338 496 407 197 437 321 240 9 344 353 296 24 460 405 381 215 67 408 450 333 13 149 280 248 6 326 126 357 53 58 394 89 23
255 203 328 234 165 134 168 170 153 320 289 200 75 291 412 372 417 217 476 65 57 16 465 193 433 223 256 30 59 1 467 443 116 313 210 276 346 362 252 403 209 96 231 393 286 455 171 146 314 475 339 150
287 259 452 242 108 420 121 300 38 396 40 278 181 135 82 212 44 390 37 379 290 62 34 214 141 111 401 327 392 429 262 485 356 7 76 144 246 48 182 334 365 124 301 112 416 177 268 426 371 267 369 95
277 29 64 341 293 84 60 361 142 253 292 458 360 229 71 176 118 122 388 367 269 145 173 159 324 481 468 162 469 233 352 68 337 123 271 79 428 473 109 444 275 441 323 358 175 470 101 172 448
17 136 80 18 298 453 500 194 218 322 189 156 483 47 131 385 243 331 377 410 247 398 213 348 434 482 454 105 187 325 63 404 257 245 90 355 319 10 343 307 167 484 21 191 77 114 391 235 349 295
158 11 368 129 103 98 306 66 174 303 492 425 489 74 128 35 487 272 462 415 196 400 201 411 471 184 279 430 138 364 305 435 375 244 216 46 264 421 83 472 220 445 249 354 363 479 179 464 237 163 119 207 239 285 384 56
265 284 477 199 395 463 140 478 494 387 70 345 27 294 263 459 497 495 127 227 312 342 14 232 152 499 304 302 281 202 380 254 130 36 386 183 3 20 52 273 413 309 461 178 438 205
143 85 51 164 359 350 335 88 33 224 336 399 125 316 42 25 87 12 228 8 329 226 155 157 222 43 241 427 73 299 250 206 50 490 238 488 378 251 86 236 115 310 274 297 383 39 457 147 439
474 69 330 102 397 366 311 92 110 447 498 283 139 151 382 208 449 41 260 160 422 26 374 451 72 190 230 266 466 340 198 132 423 4 5 270 19 107 161 49 100 440
