18435
185 113 424 204 80 18 298 453 500 253 447 282 288 446 117 390 37 410 290 62 34 496 422 197 43 241 32 120 456 442 493 245 276 83 472 220 403 343 307 167 275 441 357 461 178 101 349 439
265 284 477 199 395 486 300 38 396 289 278 345 399 125 217 476 118 122 415 388 16 465 214 141 222 26 481 468 162 469 244 216 46 264 238 488 408 378 252 473 109 444 115 310 274 81 119 53 58 394 147 95
158 11 368 129 103 168 491 419 351 224 322 189 156 483 47 131 459 379 196 367 226 155 157 324 327 392 429 262 72 190 230 76 346 362 354 363 479 179 104 432 171 146 470 475 150
287 259 452 242 108 420 463 140 478 494 387 492 425 291 412 372 417 42 12 228 15 97 376 312 223 482 454 105 187 325 63 404 257 137 94 144 355 319 445 249 195 480 431 258 423 52 273 413 163 207 169 93 384 56
255 203 328 234 165 134 366 306 66 174 303 389 27 294 272 385 28 78 208 449 41 193 407 430 30 59 1 467 443 116 313 79 48 182 251 86 236 20 4 5 309 314 161 49 339 448 23
474 69 330 51 164 359 350 311 92 40 61 218 221 436 332 45 22 186 243 331 406 91 148 338 260 160 471 159 434 414 347 152 499 304 302 281 271 254 130 36 386 183 3 464 237 270 19 107 239 285 369 205
277 29 64 341 293 84 60 361 142 200 181 135 82 212 151 87 377 99 418 497 495 127 227 111 401 364 305 374 451 353 296 24 460 405 381 215 67 246 428 10 209 96 484 21 191 77 114 391 235 89 2
17 136 373 219 409 121 335 88 33 110 489 74 128 35 487 316 44 65 462 188 57 8 329 269 145 173 433 342 14 138 321 232 427 73 233 352 68 337 123 421 154 225 31 198 124 301 112 416 177 268 426 371 267 438 172 295
143 85 102 397 98 170 153 320 194 70 75 292 458 360 229 71 176 400 201 411 315 317 437 240 9 344 485 356 7 202 210 90 266 466 340 334 365 132 231 393 286 455 323 358 175 55 166 402
308 180 318 54 261 106 133 211 370 336 498 283 139 263 25 382 247 398 213 348 184 279 256 435 375 299 250 206 50 490 380 192 450 333 13 149 280 248 6 326 126 297 383 39 457 100 440
