18435
185 113 424 204 199 395 359 350 306 66 174 303 218 221 436 332 45 22 476 65 462 57 388 148 338 227 315 197 26 481 32 120 485 356 7 76 254 130 473 109 444 275 441 323 358 175 470 49 100 295
308 180 318 54 121 311 92 40 278 292 458 360 229 272 385 331 377 99 418 497 495 127 348 422 184 279 430 454 105 187 325 63 404 257 313 210 276 355 319 249 354 363 479 179 464 237 297 383 39 391 475 95
277 29 64 341 293 397 98 170 153 320 194 492 389 27 294 263 390 87 12 228 15 97 376 240 9 344 296 24 460 405 381 79 428 10 251 86 236 104 432 171 146 457 349 23
158 11 368 129 103 486 300 38 396 289 33 110 447 282 288 446 117 28 406 196 367 269 145 173 407 342 256 468 162 469 233 352 68 337 123 271 192 346 362 31 198 124 301 112 416 177 268 426 371 285 166 56
143 85 373 219 409 261 106 133 211 200 75 291 412 372 417 186 37 400 201 411 324 43 241 427 73 299 250 206 50 490 215 67 83 472 220 445 334 365 132 231 393 286 455 357 461 178 235 339 205
265 284 477 242 108 420 366 335 88 370 336 399 125 217 131 382 410 247 398 213 157 222 414 347 435 375 244 216 46 264 238 488 378 252 403 209 96 115 310 274 309 314 161 384 402 440
287 259 452 51 164 463 140 478 494 387 70 345 498 283 139 151 78 208 91 449 41 260 160 471 159 317 14 138 364 305 30 59 1 467 443 116 380 154 225 343 307 167 326 126 81 119 53 58 394 147 150
255 203 328 234 165 134 168 491 419 351 253 322 189 156 483 47 71 176 118 122 290 62 34 496 312 223 437 374 451 304 302 281 137 94 90 450 333 13 149 280 248 6 484 21 191 77 114 267 101 438 172 448
17 136 80 18 298 453 500 224 425 489 74 128 35 487 316 42 25 188 379 16 465 193 141 111 401 321 232 152 499 353 456 442 493 245 144 246 408 48 182 36 386 183 3 20 4 5 270 19 107 239 369 2
474 69 330 102 84 60 361 142 61 181 135 82 212 44 243 459 415 8 329 226 155 214 433 434 482 327 392 429 262 72 190 230 202 421 266 466 340 195 480 431 258 423 52 273 413 163 207 169 93 55 89 439
