18435
287 259 452 51 164 486 300 38 396 303 389 282 288 446 151 28 122 8 329 226 155 160 422 184 324 138 321 240 9 344 456 442 493 245 215 67 154 225 31 198 124 301 112 416 177 268 426 371 55 150
158 11 368 129 103 366 311 92 40 278 447 498 283 139 263 188 382 379 15 97 376 312 26 347 32 120 304 302 281 202 381 276 83 472 220 445 473 109 444 326 126 297 383 114 391 394 100 2
185 474 69 330 102 397 98 491 419 351 224 345 399 125 217 476 65 462 406 99 290 62 34 496 471 407 342 14 481 232 435 469 244 216 46 264 144 246 428 249 251 86 236 258 423 4 5 357 461 178 235 349 295
277 424 204 318 54 121 306 66 174 110 291 412 372 417 42 25 57 410 247 398 213 348 434 43 241 427 73 233 352 68 337 123 137 94 79 48 182 195 480 431 484 21 191 77 39 457 369 95
17 136 80 18 298 453 500 370 253 322 189 156 483 47 71 176 37 388 367 269 145 173 315 197 430 454 152 499 353 296 24 460 405 450 333 13 149 280 248 6 104 432 81 119 53 58 147 448
265 284 477 199 395 359 350 335 88 194 70 75 292 458 360 229 131 385 87 12 228 497 495 127 227 433 222 437 374 451 72 190 230 380 192 408 378 252 334 365 132 115 310 274 309 314 161 49 339 402 440
255 203 328 234 165 134 168 170 153 320 289 33 492 425 489 74 128 35 487 316 44 118 415 196 400 201 411 279 482 327 392 429 262 485 356 7 76 421 346 362 403 209 96 231 393 286 455 163 207 169 93 267 101 438 172 205
143 85 242 108 420 463 140 478 494 200 181 135 82 212 272 243 331 377 449 41 260 157 111 401 364 305 30 59 1 467 443 116 313 210 90 254 130 36 386 183 3 20 52 273 413 171 146 384 439
308 180 373 219 409 261 106 133 211 387 336 27 294 117 390 459 208 91 148 338 193 141 159 317 256 105 187 325 63 404 257 271 355 319 10 343 307 167 275 441 323 358 175 470 475 89 23
113 29 64 341 293 84 60 361 142 61 218 221 436 332 45 22 186 78 418 16 465 214 223 414 468 162 375 299 250 206 50 490 238 488 266 466 340 354 363 479 179 464 237 270 19 107 239 285 166 56
