18435
113 424 204 80 18 298 453 500 492 425 291 412 372 417 42 25 188 382 208 91 148 338 193 433 434 430 256 468 162 375 244 216 46 264 238 488 154 225 31 473 109 444 231 393 286 455 323 358 175 470 49 349 295
308 180 318 54 121 300 38 396 289 200 389 282 288 446 131 385 243 331 377 497 495 127 227 422 312 342 14 481 241 32 120 304 302 281 271 254 130 354 363 479 179 104 432 163 207 169 93 394 448 23
277 29 64 341 293 397 98 170 153 320 194 70 447 498 283 139 272 462 57 99 418 15 97 376 315 317 401 364 305 374 451 485 356 7 76 421 346 362 249 334 365 124 301 112 416 177 81 119 53 58 384 150
158 11 368 129 103 463 140 478 494 387 75 292 458 360 229 476 65 78 400 201 411 111 482 454 105 187 325 63 404 257 245 355 319 445 343 307 167 484 21 191 77 114 55 166 56
185 143 85 373 219 409 261 335 88 33 110 345 27 294 186 390 37 388 16 465 214 159 223 437 321 232 427 73 299 250 206 50 490 137 94 144 246 450 333 13 149 280 248 6 326 126 357 461 178 235 438 172 205
255 203 328 234 165 134 168 106 133 211 370 253 489 74 128 35 487 316 263 118 122 415 410 247 398 213 348 26 327 152 499 456 442 493 215 67 83 472 220 252 198 132 258 423 52 273 270 19 107 239 285 402
287 259 452 242 108 420 366 311 92 40 61 218 221 436 332 45 22 151 228 449 41 260 496 141 184 279 43 30 59 1 467 443 116 381 276 428 403 209 96 275 441 268 426 371 267 369 440
474 69 330 51 164 350 306 66 174 303 336 399 125 217 117 28 406 367 269 145 173 471 222 414 347 435 469 233 352 68 337 123 313 90 266 466 340 195 480 431 464 237 413 171 146 457 100 2
17 136 102 84 60 361 142 278 181 135 82 212 44 87 12 379 8 329 226 155 160 197 240 9 344 353 296 24 460 405 210 79 48 182 36 386 183 3 20 4 5 309 314 161 101 147 89 439
265 284 477 199 395 359 486 491 419 351 224 322 189 156 483 47 71 176 459 196 290 62 34 157 407 324 138 392 429 262 72 190 230 202 380 192 408 378 10 251 86 236 115 310 274 297 383 39 391 475 339 95
