18444
265 284 477 199 395 359 121 300 38 396 289 33 110 322 189 156 483 47 151 28 406 410 290 62 34 227 422 279 14 138 232 32 120 485 356 7 202 381 215 67 246 355 319 445 249 195 480 431 484 21 191 77 114 49 439
255 203 328 234 165 134 168 306 66 174 303 75 291 412 372 417 217 186 78 99 418 449 338 193 141 111 430 347 152 499 353 296 24 460 405 245 144 79 48 182 149 280 248 6 423 52 273 171 146 58 394 147 89
185 474 69 330 51 164 261 106 133 211 387 492 425 489 74 128 35 487 71 176 57 379 247 41 260 496 407 434 437 321 392 429 262 72 190 230 380 192 266 466 340 334 365 132 112 416 177 357 461 178 384 56
17 136 373 219 409 350 335 88 370 253 389 27 294 263 462 188 382 208 16 465 214 315 197 401 374 451 456 442 493 271 428 403 209 96 258 104 432 81 119 53 457 369 440
287 259 452 242 108 420 366 311 92 40 278 336 399 125 316 42 331 377 15 398 213 157 433 223 43 241 427 73 233 352 68 337 123 94 154 225 31 198 124 301 231 393 286 455 323 358 175 470 101 438 172 448 23
308 180 318 54 486 491 419 194 70 181 135 82 212 44 118 122 91 148 226 155 160 471 184 324 454 105 187 325 63 404 257 76 488 408 378 252 354 363 479 179 464 237 413 163 207 169 93 285 205
277 29 64 341 293 397 463 140 478 494 200 345 498 283 139 117 243 459 8 329 269 145 173 317 256 240 9 344 304 302 281 137 210 276 254 130 251 86 236 275 441 268 426 371 267 349 150
113 424 204 80 18 298 453 500 351 61 218 292 458 360 229 272 25 228 497 495 127 348 312 342 414 327 435 375 299 250 206 50 490 238 83 472 220 36 386 183 3 20 4 5 270 19 107 239 55 166 402 2
143 85 102 84 60 361 142 224 447 282 288 446 131 385 390 87 12 415 196 400 201 411 159 482 364 305 30 59 1 467 443 116 313 90 346 362 10 343 307 167 326 126 297 383 39 391 235 100 295
158 11 368 129 103 98 170 153 320 221 436 332 45 22 476 65 37 388 367 97 376 222 26 481 468 162 469 244 216 46 264 421 450 333 13 473 109 444 115 310 274 309 314 161 475 339 95
