13090
61 660 93 522 318 426 554 131 141 177 125 612 79 235 515 10 155 45 441 173 279 269 379 312 454 511 339 428 437 694 291 60 624 582 167 409 506 58 497 544 695 510 240 333 685 74 610 205 294 85 147 680 404 467 359 254 498 214 1 113 519
564 316 367 139 681 398 152 549 679 648 284 552 450 164 469 561 651 431 383 380 514 637 463 135 378 534 75 440 322 288 677 618 603 219 321 594 517 260 157 475 236 390 673 181 37 114 189 636 571 128 466 99 39 580 196 156 670 499 452 678 599
653 586 277 656 215 87 66 116 302 122 88 105 592 551 545 655 448 103 194 614 635 187 136 327 461 301 512 11 309 445 420 29 414 366 168 353 688 54 64 495 143 399 70 241 62 376 600 313 119 84 457 78 438 57 184 591 400 429
460 609 389 597 665 629 144 491 417 432 140 307 274 615 287 387 300 696 178 59 539 368 516 352 430 104 386 631 81 344 4 698 252 403 518 73 32 546 192 244 700 317 21 447 331 472 374 462 326 193 232 86 536 280 642 101 424 358 185 501 34 211 489
225 652 604 567 590 408 237 351 212 234 354 626 613 407 372 488 634 16 645 210 449 278 630 473 253 365 487 384 533 482 402 547 529 89 639 657 229 106 364 528 662 285 202 574 572 573 206 578 395 7 94 627 323 410 298 553 296
588 304 197 587 650 559 336 121 48 504 494 248 620 226 493 330 180 548 619 95 654 111 14 127 92 401 658 283 239 453 369 42 371 682 63 451 689 129 509 360 31 138 563 649 218 370 388 568 396 46 320 102 513 406 569 176 289 535 456 166
577 357 667 543 44 165 338 606 55 268 199 19 483 465 231 223 49 607 303 310 505 503 382 133 100 258 308 341 83 581 459 233 292 201 220 203 90 562 675 641 71 224 123 421 191 222 137 154 142 425 8 638 520 595
693 130 565 527 76 72 9 273 623 583 145 523 405 334 419 343 282 526 611 355 393 335 200 319 361 485 110 204 249 570 579 186 598 556 238 492 687 207 500 243 65 385 51 295 228 362 674 82 2 120 182 342 6 540 118 691 50
314 38 209 542 329 251 286 153 643 479 566 150 585 265 80 247 126 96 350 230 257 163 699 91 666 415 24 558 690 297 697 418 507 23 25 347 538 373 43 375 198 663 97 53 271 532 391 259 560 672 28 625 275 246 20 77 596
381 608 264 423 605 175 216 640 149 686 3 346 632 550 242 306 13 151 281 411 602 480 471 52 33 416 444 332 179 325 477 646 508 377 468 464 117 267 458 68 98 132 659 412 486 671 256 26 442 446 5 537 692 293 188
337 584 433 315 290 427 683 148 541 36 183 17 18 661 575 392 521 413 328 47 266 159 455 30 664 261 245 40 35 676 436 69 478 576 589 270 15 56 208 435 255 476 67 525 340 171 109 496 555 107 115 272 669 363 227 324 470 349
263 601 684 162 170 195 213 593 112 628 172 276 108 439 250 490 557 530 422 299 27 397 348 644 217 443 124 190 262 41 356 633 502 158 616 617 134 524 311 174 160 12 484 22 622 621 531 169 161 647 394 345 221 474 668 146 434 481 305
