13174
577 38 264 72 9 338 149 504 494 248 268 405 334 419 548 413 328 611 355 393 335 200 133 91 11 309 445 420 29 414 292 158 616 129 639 657 317 21 458 68 98 12 484 326 147 206 578 107 457 513 406 156 246 20 77 596
564 314 304 197 554 131 141 640 79 235 523 226 493 354 448 103 194 614 635 269 607 303 352 430 104 386 278 485 110 676 436 69 366 482 402 547 375 240 333 685 37 364 331 472 294 22 412 228 362 256 82 2 39 467 627 438 57 184 591 400 429
460 693 130 565 527 587 650 559 148 541 36 183 17 387 566 150 585 265 80 247 49 47 266 350 602 135 378 283 416 40 35 204 249 570 579 533 576 589 270 192 562 675 138 563 649 385 51 555 536 395 101 345 254 5 289 535 188
588 93 522 318 315 290 427 336 237 302 122 88 628 551 545 300 696 282 526 368 516 327 159 480 471 699 322 288 677 618 603 219 321 518 73 32 373 468 464 509 360 476 67 525 218 370 388 313 119 259 560 7 272 669 474 668 146 298 553 296
263 601 684 423 398 542 329 273 606 307 274 615 287 469 330 180 343 557 306 13 530 422 299 230 257 163 512 440 60 624 582 167 409 201 220 203 260 255 31 97 53 528 662 285 374 600 496 191 486 466 102 672 580 182 569 176 537 692 113 519
337 584 209 681 162 549 683 417 432 140 55 10 643 479 483 441 407 372 488 634 16 645 210 534 319 258 245 444 332 179 698 252 403 168 353 688 54 510 495 143 447 160 224 123 85 193 531 46 320 26 342 221 410 8 638 520 595
61 609 389 426 76 665 629 679 648 48 552 450 592 561 45 465 231 223 187 136 461 301 52 261 630 666 415 24 558 690 297 697 418 507 186 598 556 238 492 157 198 663 106 71 205 202 462 295 232 86 280 154 446 142 425 118 691 50
660 357 667 567 590 165 177 125 612 286 153 155 655 242 173 279 379 312 454 511 339 428 75 437 694 631 473 253 365 487 384 502 451 689 695 56 208 475 236 390 673 181 641 271 532 391 621 671 680 642 424 323 670 499 452 678 599
653 586 433 543 152 408 116 623 583 145 105 346 632 550 626 613 619 95 654 111 14 127 92 401 658 644 217 81 344 4 325 477 646 25 347 538 43 617 134 524 311 74 70 241 189 636 571 128 84 404 78 625 275 498 214 1 293 456 166
316 367 277 652 604 87 216 121 284 686 3 515 620 199 19 651 431 383 380 126 96 310 463 455 30 382 33 361 443 124 190 262 41 356 633 23 506 58 497 544 64 687 207 399 174 114 62 376 421 572 573 222 137 647 120 115 28 363 227 324 470 349
225 656 215 44 66 251 351 212 164 234 172 276 108 439 250 514 637 27 397 348 449 239 453 369 42 371 682 63 594 517 546 529 89 435 117 267 500 243 65 132 659 109 568 396 674 99 394 94 359 358 185 501 34 211 489
381 608 139 597 605 175 144 491 170 195 213 593 112 18 661 575 392 521 178 59 539 490 151 281 411 505 503 664 100 291 308 341 83 581 459 233 478 508 377 15 90 244 700 229 610 340 171 574 622 169 161 442 196 6 540 434 481 305
