13090
61 337 584 652 604 567 290 427 216 640 623 122 88 105 287 469 354 431 383 178 59 539 368 516 352 430 104 386 217 444 332 179 249 570 579 186 598 556 468 464 639 657 229 641 65 12 484 496 191 228 674 560 39 442 196 6 540 434 481 305
564 316 367 264 423 398 72 9 408 237 541 504 494 248 628 551 561 483 465 279 269 379 312 454 511 339 428 75 437 91 288 677 618 698 252 403 576 589 270 546 529 89 435 255 476 458 68 243 528 662 285 202 571 128 107 457 580 359 438 57 118 691 50
460 609 277 656 543 152 549 683 148 302 686 3 515 620 346 632 550 242 173 380 126 96 310 463 455 163 699 630 453 369 42 371 682 63 594 517 238 192 134 524 311 67 525 340 171 109 295 84 404 78 358 185 501 34 211 489
381 93 522 318 426 590 175 679 648 284 36 183 17 164 234 172 276 108 439 250 514 637 230 257 30 52 261 416 60 624 582 487 384 533 518 73 32 492 157 562 675 138 610 98 271 532 391 671 169 99 467 569 176 537 692 113 519
588 38 209 215 554 131 329 273 432 140 307 274 450 18 661 45 585 407 372 488 634 602 135 378 534 33 258 666 415 24 558 690 297 697 418 507 23 506 58 497 544 695 56 208 198 663 106 71 385 51 85 193 531 222 137 647 120 28 363 227 324 470 349
263 357 667 587 650 559 336 338 149 351 212 199 19 651 448 103 619 95 654 111 14 127 27 397 348 283 485 110 365 325 477 646 168 353 688 54 510 509 360 31 685 37 364 218 370 388 326 147 396 256 82 2 154 627 254 670 8 638 520 595
314 304 197 44 165 144 491 170 195 213 593 643 387 575 392 521 413 328 47 266 350 393 335 200 512 361 245 473 253 204 603 219 321 25 347 538 373 90 244 700 317 21 500 53 205 374 600 313 362 46 320 161 394 424 625 5 499 452 678 599
660 433 681 605 417 79 235 615 592 545 300 696 282 526 611 355 505 503 382 133 239 308 341 83 581 459 233 366 482 402 547 375 117 267 447 160 224 123 421 572 622 621 486 578 395 672 446 275 498 214 1 400 429
577 130 389 597 542 177 125 612 286 153 268 405 334 419 343 194 614 635 187 136 327 159 480 471 644 278 443 124 190 262 41 356 633 502 158 616 129 240 333 399 563 649 331 472 294 22 412 232 86 536 280 7 94 669 474 668 146 289 535 188
693 601 684 315 87 66 116 606 55 10 226 479 566 150 441 265 306 13 151 281 411 461 301 658 100 694 291 40 35 676 436 69 478 508 377 15 64 495 143 74 174 114 62 376 568 206 680 26 513 406 323 410 298 553 296
225 608 139 162 141 121 48 552 523 155 655 626 613 80 247 490 557 530 422 299 92 401 664 319 440 322 11 309 445 420 29 414 292 451 689 43 617 475 236 390 673 181 70 241 189 636 574 573 119 259 642 115 272 345 156 246 20 77 596
653 586 565 527 76 665 629 251 583 145 112 493 330 180 548 231 223 49 607 303 16 645 210 449 631 81 344 4 167 409 201 220 203 260 687 207 97 132 659 462 555 466 102 101 182 342 221 142 425 184 591 293 456 166
