13090
460 337 584 522 318 587 650 559 177 125 612 79 235 615 346 632 550 626 613 279 269 379 312 454 511 339 428 283 485 40 35 676 436 69 502 594 517 492 244 700 317 67 525 340 271 532 85 191 259 26 442 359 6 540 434 481 305
61 609 565 527 76 44 165 144 121 284 686 3 515 10 226 493 330 180 548 407 372 111 14 127 92 401 658 699 91 11 309 445 420 29 414 292 158 616 192 134 524 311 138 70 241 189 636 295 228 86 536 280 560 39 669 142 425 8 638 520 595
564 314 130 389 426 162 175 237 48 504 494 248 620 469 354 448 103 265 306 13 151 281 411 27 397 348 319 440 322 288 677 618 603 219 321 201 220 203 546 529 89 509 360 31 399 174 114 62 376 421 573 486 169 394 467 446 474 668 146 298 553 296
660 608 139 681 605 329 116 195 183 17 155 655 242 282 526 47 266 230 257 163 75 258 666 415 24 558 690 297 697 418 507 186 598 556 43 617 562 675 685 563 662 285 202 22 412 46 320 161 672 424 221 156 670 537 692 400 429
577 38 433 315 290 427 336 148 541 36 213 593 112 628 551 561 651 431 383 413 328 611 355 505 503 664 291 81 344 4 698 252 403 518 73 32 260 157 198 663 21 458 68 243 385 51 313 531 671 222 137 647 154 182 625 5 499 452 678 599
316 367 93 197 542 251 286 153 105 18 661 575 392 521 439 250 514 637 461 301 52 33 239 60 253 204 249 570 579 366 168 353 688 54 468 464 475 236 390 207 106 71 224 123 496 555 362 256 82 2 120 78 254 498 214 1 113 519
225 277 656 567 590 141 216 640 432 351 212 287 387 45 585 178 59 539 368 516 352 430 104 386 437 217 245 444 332 179 325 477 646 25 347 538 373 129 435 255 476 500 160 12 484 326 193 680 404 101 627 323 410 118 691 50
263 652 604 398 152 549 683 417 302 140 307 274 268 199 334 419 343 619 95 654 488 634 16 645 210 449 361 443 124 190 262 41 356 633 23 506 58 497 544 64 495 143 74 610 98 331 472 374 600 571 147 396 466 102 115 28 569 176 289 535 188
653 586 209 215 554 131 408 170 606 55 643 479 566 150 441 173 80 247 490 557 530 422 299 393 335 200 534 261 308 341 83 581 459 233 478 508 377 238 90 240 333 37 364 528 132 659 109 391 232 674 457 94 196 363 227 324 470 349
381 304 264 597 665 629 66 491 273 623 122 88 592 19 483 465 231 223 49 607 303 327 159 480 471 644 416 110 365 167 409 482 402 547 375 639 657 229 641 649 171 462 622 621 206 395 272 342 438 57 184 591 293 456 166
588 357 667 543 87 338 149 583 145 523 405 545 300 696 194 614 635 187 136 350 602 135 378 512 278 630 453 369 42 371 682 63 451 689 695 510 117 267 447 65 218 370 388 568 578 107 642 580 345 275 246 20 77 596
693 601 684 423 72 9 679 648 552 450 164 234 172 276 108 380 126 96 310 463 455 30 382 133 100 694 631 473 624 582 487 384 533 576 589 270 15 56 208 687 673 181 97 53 205 294 574 572 128 119 84 99 7 513 406 358 185 501 34 211 489
