13186
564 314 130 565 527 597 542 165 177 125 612 79 235 615 199 19 483 441 231 223 187 136 327 159 480 471 52 261 91 444 332 179 325 477 646 168 353 688 538 373 43 617 562 675 97 53 528 132 659 388 573 578 395 115 627 323 410 8 638 520 595
609 277 656 215 554 131 141 216 417 302 686 3 515 620 493 354 626 613 282 95 654 488 530 312 454 511 339 428 644 258 245 60 253 204 249 570 579 533 25 347 54 468 464 198 663 21 458 563 160 12 484 496 555 86 259 26 28 363 227 324 470 349
460 337 584 652 604 567 590 175 679 648 48 552 450 164 234 172 276 108 439 250 514 49 422 299 27 397 348 449 361 485 40 35 365 487 384 292 518 73 32 129 244 700 317 37 98 224 123 574 128 169 404 78 625 275 246 20 77 596
588 93 522 318 426 76 665 629 329 251 122 88 105 287 387 566 150 585 265 80 526 368 516 430 104 699 631 473 624 582 167 409 201 220 203 64 134 524 311 68 241 62 376 600 572 622 228 362 256 137 647 120 442 196 6 540 434 481 305
577 38 197 587 650 559 683 148 432 140 307 274 268 226 469 330 180 343 194 614 635 269 607 303 352 463 455 163 512 278 630 81 344 4 698 252 403 594 517 238 90 255 476 67 525 271 532 326 193 232 671 107 102 672 272 345 438 57 118 691 50
653 586 601 684 543 290 427 336 237 541 286 153 523 155 655 448 103 173 380 126 96 310 505 503 382 319 440 666 415 24 558 690 297 697 418 507 23 506 58 497 544 695 510 240 333 138 70 243 65 662 285 374 85 191 486 680 7 101 182 342 569 176 289 535 456 166
316 367 304 264 423 152 549 144 121 284 351 212 643 479 575 392 521 306 13 151 281 411 602 135 378 283 239 288 677 618 603 219 321 598 556 492 157 475 236 390 207 399 174 340 171 109 313 46 320 161 457 580 498 214 1 113 519
61 381 608 139 44 66 338 149 583 145 112 18 661 45 465 178 59 539 634 16 645 210 386 443 124 190 262 41 356 633 502 158 616 260 639 657 229 106 364 331 472 202 462 295 222 99 467 359 221 156 670 537 692 293 188
225 209 681 162 408 640 504 494 248 628 334 419 548 619 247 490 557 47 266 350 230 257 30 534 75 437 694 291 110 676 436 69 186 576 589 270 15 56 208 687 673 181 641 71 205 294 571 147 206 536 280 560 424 254 5 499 452 678 599
263 389 398 72 9 116 623 36 183 17 592 551 545 300 696 279 379 637 461 301 658 133 217 308 341 83 581 459 233 478 508 377 546 192 509 360 31 685 74 610 649 218 370 421 568 119 84 154 446 474 668 146 298 553 296
660 357 667 315 87 491 170 195 213 593 346 632 550 242 407 372 111 14 127 92 401 664 100 322 453 369 42 371 682 63 451 689 529 89 435 117 267 500 114 189 636 391 621 396 466 2 39 513 406 358 185 501 34 211 489
693 433 605 273 606 55 10 405 561 651 431 383 413 328 611 355 393 335 200 33 416 11 309 445 420 29 414 366 482 402 547 375 495 143 447 385 51 22 412 531 674 82 642 394 94 669 142 425 184 591 400 429
