13090
61 381 277 656 215 554 131 141 491 170 195 213 593 268 628 551 561 483 465 231 223 49 607 303 16 645 210 534 75 261 91 444 332 179 249 570 579 186 508 377 15 546 192 134 524 311 447 65 12 421 568 671 222 137 39 272 442 627 254 5 537 692 113 519
564 660 304 197 398 152 549 144 273 606 55 105 346 632 550 180 343 380 514 637 461 301 658 644 437 440 322 288 677 445 420 29 414 292 25 347 538 373 90 198 663 21 37 53 528 132 659 388 295 228 86 536 280 2 672 467 359 358 185 501 34 211 489
460 693 357 667 543 44 165 216 121 284 583 145 10 643 479 651 448 103 194 614 635 187 136 327 159 480 471 133 100 416 666 415 24 558 690 459 233 23 598 556 260 157 509 360 31 685 106 364 218 370 484 326 193 232 466 99 101 446 569 176 289 293 188
263 130 565 527 76 72 9 408 177 125 612 552 450 226 493 330 242 282 95 654 111 14 127 27 397 348 52 33 239 40 35 204 297 697 418 507 366 482 402 547 529 89 435 117 476 67 563 205 374 600 496 555 578 395 7 513 625 498 214 1 535 456 166
609 522 318 587 542 683 417 432 140 307 274 615 199 19 575 392 521 413 328 47 266 350 393 335 200 386 217 485 110 676 436 69 478 576 589 270 129 244 700 229 500 114 189 636 571 128 206 46 107 102 394 78 6 540 499 452 678 599
588 93 652 604 162 336 640 623 122 88 592 545 300 696 407 372 488 634 230 257 30 449 694 473 253 365 325 477 646 451 689 695 56 208 255 267 399 70 243 649 662 285 202 462 391 621 486 256 161 647 154 424 323 410 298 553 296
577 38 209 567 590 175 679 648 48 504 494 248 405 334 419 548 619 247 126 96 310 505 503 382 319 291 453 369 42 371 682 63 594 517 238 64 687 673 181 97 340 271 532 85 147 362 674 82 404 94 345 156 670 8 638 520
225 601 684 423 650 559 338 149 36 183 17 164 387 566 150 441 173 279 269 379 312 454 511 339 428 283 443 124 190 618 603 219 321 518 73 32 468 464 639 657 317 138 610 98 331 472 294 574 572 191 119 680 26 196 142 425 184 591 400 429
653 586 433 315 87 329 116 302 686 3 515 620 234 354 431 383 178 59 539 611 355 430 104 278 631 81 344 4 698 252 403 168 353 688 54 617 562 675 641 71 385 51 313 259 560 120 115 182 342 275 246 20 77 596 595
314 608 139 681 605 237 541 351 212 18 661 45 585 265 306 13 151 281 411 463 135 378 512 630 11 309 262 41 356 633 502 158 616 43 375 240 333 458 68 241 62 376 573 320 457 580 28 438 57 118 691 50
337 584 264 597 665 629 66 251 79 235 112 287 469 172 276 108 80 526 368 516 352 602 455 163 699 361 245 60 624 582 167 409 506 58 497 544 510 495 143 74 174 160 224 123 22 412 531 169 406 221 474 668 146 434 481 305
316 367 389 426 290 427 148 286 153 523 155 655 626 613 439 250 490 557 530 422 299 92 401 664 258 308 341 83 581 487 384 533 201 220 203 492 475 236 390 207 525 171 109 622 396 84 642 669 363 227 324 470 349
