13090
564 316 367 93 522 318 315 650 559 338 149 583 145 515 10 164 234 172 276 108 380 126 96 310 505 503 382 319 631 666 415 24 558 690 459 233 478 576 589 270 15 375 509 360 31 685 74 610 340 224 123 85 191 206 256 137 647 394 442 627 156 670 289 535 188
61 660 608 139 681 162 175 116 302 140 307 274 450 155 45 465 231 223 49 607 303 352 463 135 378 644 278 630 40 35 676 436 69 533 201 220 203 260 687 207 399 563 649 331 472 202 462 295 536 107 404 94 669 363 227 8 638 520
460 588 357 667 76 665 629 66 273 623 36 183 17 268 405 334 419 585 265 306 13 151 281 411 461 301 664 261 258 473 253 365 325 477 646 25 347 54 56 208 639 657 229 641 71 218 370 388 193 232 86 674 82 26 580 182 342 221 474 668 146 298 553 296
653 586 277 656 215 44 336 679 648 606 55 643 479 655 626 613 282 95 654 488 634 350 393 335 200 386 437 91 444 332 179 249 570 579 186 598 556 238 90 562 675 138 70 243 271 532 568 396 280 2 672 28 438 57 184 591 400 429
609 264 597 87 165 144 491 417 432 552 615 199 19 651 448 103 173 279 269 379 312 454 511 339 428 133 239 11 309 445 420 29 414 366 482 402 547 192 495 143 447 385 51 326 147 119 84 642 115 196 569 176 118 691 50
225 601 684 423 398 72 9 329 251 286 153 287 387 566 150 441 619 247 490 557 530 422 299 230 257 30 52 33 416 288 677 618 603 219 321 451 689 129 244 700 317 21 458 174 114 189 636 313 228 362 259 560 7 272 345 142 425 324 470 349
693 38 389 543 152 549 121 284 686 3 620 592 561 483 343 413 328 47 266 602 455 163 512 361 443 124 190 262 41 356 633 23 506 58 497 544 695 510 255 267 500 53 205 294 421 573 680 154 446 6 540 499 452 678 599
577 130 565 527 587 542 408 237 541 351 212 628 551 545 300 696 194 614 635 187 136 327 159 480 471 75 217 245 81 344 4 698 252 403 168 353 688 538 468 464 198 663 97 65 62 376 574 572 622 621 531 671 169 161 457 467 359 625 275 498 214 1 293 456 166
337 584 433 590 170 122 88 105 18 661 575 392 521 80 526 611 355 430 104 449 694 485 110 204 297 697 418 507 292 158 616 492 157 475 236 390 673 181 37 160 12 484 22 412 486 46 320 102 78 254 5 434 481 305
381 304 197 554 131 141 177 125 612 79 235 523 469 330 431 383 178 59 539 368 516 16 645 210 534 100 291 60 624 582 487 384 502 518 73 32 373 43 617 134 524 311 67 525 241 132 659 109 496 555 578 395 39 513 406 323 410 537 692 113 519
314 209 426 605 216 640 195 213 593 112 346 632 550 180 548 439 250 514 637 92 401 658 283 440 322 453 369 42 371 682 63 594 517 64 240 333 68 98 171 391 222 99 120 424 246 20 77 596 595
263 652 604 567 290 427 683 148 48 504 494 248 226 493 354 242 407 372 111 14 127 27 397 348 699 308 341 83 581 167 409 508 377 546 529 89 435 117 476 106 364 528 662 285 374 600 571 128 466 101 358 185 501 34 211 489
