13090
564 609 277 652 604 665 629 329 116 623 122 88 105 405 545 300 696 194 614 635 187 136 327 159 480 471 699 361 308 341 83 581 459 233 23 506 58 497 544 695 56 208 255 476 641 114 189 636 574 622 228 362 259 26 424 221 474 668 146 499 452 678 599
61 381 38 433 681 398 152 175 144 121 284 351 212 18 661 575 392 521 439 250 490 557 530 422 299 461 301 534 100 631 81 344 4 698 252 403 508 377 510 198 663 67 70 71 385 51 295 256 395 39 78 625 275 498 214 1 113 519
460 588 357 667 543 44 336 237 541 504 494 248 268 199 334 419 548 306 13 151 281 411 602 455 163 512 440 485 110 365 487 384 533 518 73 32 260 157 687 673 181 74 174 340 12 484 496 147 206 578 107 404 467 446 363 227 8 638 520 595
225 608 139 597 605 408 170 195 213 593 226 493 172 276 108 279 269 379 312 454 511 339 428 283 416 666 415 24 558 690 297 697 418 507 186 598 556 129 435 117 267 447 205 374 600 555 396 680 560 669 142 425 324 470 349
660 304 264 587 542 66 251 79 235 523 155 655 242 265 80 247 126 96 310 505 503 382 33 258 453 369 42 371 682 63 594 517 238 492 89 509 360 31 106 364 331 472 294 85 191 671 222 137 647 154 406 358 185 501 34 211 489
263 93 209 423 567 590 491 273 432 140 307 274 450 234 354 431 383 413 328 47 266 430 104 75 217 443 124 190 618 603 219 321 201 220 203 64 639 657 229 500 243 649 171 109 568 169 161 457 101 627 323 410 298 553 296
693 130 565 527 87 216 148 583 145 515 620 592 19 483 441 173 380 514 637 463 135 378 133 278 245 60 624 582 167 409 168 353 688 54 468 464 475 236 390 207 399 563 160 224 123 571 128 119 46 320 2 120 94 359 254 670 289 535 456 166
337 584 197 162 549 679 648 48 552 615 287 469 330 626 613 178 59 539 368 516 16 645 210 449 91 288 677 445 420 356 633 502 158 616 43 617 562 675 685 525 241 62 376 462 313 536 280 672 513 5 537 692 400 429
653 586 389 215 650 559 338 149 36 183 17 346 632 550 180 343 282 526 611 355 27 397 348 52 437 694 630 40 35 676 436 69 478 576 589 270 15 546 192 134 524 311 37 528 132 659 388 326 193 232 82 642 580 28 156 246 20 77 596
577 522 318 426 76 72 9 683 417 302 686 3 164 387 566 150 585 407 372 488 634 350 393 335 200 386 261 291 473 253 204 249 570 579 292 451 689 90 244 700 317 97 65 662 285 202 22 412 531 466 102 394 442 196 569 176 118 691 50
314 601 684 315 290 427 165 177 125 612 286 153 10 643 479 651 448 103 619 95 654 111 14 127 92 401 658 644 322 11 309 262 41 29 414 366 482 402 547 529 495 143 21 138 610 98 271 532 391 621 86 84 7 182 342 438 57 184 591 293 188
316 367 656 554 131 141 640 606 55 112 628 551 561 45 465 231 223 49 607 303 352 230 257 30 664 319 239 444 332 179 325 477 646 25 347 538 373 375 240 333 458 68 53 218 370 421 572 573 486 674 99 115 272 345 6 540 434 481 305
