13090
460 693 130 652 604 587 650 559 336 338 612 36 183 17 164 234 354 242 173 80 247 126 96 310 505 503 133 100 361 485 110 204 297 697 418 507 23 506 58 497 544 43 617 495 143 37 71 189 636 572 622 621 531 536 2 101 627 438 57 184 591 400 429
564 316 367 93 522 318 426 162 175 216 121 195 213 593 592 551 545 655 431 383 413 328 47 266 350 393 335 200 534 75 437 440 322 453 369 42 371 682 63 594 517 238 90 562 675 138 70 243 65 331 472 294 421 568 222 137 642 394 94 359 569 176 289 535 456 166
61 381 38 139 72 9 329 273 48 286 153 268 155 45 585 265 306 13 151 281 411 461 301 658 699 258 60 253 365 325 477 646 25 347 54 468 464 240 333 685 74 610 340 171 600 496 555 119 259 39 272 442 446 6 540 499 452 678 599
653 586 433 681 398 152 165 237 541 504 494 248 620 199 19 483 465 231 223 49 607 303 352 230 257 163 52 33 291 40 35 676 436 69 533 598 556 260 157 687 207 399 174 649 385 51 462 295 486 578 107 102 672 467 323 410 434 481 305
660 389 597 665 629 679 648 606 55 10 643 387 566 150 441 380 514 637 463 135 378 644 245 444 332 179 249 570 579 186 576 589 270 129 639 657 229 458 68 98 132 659 109 573 362 256 395 154 669 474 668 146 298 553 296
337 584 209 215 542 66 116 623 583 145 515 346 632 550 626 613 282 526 611 355 430 104 386 261 631 11 309 445 420 29 414 366 482 402 547 375 198 663 67 525 218 370 388 571 128 671 169 99 78 358 185 501 34 211 489
577 304 197 76 44 549 144 491 170 140 307 274 450 479 300 696 279 269 379 312 454 511 339 428 239 308 341 83 581 459 233 478 508 377 15 529 89 509 360 476 641 241 12 484 313 228 680 345 254 670 324 470 349
588 601 684 543 87 683 417 302 686 3 112 18 661 575 392 521 439 250 490 557 530 422 299 92 401 512 278 630 81 344 4 698 252 403 518 73 32 64 134 524 311 97 53 528 662 285 374 391 46 320 161 647 120 115 28 221 363 227 8 638 520
225 565 527 567 590 148 432 351 212 405 561 651 448 103 407 372 111 14 127 27 397 348 449 91 473 624 582 167 409 201 220 203 546 192 244 700 317 21 500 114 62 376 326 147 466 404 513 406 156 246 20 77 596 595
609 277 656 554 131 141 640 149 552 523 226 493 330 180 548 619 95 654 488 634 16 645 210 664 319 416 666 415 24 558 690 487 384 292 158 616 56 208 475 236 390 673 181 563 205 202 574 191 396 280 560 7 424 625 275 498 214 1 113 519
263 357 667 315 290 427 251 122 88 105 287 469 172 276 108 178 59 539 368 516 327 602 480 471 283 217 443 124 190 262 41 356 633 502 168 353 688 538 373 492 435 255 31 106 364 271 532 22 412 232 86 84 457 196 142 425 118 691 50
314 608 264 423 605 408 177 125 284 79 235 615 628 334 419 343 194 614 635 187 136 159 455 30 382 694 288 677 618 603 219 321 451 689 695 510 117 267 447 160 224 123 85 193 206 674 82 26 580 182 342 5 537 692 293 188
