13090
564 660 93 522 318 605 175 640 195 213 593 112 592 172 276 108 413 328 47 266 350 602 455 163 699 278 630 40 35 365 487 384 502 598 556 238 56 208 117 267 685 37 364 528 662 285 374 600 496 555 396 169 2 154 196 363 227 324 470 349
61 314 608 139 681 398 152 549 237 541 351 212 287 469 561 651 448 103 178 59 539 368 516 352 430 104 386 437 361 485 110 676 436 69 478 576 589 270 15 64 240 333 525 241 189 636 568 259 457 513 438 57 184 591 293 456 166
653 586 277 656 426 162 141 338 149 552 268 18 661 575 392 521 380 514 637 230 257 30 664 261 291 453 369 42 371 682 63 594 517 260 475 236 390 673 181 97 340 271 532 573 256 161 424 221 6 540 499 452 678 599
460 588 304 197 76 542 408 177 125 612 79 235 615 155 45 585 407 372 111 14 159 480 471 449 91 288 677 445 420 29 414 292 158 616 617 134 524 311 74 174 160 12 484 313 228 362 46 320 7 101 182 342 569 176 434 481 305
381 38 389 215 290 427 683 417 302 583 145 515 10 405 334 419 343 194 614 635 187 136 327 27 397 348 52 100 694 631 473 624 582 698 252 403 518 73 32 90 244 700 229 458 68 114 62 376 85 147 222 137 647 394 442 446 275 246 20 77 596
577 130 652 604 587 650 559 148 432 140 307 274 450 164 387 566 150 441 173 80 247 126 96 310 463 135 378 512 258 666 415 24 558 690 297 697 418 507 186 508 377 373 129 435 255 31 447 65 171 421 572 622 621 486 578 395 627 142 425 118 691 50
263 433 543 44 329 116 284 686 3 643 479 655 431 383 279 269 379 312 454 511 339 428 133 416 11 309 262 41 356 633 23 506 58 497 544 492 157 687 207 399 563 649 331 472 202 22 412 119 84 642 78 254 498 214 1 113 519
225 565 527 597 554 131 216 121 48 504 494 248 620 234 354 626 613 265 306 13 151 281 411 461 301 658 283 245 81 344 4 167 409 482 402 547 192 562 675 500 53 205 294 574 191 107 102 672 345 156 670 8 638 520 595
609 264 423 72 9 144 491 170 286 153 523 226 493 330 180 548 439 250 490 557 530 422 299 505 503 382 319 440 322 444 332 179 249 570 579 533 168 353 688 538 43 375 509 360 476 641 218 370 388 326 193 206 536 280 26 580 28 625 5 289 535 188
693 601 684 315 87 165 679 648 606 55 628 551 545 300 696 619 95 654 488 634 16 645 210 75 217 60 253 204 325 477 646 25 347 54 468 464 198 663 106 71 224 123 462 391 531 671 680 560 39 115 272 669 474 668 146 298 553 296
316 367 357 667 567 590 336 273 623 122 88 105 346 632 550 242 282 526 611 355 393 335 200 534 33 239 443 124 190 618 603 219 321 201 220 203 546 529 89 639 657 317 21 138 610 98 132 659 109 571 128 466 99 120 94 359 358 185 501 34 211 489
337 584 209 665 629 66 251 36 183 17 199 19 483 465 231 223 49 607 303 127 92 401 644 308 341 83 581 459 233 366 451 689 695 510 495 143 67 70 243 385 51 295 232 86 674 82 404 467 406 323 410 537 692 400 429
