13108
225 601 684 72 9 144 491 417 140 55 268 155 655 242 173 380 514 637 27 397 348 449 239 666 415 24 558 690 297 697 418 507 186 576 589 616 492 89 435 117 476 458 68 98 224 123 313 119 84 99 442 359 358 185 501 34 211 489
693 38 264 423 398 152 175 116 623 122 88 105 346 632 550 431 383 306 13 151 281 411 505 503 382 133 100 308 341 83 581 459 233 23 506 58 497 544 695 56 208 562 675 74 610 114 189 636 391 621 531 466 102 672 467 446 6 540 434 481 305
653 586 389 215 554 131 141 640 149 686 3 515 199 19 483 441 265 80 247 126 96 310 463 455 30 534 33 258 245 473 624 582 487 384 292 201 220 203 260 157 240 333 500 331 472 294 421 128 578 107 642 394 94 669 474 668 146 499 452 678 599
61 314 130 565 527 665 629 329 273 284 79 235 523 226 493 354 626 613 282 526 611 355 230 257 163 52 261 322 453 369 42 371 682 63 594 517 43 617 134 524 311 138 70 243 171 109 568 206 536 280 154 323 670 324 470 349
337 584 522 318 426 162 66 251 504 494 248 620 469 330 180 343 619 95 654 488 634 16 645 210 664 278 291 110 204 698 252 403 168 353 688 538 129 198 663 685 106 364 528 132 659 388 22 622 396 46 320 26 580 28 438 57 184 591 400 429
460 609 656 315 650 559 216 121 48 351 212 18 661 45 465 407 372 111 14 127 92 401 658 644 631 81 344 4 167 409 482 402 547 375 509 360 31 174 241 62 376 85 191 228 680 457 101 345 625 275 498 214 1 113 519
381 608 139 567 290 427 336 338 432 552 450 164 234 172 276 108 279 269 379 312 430 104 386 416 11 309 262 41 356 633 502 158 556 468 464 639 657 229 641 71 662 285 202 574 572 573 256 395 7 272 196 569 176 289 535 188
263 277 652 604 587 542 237 302 583 145 112 628 545 300 696 194 614 635 187 136 454 511 339 428 319 361 443 124 190 618 603 219 321 598 689 373 529 687 673 181 37 53 205 374 326 193 232 82 404 513 406 410 298 553 296
577 433 543 44 549 679 648 606 307 274 615 592 551 561 651 448 103 231 223 49 607 303 327 159 480 471 75 437 694 630 444 332 179 249 570 579 533 518 73 32 546 192 495 143 21 97 160 12 600 496 555 169 161 78 254 5 537 692 293 456 166
316 367 357 667 597 87 683 148 541 286 153 10 643 479 575 392 521 178 59 539 368 516 352 461 301 283 440 60 253 676 436 69 478 508 377 238 64 475 236 390 207 399 563 649 385 51 571 147 86 674 2 115 627 363 227 118 691 50
660 93 209 681 605 408 170 195 213 593 287 387 566 150 585 413 328 47 266 350 602 135 378 699 217 485 40 35 365 325 477 646 25 347 54 510 255 267 447 65 218 370 484 412 486 671 222 137 647 120 424 221 156 246 20 77 596
564 588 304 197 76 590 165 177 125 612 36 183 17 405 334 419 548 439 250 490 557 530 422 299 393 335 200 512 91 288 677 445 420 29 414 366 451 270 15 90 244 700 317 67 525 340 271 532 462 295 362 259 560 39 182 342 142 425 8 638 520 595
