13524
653 586 601 527 597 87 683 148 432 552 615 592 551 545 655 431 173 306 13 151 312 430 104 449 694 631 11 309 445 420 29 414 292 158 616 492 562 675 399 70 385 51 85 191 313 119 46 320 102 359 5 289 535 188
316 367 357 667 543 542 165 116 36 183 17 479 483 465 407 372 111 14 411 602 135 378 534 75 239 81 344 4 325 477 646 168 353 688 538 43 375 240 333 74 174 218 370 388 573 486 256 395 39 467 221 363 227 8 638 520 595
577 130 565 604 152 549 679 648 48 286 153 523 226 493 330 180 548 380 126 634 16 645 210 664 319 440 322 110 365 167 409 506 58 497 544 695 510 255 31 685 68 53 62 376 22 147 86 674 82 2 101 424 625 275 498 214 1 400 429
693 304 197 76 44 329 251 140 307 274 450 155 45 585 265 80 526 368 516 352 159 480 471 699 217 443 124 253 204 249 570 579 186 598 556 260 157 475 236 390 673 181 97 447 65 331 472 202 462 295 232 578 107 26 627 254 410 298 553 296
314 93 139 567 590 141 338 149 351 212 405 334 419 343 231 223 187 136 327 461 301 283 245 60 332 676 436 69 502 451 689 90 495 143 21 37 364 528 662 285 374 496 555 466 99 120 272 442 196 569 176 537 692 113 519
61 381 38 209 426 605 175 177 125 612 79 235 10 643 387 566 150 441 619 247 96 299 92 401 658 100 291 453 369 179 698 252 403 518 73 32 373 64 687 207 106 114 189 659 109 568 396 169 457 28 474 668 146 499 452 678 599
225 433 681 162 408 640 284 686 3 515 620 18 661 575 392 521 439 250 514 49 422 350 393 335 200 386 437 361 485 40 190 262 41 356 633 23 201 220 203 546 192 509 360 476 67 525 340 271 532 412 206 680 154 513 406 323 670 184 591 293 456 166
263 608 264 423 398 72 9 336 237 541 504 494 248 268 199 19 300 696 178 59 539 490 557 47 281 310 463 455 163 512 91 473 624 582 487 384 533 25 347 54 468 464 198 663 500 71 205 636 574 622 228 362 280 404 580 345 156 246 20 77 596
337 584 522 318 684 315 290 427 216 417 302 122 88 164 234 354 242 282 95 654 488 530 637 230 257 30 52 33 258 308 341 83 581 459 233 478 508 377 238 617 134 524 311 610 98 132 294 600 571 621 536 137 647 115 446 6 540 434 481 305
564 660 652 215 554 131 144 491 170 606 55 105 346 632 550 626 613 383 279 379 303 127 27 397 348 644 630 666 415 24 558 690 297 697 418 507 366 482 402 547 529 89 639 657 229 641 241 12 484 391 531 222 161 642 394 78 358 185 501 34 211 489
609 389 587 650 559 121 195 213 593 287 469 561 651 448 103 194 614 635 269 607 266 454 511 339 428 133 278 288 677 42 371 682 63 594 517 129 244 700 317 458 243 649 171 421 572 128 84 560 7 182 342 438 57 118 691 50
460 588 277 656 665 629 66 273 623 583 145 112 628 172 276 108 413 328 611 355 505 503 382 261 416 444 35 618 603 219 321 576 589 270 15 56 208 435 117 267 138 563 160 224 123 326 193 671 259 672 94 669 142 425 324 470 349
