18464
474 69 330 199 395 359 486 306 66 174 303 492 489 74 128 35 487 316 42 25 382 379 410 247 41 411 184 197 401 468 162 469 244 216 46 264 94 192 408 378 10 354 363 479 179 464 237 413 309 461 178 394 402
158 11 368 129 103 121 300 38 396 289 61 447 282 288 446 186 243 331 406 497 495 127 227 471 407 324 364 105 187 325 63 404 257 381 67 246 355 319 445 195 480 431 275 441 323 358 114 49 349 150
255 203 328 234 165 134 366 335 88 370 253 389 27 294 131 385 390 78 208 15 398 213 348 222 482 454 32 120 485 356 7 137 276 48 182 149 280 248 6 104 432 171 146 58 101 89 2
185 143 85 102 397 98 170 153 320 33 110 336 498 283 139 263 462 459 388 290 62 34 496 159 223 437 321 232 152 499 304 302 281 202 380 154 225 31 251 86 236 112 416 163 119 207 55 166 439
277 424 204 80 18 298 453 500 194 345 399 125 476 37 8 329 269 145 173 433 279 430 256 240 9 344 353 296 24 460 405 245 144 266 466 340 473 109 444 115 286 455 357 53 457 100 440
287 259 452 51 164 168 491 419 40 278 218 221 436 332 45 22 151 87 377 99 196 400 201 160 422 312 342 14 43 30 59 1 467 443 116 215 450 333 13 343 307 167 484 21 191 77 39 391 384 339 448 23
265 284 477 242 108 420 463 140 478 494 387 70 75 292 458 360 229 272 188 57 418 148 226 155 157 26 138 305 374 451 456 442 493 76 421 254 130 36 386 183 3 310 274 314 426 371 161 235 147 56
113 29 64 341 293 84 60 361 142 200 322 189 156 483 47 71 176 118 122 91 367 97 376 315 317 347 435 375 299 250 206 50 490 238 488 346 362 249 334 365 124 301 231 393 126 297 383 175 470 475 172 205
17 136 373 219 409 350 311 92 224 181 135 82 212 44 65 28 415 449 338 260 214 141 434 481 241 427 73 233 352 68 337 123 313 210 90 83 472 220 198 132 326 20 4 5 270 19 107 239 285 438 95
308 180 318 54 261 106 133 211 351 425 291 412 372 417 217 117 12 228 16 465 193 111 414 327 392 429 262 72 190 230 271 79 428 252 403 209 96 258 423 52 273 268 177 81 169 93 267 369 295
