18466
287 259 452 242 108 420 463 140 478 494 253 389 27 294 71 176 188 406 99 418 8 329 226 155 214 471 222 437 232 427 73 299 250 206 50 490 137 210 90 428 149 280 248 6 310 5 163 119 207 239 55 166 402 440
474 69 330 51 84 60 361 142 61 218 291 412 372 417 42 462 459 497 495 127 227 159 223 347 152 499 353 296 24 460 405 245 144 266 466 340 195 480 431 464 237 270 19 107 161 475 56
185 143 85 102 397 98 170 153 320 194 70 345 399 125 217 117 390 12 379 410 290 62 34 157 433 324 327 392 429 262 72 190 230 381 215 67 450 333 13 473 109 444 326 20 4 191 77 114 391 235 438 205
158 11 368 129 103 350 306 66 174 303 425 489 74 128 35 487 316 263 118 228 367 269 145 173 422 312 26 454 105 187 325 304 302 281 202 380 246 346 362 252 403 209 96 258 423 52 273 413 309 461 178 394 448 23
255 203 328 234 165 134 453 500 289 33 110 336 282 288 446 186 243 331 377 15 97 376 434 414 374 451 63 404 257 421 83 472 220 445 334 365 132 112 416 177 357 53 58 384 339 89 439
17 136 80 18 164 359 121 300 38 396 200 181 135 82 212 44 122 16 465 193 111 14 43 305 30 59 1 467 443 116 313 276 254 130 36 386 183 3 484 274 314 297 383 39 49 100
265 284 477 199 395 486 491 419 351 224 221 436 332 45 22 476 65 28 382 415 400 201 411 407 197 401 321 240 9 344 485 356 7 76 488 154 225 31 198 124 301 231 393 286 455 323 358 175 470 101 172 2
277 424 204 318 298 366 311 92 40 278 75 292 458 360 229 131 385 78 208 91 449 41 260 496 141 184 279 482 138 364 435 469 233 352 68 337 123 94 192 355 319 249 343 307 167 275 441 268 426 371 267 147 295
113 29 64 341 293 54 261 335 88 370 492 322 189 156 483 47 151 37 388 148 338 160 342 481 468 162 375 244 216 46 264 238 408 378 10 354 363 479 179 104 432 171 146 457 369 95
308 180 373 219 409 168 106 133 211 387 447 498 283 139 272 25 87 57 196 247 398 213 348 315 317 430 256 241 32 120 456 442 493 271 79 48 182 251 86 236 115 21 126 81 169 93 285 349 150
