18528
158 11 368 129 103 98 491 419 142 61 345 399 125 316 42 25 188 382 99 196 290 62 34 496 312 342 437 240 9 344 485 356 7 202 381 210 276 266 466 340 251 86 236 112 416 191 77 114 391 166 56 
17 136 80 18 298 453 133 211 351 110 291 412 372 417 217 476 462 122 415 410 247 398 213 227 111 14 481 241 32 120 456 442 493 76 90 254 130 354 363 479 179 464 237 413 171 146 457 369 402 2 
255 203 328 234 165 134 168 170 153 396 289 33 224 75 292 458 360 229 71 176 37 388 449 41 260 157 315 317 401 468 162 375 244 216 46 264 380 83 472 220 445 198 124 301 423 52 273 270 19 107 178 235 448 23 
143 85 102 84 60 306 66 174 303 492 425 489 74 128 35 487 151 28 78 400 201 160 471 159 434 256 427 73 299 250 206 50 490 137 94 144 79 428 249 334 365 132 115 21 126 81 169 93 267 101 438 172 295 
265 284 477 199 395 350 335 88 370 253 181 135 82 212 44 65 331 379 15 97 376 433 184 197 414 327 392 429 262 72 190 230 271 154 225 31 195 480 431 258 104 432 163 119 207 239 49 349 150 
113 424 204 318 54 486 300 361 447 498 283 139 272 385 390 87 57 497 495 127 348 324 454 105 187 325 63 404 257 238 488 355 319 10 343 307 167 275 441 268 426 371 55 89 439 
277 29 64 341 293 397 366 311 92 40 278 336 282 288 446 117 459 208 91 367 226 155 214 141 279 430 347 152 499 304 302 281 245 192 246 346 362 149 280 248 6 326 20 4 5 309 461 161 100 
308 180 373 219 409 261 106 320 194 218 221 436 332 45 22 186 243 12 228 148 338 193 422 223 482 138 364 305 374 451 353 296 24 460 405 215 67 408 378 252 403 209 96 231 393 286 455 357 53 58 394 147 205 
287 259 452 242 108 420 121 500 38 387 70 389 27 294 263 118 377 418 8 329 269 145 173 222 26 321 232 435 469 233 352 68 337 123 313 48 182 36 386 183 3 310 177 323 358 175 470 475 339 440 
185 474 69 330 51 164 359 463 140 478 494 200 322 189 156 483 47 131 406 16 465 411 407 43 30 59 1 467 443 116 421 450 333 13 473 109 444 484 274 314 297 383 39 285 384 95