Instância: Instances/instance0.txt
2750
1 2 6 
3 4 5 

Instância: Instances/instance1.txt
95360
1 4 11 12 
2 5 10 9 
3 6 7 8 

Instância: Instances/instance2.txt
48885
3 19 12 10 4 
17 2 5 16 14 
9 11 15 18 7 
1 13 8 6 20 

Instância: Instances/instance3.txt
67339
36 99 53 77 81 
24 26 102 15 
17 107 58 9 21 
93 103 34 13 
7 101 1 
3 117 67 91 
71 83 69 
55 80 16 108 
112 32 39 
18 115 22 110 
70 119 31 92 98 
87 49 64 
61 6 79 
44 46 40 11 
14 75 33 88 96 
48 85 23 4 
19 73 94 25 
78 63 82 118 
50 116 104 
10 89 51 27 
47 42 62 95 28 
2 113 97 29 30 
76 5 66 45 
8 109 106 37 
43 86 57 105 65 
114 84 20 90 60 
100 41 12 
38 54 120 56 
59 52 72 74 
68 35 111 

