13090
564 588 38 433 681 398 152 549 216 121 284 122 88 105 405 334 419 548 178 59 539 368 516 352 430 104 449 443 124 190 262 41 29 414 366 451 689 695 56 208 509 360 31 641 649 218 370 388 22 412 396 466 99 196 6 540 434 481 305
61 660 522 318 567 290 427 144 148 552 450 18 661 45 585 265 306 13 151 281 411 602 135 378 534 33 631 444 332 179 249 570 579 186 508 377 510 495 143 106 364 171 462 313 531 671 169 647 120 115 28 363 227 8 638 520 595
225 656 315 87 329 251 140 307 274 10 346 632 550 626 613 194 614 635 187 136 454 511 339 428 75 217 308 341 83 581 487 384 533 201 220 203 546 529 89 435 255 267 685 37 98 271 532 85 191 206 578 107 102 672 182 342 142 425 118 691 50
263 93 197 587 542 177 125 612 79 235 615 287 387 566 150 441 439 250 490 557 530 422 299 27 397 348 52 100 258 245 60 253 204 297 697 418 507 23 506 58 497 544 129 244 700 317 67 525 241 189 636 574 193 86 84 26 442 359 438 57 184 591 400 429
316 367 357 667 76 590 408 237 541 286 153 523 493 330 180 343 231 223 49 607 303 327 159 480 471 644 437 694 291 81 344 4 325 477 646 25 347 54 64 475 236 390 673 181 610 662 285 374 568 536 280 457 94 424 625 275 246 20 77 596
577 304 264 423 72 9 683 417 432 351 212 592 354 242 619 95 654 111 14 127 92 401 664 319 322 40 35 676 436 69 478 576 589 270 15 617 134 524 311 138 563 160 224 123 421 573 486 256 137 642 394 78 254 498 214 1 535 456 166
653 586 209 215 44 165 640 149 36 183 17 155 655 448 103 173 380 514 637 461 301 658 699 91 11 309 445 420 356 633 502 168 353 688 538 373 468 464 639 657 229 500 243 65 331 472 294 600 496 555 222 161 154 513 406 358 185 501 34 211 489
460 609 277 652 604 162 336 170 48 504 494 248 164 234 172 276 108 279 269 379 312 463 455 30 382 278 630 473 624 582 698 252 403 518 73 32 260 117 476 447 340 12 484 391 232 674 82 404 467 446 5 537 692 113 519
314 130 565 527 554 131 141 116 195 213 593 643 479 483 465 407 372 488 634 16 645 210 283 416 666 415 24 558 690 459 233 292 158 616 43 375 240 333 97 53 528 132 659 109 571 128 46 320 2 7 627 323 410 324 470 349
693 601 684 597 605 175 679 648 606 55 112 628 551 545 300 696 282 526 611 355 230 257 163 512 361 288 677 618 603 219 321 598 556 238 492 157 687 207 74 70 71 385 51 295 228 680 101 221 569 176 289 293 188
337 584 389 543 650 559 491 273 623 583 145 515 620 226 469 561 575 392 521 80 247 126 96 310 505 503 133 239 453 369 42 371 682 63 594 517 90 562 675 399 174 205 202 326 147 362 395 272 669 474 668 146 298 553 296
381 608 139 426 665 629 66 338 302 686 3 268 199 19 651 431 383 413 328 47 266 350 393 335 200 386 261 440 485 110 365 167 409 482 402 547 192 198 663 21 458 68 114 62 376 572 622 621 119 259 560 39 580 345 156 670 499 452 678 599
