18435
185 113 29 64 341 293 54 121 300 38 396 40 61 218 221 436 332 45 22 186 390 87 406 196 290 62 34 496 315 317 430 138 468 162 469 233 352 68 337 123 271 254 130 36 386 183 3 20 52 273 268 426 371 267 147 89 439
277 424 204 80 18 164 359 486 491 419 387 70 345 282 288 446 131 385 243 331 497 495 127 227 433 342 321 232 435 375 244 216 46 264 313 90 266 466 340 334 365 132 258 423 4 5 270 19 107 239 394 100 2
158 11 368 129 103 261 106 133 211 370 253 322 189 156 483 47 71 176 118 122 388 367 226 155 348 222 482 256 30 59 1 467 443 116 94 144 246 450 333 13 149 280 248 6 484 21 191 77 39 457 369 23
143 85 373 219 409 366 306 66 174 303 425 291 412 372 417 217 476 25 28 78 99 148 338 193 141 434 437 374 451 485 356 7 202 380 83 472 220 209 96 231 393 286 455 171 146 58 235 448
265 284 477 199 395 350 335 88 194 492 389 27 294 263 462 188 382 208 16 465 160 471 407 197 14 43 241 427 73 299 250 206 50 490 245 215 67 355 319 445 249 354 363 479 179 464 237 413 163 207 169 93 55 166 56
308 180 318 298 453 500 351 489 74 128 35 487 117 37 410 247 398 213 157 184 279 414 327 392 429 262 72 190 230 137 421 346 362 10 473 109 444 326 126 297 383 114 391 49 349 205
474 69 330 51 84 60 361 142 200 181 135 82 212 44 65 377 8 329 269 145 173 422 312 26 454 152 499 456 442 493 76 192 378 251 86 236 112 416 177 357 461 178 438 402 440
255 203 328 234 165 134 168 140 478 494 33 224 75 292 458 360 229 151 12 228 15 97 376 324 347 32 120 304 302 281 238 79 428 252 403 343 307 167 104 432 81 119 53 285 384 339 150
17 136 102 397 98 170 153 320 289 110 336 399 125 316 42 459 415 400 201 411 111 481 240 9 344 353 296 24 460 405 381 210 276 408 48 182 198 124 301 115 310 274 323 358 175 470 475 95
287 259 452 242 108 420 463 311 92 278 447 498 283 139 272 57 379 418 91 449 41 260 214 159 223 401 364 305 105 187 325 63 404 257 488 154 225 31 195 480 431 275 441 309 314 161 101 172 295
