5095
158 30 408 431 198 657 365 969 125 147 29 625 6 831 851 810 84 213 216 520 91 482 806 346 578 133 140 676 961 449 279 584 860 959 835 574 791 840 909 33 50 712 619 12 179 788 196 921 378 473 43 269 421 665 787 800 929 481 390 461 981 674 655 731 724 389 704 394 848 240 847 999
4 656 990 955 228 882 465 957 801 971 726 677 401 120 631 567 732 838 614 45 930 393 890 650 544 664 879 735 435 766 747 28 131 612 779 833 225 934 373 417 691 611 434 975 19 728 692 470 186 370 282 178 973 287 634 757 708 238 995 525 785 144 964 979 166 988 870
976 498 87 651 862 150 866 392 808 220 185 128 803 895 502 946 580 17 926 583 534 585 974 769 226 680 352 658 695 897 505 752 898 26 326 616 274 566 78 947 271 410 172 742 280 906 920 673 442 249 285 552 984 297 987 265 14 639 913 90 598 867 177 426 533 621 244 104
76 336 602 363 531 151 105 681 132 290 904 510 243 826 798 256 837 331 925 277 458 428 597 814 52 207 715 259 872 42 10 484 661 996 181 304 64 201 562 13 748 560 67 767 217 521 507 718 387 853 400 736 139 713 948 468 773 472 27 932 945 454 109 268 780 878 834 983 659 684 561 348
839 79 824 725 383 543 24 9 998 751 136 355 420 374 11 339 98 411 419 475 319 135 703 828 549 194 775 395 86 409 900 763 548 233 827 205 237 843 229 852 845 776 989 451 163 738 18 683 938 414 234 39 772 517 630 842 678 649 859 793 89 935 777 333 94 601 189
444 868 493 573 492 891 593 716 25 41 162 907 638 145 293 359 636 978 197 430 114 812 446 208 522 313 919 288 710 479 439 756 311 440 72 557 594 953 745 416 690 795 528 422 309 958 362 77 386 307 448 117 687 599 97 518 682 254 908 679 823 902 501 49 965 660 241
954 385 164 607 550 825 901 781 101 1000 115 134 559 977 221 170 892 950 670 591 711 369 143 302 575 997 455 750 605 247 335 813 671 569 705 119 137 154 489 951 568 168 345 292 880 316 539 171 526 694 832 746 32 755 246 412 637 911 384 361 982 542 697 82 322 429 960
877 138 538 7 864 262 727 854 267 760 48 413 546 896 668 61 565 943 415 857 377 667 301 881 381 972 55 914 462 450 160 59 643 66 923 628 2 253 956 581 74 209 702 306 652 980 844 153 441 167 654 312 918 214 263 610 818 278 941 829 888 618 916 102 672 936 487 398 460 530
231 741 202 405 224 762 349 436 506 894 547 917 255 31 893 933 16 187 1 3 342 633 986 753 792 759 819 511 949 963 73 771 112 740 320 261 192 696 276 173 308 96 191 260 646 662 739 252 161 399 849 206 886 56 323 749 432 720 556 931 107 545 985
873 537 496 554 141 467 328 236 765 778 356 856 940 272 344 60 512 928 722 744 503 407 453 883 555 582 183 425 841 576 693 620 118 629 75 789 193 121 106 541 126 737 376 617 353 499 992 523 396 758 613 952 354 452 714 910 219 820 360
258 588 553 993 477 889 438 418 44 184 223 647 497 570 457 937 536 188 968 486 397 281 797 190 22 347 876 99 57 5 406 315 142 250 211 46 8 103 23 707 180 20 587 332 433 604 874 58 666 245 558 796 129 858 368 65 685 579 912 991 970 688 532
155 337 723 770 774 176 388 210 68 782 527 686 367 624 124 264 15 329 284 379 495 257 391 804 423 855 700 116 799 218 195 488 251 324 701 623 174 794 865 869 640 130 215 62 146 235 474 364 821 149 100 36 340 21 443 427 200 222 850 905 632 270 615 148 445
157 648 165 447 212 942 40 709 717 203 127 730 733 291 606 321 296 944 289 884 402 822 644 586 382 743 85 273 483 861 357 469 464 509 635 924 784 152 371 325 88 71 38 351 35 515 524 500 456 480 80 698 875 817 372 466 514 811 299 519 807 199 248 471 641 169 380 476 358 314
404 37 863 966 589 508 294 69 81 768 504 403 490 626 159 802 815 513 110 734 805 34 790 577 786 572 156 70 754 310 729 721 227 494 783 846 230 122 516 967 706 596 111 529 305 603 885 83 927 300 334 627 962 485 182 899 836 175 375 903 540 669 663 600 609
341 54 535 719 645 478 424 463 366 338 93 343 592 204 699 689 675 653 275 327 887 298 459 239 830 95 242 761 551 113 571 283 915 564 295 437 563 53 123 317 51 642 994 491 608 286 590 764 266 232 108 47 595 922 330 809 63 303 871 816 92 622 318 939 350
