18435
277 424 204 199 395 359 486 300 38 396 289 278 181 135 82 212 44 65 28 78 91 367 269 145 173 141 111 481 240 9 344 353 296 24 460 405 90 266 466 340 198 124 301 231 393 286 455 357 461 178 235 448 23
17 136 80 18 298 366 311 92 40 61 75 292 458 360 229 131 385 118 406 99 418 290 62 34 227 471 312 223 482 347 435 375 244 216 46 264 313 210 79 428 10 354 363 479 179 104 432 81 119 53 285 384 402 2
308 180 318 54 121 306 66 174 303 218 322 189 156 483 47 151 87 382 208 497 495 127 348 315 317 430 454 152 499 304 302 281 238 192 246 83 472 220 445 249 251 86 236 258 423 4 5 163 207 169 93 267 101 438 439
143 85 373 219 409 261 106 133 211 351 224 425 291 412 372 417 217 476 243 12 415 410 247 398 213 157 433 184 324 437 321 232 427 73 299 63 404 257 381 215 67 254 130 473 109 444 326 126 297 383 39 457 369 95
113 29 64 341 293 397 98 491 419 387 336 399 125 186 331 377 379 196 400 201 160 422 197 43 241 32 120 485 356 7 202 421 450 333 13 149 280 248 6 464 237 270 19 107 239 394 100
158 11 368 129 103 168 170 153 320 194 70 389 282 288 446 117 390 459 16 465 193 407 26 256 468 162 469 233 352 68 337 123 137 94 144 408 48 182 36 386 183 3 484 21 191 77 114 391 349 205
185 474 69 330 102 84 60 361 142 200 221 436 332 45 22 71 176 37 449 41 411 279 30 59 1 467 443 116 380 346 362 31 195 480 431 20 52 273 413 171 146 58 147 150
265 284 477 242 108 420 463 140 478 494 33 110 489 74 128 35 487 316 42 122 388 148 338 260 496 159 434 414 327 392 429 262 72 190 230 271 154 225 209 96 112 416 177 268 426 371 55 166 56
287 259 452 51 164 350 335 88 370 253 447 27 294 272 462 228 15 97 376 342 14 138 364 305 105 187 325 456 442 493 76 488 355 319 403 343 307 167 275 441 323 358 175 470 475 339 89 440
255 203 328 234 165 134 453 500 492 345 498 283 139 263 25 188 57 8 329 226 155 214 222 401 374 451 250 206 50 490 245 276 378 252 334 365 132 115 310 274 309 314 161 49 172 295
