13090
337 584 433 543 152 549 683 417 302 351 212 643 387 566 150 585 413 328 611 355 393 335 200 386 261 630 666 415 24 558 690 297 697 418 507 23 201 220 203 260 157 240 333 74 610 114 189 636 574 573 86 259 154 446 5 324 470 349
564 609 522 318 315 290 427 336 679 648 48 504 494 248 620 18 661 45 441 178 59 539 368 516 327 159 480 471 644 485 110 676 436 69 366 482 402 547 192 255 267 641 71 205 294 568 206 578 107 647 394 94 669 474 668 146 298 553 296
263 130 652 604 587 650 559 116 623 122 88 164 234 172 276 108 279 269 379 312 454 511 339 428 33 631 11 309 262 41 29 414 292 451 689 695 510 198 663 399 174 340 62 376 496 555 362 256 26 28 221 6 540 499 452 678 599
381 38 264 398 542 66 251 583 145 628 330 626 613 194 614 635 187 136 350 230 257 30 382 278 291 308 341 83 581 459 233 478 508 377 617 562 675 458 68 171 109 391 671 222 137 642 513 323 670 289 293 456 166
316 367 304 197 76 72 9 640 149 79 235 199 19 651 448 103 265 306 13 151 281 411 463 135 378 449 361 60 253 365 487 384 533 168 353 688 54 56 208 495 143 21 70 243 271 532 191 228 46 320 161 672 182 342 156 246 20 77 596 595
460 693 601 684 567 590 144 148 140 307 274 450 346 632 550 180 548 231 223 49 607 303 352 602 455 163 512 258 245 81 344 4 325 477 646 25 347 538 64 134 524 311 138 563 649 218 370 484 295 119 680 457 467 406 358 185 501 34 211 489
225 277 656 215 87 408 177 125 284 36 213 593 112 493 354 431 383 80 247 126 96 310 505 503 52 416 473 624 582 167 409 506 58 497 544 43 375 639 657 229 447 160 224 123 462 313 531 280 2 39 115 627 363 227 118 691 50
653 586 389 426 162 141 338 612 686 3 515 10 405 334 419 343 619 95 654 488 634 16 645 210 664 319 440 40 35 204 698 252 403 576 589 270 15 546 529 89 435 117 476 500 53 528 662 285 202 326 193 232 84 99 120 424 625 275 498 214 1 535 188
61 314 565 527 44 165 491 170 606 55 105 155 655 242 173 380 514 637 92 401 658 133 100 694 443 124 190 618 603 219 321 518 73 32 373 492 687 207 37 65 331 472 374 600 22 412 396 466 102 580 345 569 176 434 481 305
660 93 209 423 665 629 329 273 432 552 615 287 469 561 575 392 521 439 250 490 557 530 422 299 461 301 534 75 437 91 288 677 445 420 356 633 502 158 616 129 475 236 390 673 181 97 98 385 51 85 147 674 82 404 78 438 57 184 591 400 429
588 608 139 681 554 131 216 121 195 183 17 268 592 551 545 300 696 282 526 47 266 430 104 283 239 444 332 179 249 570 579 186 598 556 468 464 509 360 31 685 106 364 132 659 388 571 128 169 560 7 272 442 359 254 410 537 692 113 519
577 357 667 597 605 175 237 541 286 153 523 226 479 483 465 407 372 111 14 127 27 397 348 699 217 322 453 369 42 371 682 63 594 517 238 90 244 700 317 67 525 241 12 421 572 622 621 486 536 395 101 196 142 425 8 638 520
