18455
185 143 85 373 219 409 350 311 92 200 181 135 82 212 44 65 331 415 247 398 157 159 324 256 468 162 469 244 216 46 264 380 254 130 195 480 431 258 310 274 314 426 371 161 475 172 295
158 11 368 129 103 98 306 66 174 303 447 498 283 139 71 176 122 410 290 62 34 496 312 342 14 454 105 187 325 63 404 257 76 276 378 252 403 209 96 112 416 297 383 39 391 394 147 150
308 180 318 298 453 500 194 492 425 489 74 128 35 487 117 188 382 208 91 449 41 260 214 141 407 434 401 327 392 429 262 72 190 230 202 421 346 362 31 473 109 444 275 441 323 358 175 470 349 439
474 69 330 102 397 168 170 153 320 289 33 110 336 399 125 316 42 462 12 228 497 495 127 348 315 317 437 321 232 435 375 299 250 206 50 490 137 210 192 408 450 333 13 343 307 167 326 20 4 5 270 19 107 239 339 89
255 203 328 234 165 134 60 361 142 224 292 458 360 229 272 385 37 196 367 226 155 160 422 481 152 499 353 296 24 460 405 245 215 67 355 319 445 198 124 301 423 52 273 413 309 461 178 235 100 440
265 284 477 199 395 359 121 300 38 396 278 221 436 332 45 22 186 390 459 148 338 193 111 414 374 451 485 356 7 381 79 428 10 251 86 236 115 286 455 357 53 285 384 56
287 259 452 51 84 366 335 88 370 70 75 291 412 372 417 217 476 118 377 388 15 97 376 433 279 430 347 32 120 304 302 281 238 488 154 225 149 280 248 6 484 21 191 77 114 55 166 448 23
277 424 204 80 18 164 261 106 133 211 351 253 389 27 294 263 25 87 57 379 400 201 411 222 43 241 427 73 233 352 68 337 123 271 246 83 472 220 249 354 363 479 179 104 432 171 146 58 49 402 2
17 136 242 108 420 463 140 478 494 387 218 322 189 156 483 47 151 28 406 16 465 213 227 184 197 26 364 305 30 59 1 467 443 116 94 144 48 182 334 365 132 231 393 126 163 119 207 457 369 205
113 29 64 341 293 54 486 491 419 40 61 345 282 288 446 131 243 78 99 418 8 329 269 145 173 471 223 482 138 240 9 344 456 442 493 313 90 266 466 340 36 386 183 3 464 237 268 177 81 169 93 267 101 438 95
