18466
277 29 64 341 293 298 453 500 40 110 345 282 288 446 186 87 57 379 418 91 148 338 260 496 471 159 317 414 327 392 429 262 72 190 230 137 94 144 246 254 130 36 386 183 3 310 177 323 358 175 470 101 438
474 69 330 102 397 98 491 419 351 224 181 135 82 212 44 65 12 228 15 97 376 141 111 482 241 427 73 299 250 206 50 490 381 215 378 10 251 86 236 258 423 52 273 268 426 371 394 172 448 23
17 136 51 84 60 361 142 200 75 291 412 372 417 217 131 385 390 459 208 196 400 201 160 422 312 324 437 321 232 32 120 485 356 7 202 380 192 154 225 249 334 365 124 301 115 21 126 81 169 93 267 349 205
308 180 318 54 261 106 133 211 370 253 389 27 294 272 25 28 382 99 290 62 34 157 407 342 14 138 364 435 375 244 216 46 264 313 210 90 83 472 220 252 343 307 167 484 274 314 297 383 39 285 147 95
158 11 368 129 103 121 311 92 61 425 489 74 128 35 487 316 42 377 497 495 127 348 315 197 401 240 9 344 353 456 442 493 245 276 355 319 445 149 280 248 6 464 237 413 171 146 58 49 339 89 439
265 284 477 199 395 168 170 153 320 289 278 447 498 283 139 263 462 78 8 329 269 145 173 434 43 30 59 1 467 443 116 421 428 403 209 96 112 416 191 77 114 391 384 56
287 259 452 242 108 420 463 140 478 494 387 492 322 189 156 483 47 71 176 118 122 415 388 16 465 411 184 279 430 256 305 374 451 296 24 460 405 67 408 450 333 13 473 109 444 231 393 286 455 357 53 457 369 402 2
255 203 328 234 165 134 366 306 66 174 303 218 292 458 360 229 151 188 406 367 226 155 214 433 222 26 454 105 187 325 63 404 257 76 79 48 182 195 480 431 275 441 309 461 178 235 100 295
185 113 424 204 80 18 164 359 486 300 38 396 33 336 399 125 117 37 410 247 398 213 227 223 481 468 162 469 233 352 68 337 123 271 266 466 340 354 363 479 179 104 432 163 119 207 239 55 166 440
143 85 373 219 409 350 335 88 194 70 221 436 332 45 22 476 243 331 449 41 193 347 152 499 304 302 281 238 488 346 362 31 198 132 326 20 4 5 270 19 107 161 475 150
