18435
287 259 452 242 108 420 463 140 478 494 387 492 292 458 360 229 186 390 87 12 228 91 148 338 193 141 222 26 256 30 59 1 467 443 116 313 90 346 362 198 132 115 310 274 323 358 114 391 384 339 89 2
308 180 318 54 261 106 133 211 370 253 389 27 294 272 385 118 122 415 410 290 62 34 227 471 159 223 482 240 9 344 304 302 281 271 254 130 36 386 183 3 484 21 191 77 39 457 56
255 203 328 234 165 134 453 500 224 447 282 288 446 117 459 208 247 398 213 157 407 342 43 305 374 451 353 296 24 460 405 192 154 225 31 251 86 236 20 4 5 270 19 107 239 295
143 85 102 84 60 361 142 336 498 283 139 131 25 28 406 497 495 127 348 315 317 437 321 232 427 73 299 250 206 50 490 137 450 333 13 343 307 167 275 441 268 426 371 285 369 205
17 136 80 18 298 366 311 92 200 221 436 332 45 22 71 176 57 196 367 226 155 214 422 312 324 481 241 32 120 485 356 7 76 421 408 48 182 149 280 248 6 326 126 81 119 53 55 166 439
158 11 368 129 103 486 300 38 396 40 278 218 322 189 156 483 47 151 99 418 8 329 269 145 173 434 401 327 392 429 262 72 190 230 202 380 355 319 10 473 109 444 464 237 297 383 175 470 475 172 448 23
185 113 424 204 373 219 409 121 306 66 174 303 425 489 74 128 35 487 316 44 243 331 377 379 449 41 260 496 111 414 347 152 499 456 442 493 238 488 266 466 340 354 363 479 179 104 432 163 207 169 93 267 101 100 440
277 29 64 341 293 397 98 491 419 351 61 75 291 412 372 417 42 188 382 388 16 465 411 14 454 105 187 325 63 404 257 245 215 67 246 83 472 220 445 249 195 480 431 258 423 52 273 413 171 146 58 394 147 95
474 69 330 51 164 168 170 153 320 289 33 110 345 399 125 217 476 65 462 78 400 201 160 279 430 138 364 435 469 233 352 68 337 123 94 144 79 428 252 334 365 124 301 112 416 177 357 461 178 235 438 402
265 284 477 199 395 359 350 335 88 194 70 181 135 82 212 263 37 15 97 376 433 184 197 468 162 375 244 216 46 264 381 210 276 378 403 209 96 231 393 286 455 309 314 161 49 349 150
