5095
76 337 725 496 224 438 418 957 506 894 547 338 93 159 624 124 815 513 3 534 585 675 407 453 883 664 511 949 963 73 95 494 783 846 748 560 67 192 168 690 795 305 906 788 196 673 214 764 266 232 108 47 595 987 265 14 995 452 579 912 219 848 684 358 314
258 824 990 955 554 141 262 727 854 781 6 831 134 255 343 926 204 428 930 114 812 446 275 544 572 555 710 5 584 251 923 72 557 594 230 283 516 869 325 173 130 422 316 539 433 43 480 414 552 984 297 390 922 678 649 175 375 714 598 834 394 92 970 688 532
158 30 87 651 37 863 966 589 176 388 210 765 760 48 413 546 339 977 802 636 943 342 633 503 881 381 972 156 86 247 335 279 304 205 705 119 137 154 794 566 78 789 180 106 317 885 646 370 282 178 234 32 755 246 36 340 21 330 618 916 90 540 426 429 960
873 202 383 543 24 9 998 751 803 895 11 580 631 216 565 928 722 597 393 301 653 650 644 347 298 435 766 747 28 830 752 898 628 509 489 209 706 596 121 844 153 541 126 737 77 386 307 421 665 787 800 517 630 842 829 888 254 63 850 905 632 663 931 600 609
839 79 157 993 477 889 716 25 41 40 709 717 497 98 359 457 925 277 614 415 284 379 884 402 804 423 855 288 484 479 439 671 569 833 225 934 635 924 33 371 712 563 53 880 191 167 524 491 608 286 499 973 287 634 757 911 427 109 525 303 82 991 240 847 545 985
954 336 198 150 228 535 719 645 69 136 355 420 374 946 810 17 61 16 187 1 296 319 135 703 828 549 194 140 676 382 900 763 233 771 112 562 13 229 74 564 295 271 276 742 280 603 400 362 312 918 938 263 610 818 278 708 613 361 982 785 144 964 979 936 487 398 460 530
493 573 492 891 593 105 681 132 290 424 463 366 856 730 733 291 520 188 968 711 369 890 133 190 22 55 914 462 450 160 59 643 227 64 201 464 740 320 373 103 767 696 434 308 96 387 853 18 604 874 58 448 117 687 599 97 518 384 323 248 471 641 720 322 166 999
408 385 405 864 508 942 68 782 527 502 145 940 170 838 583 91 482 806 346 208 226 680 352 658 57 483 861 142 576 693 620 118 629 568 437 172 528 587 332 958 736 139 832 149 992 523 396 758 461 981 674 809 908 679 823 704 169 556 107 988 870
4 868 431 341 969 762 349 436 904 510 243 686 127 559 331 933 344 60 512 944 289 486 397 281 797 302 575 997 586 876 459 116 799 218 195 488 357 469 237 843 261 417 776 611 521 451 35 515 654 526 83 269 80 252 161 399 849 945 454 655 731 724 102 867 177 622 318 241
976 155 538 363 648 165 125 147 29 267 778 356 826 798 367 31 272 419 458 45 744 986 143 522 313 919 10 700 661 310 729 721 131 860 959 211 46 8 122 915 416 652 640 619 12 179 920 186 683 442 249 698 875 817 372 466 514 238 952 222 65 685 389 816 659 820 360
231 537 164 607 550 808 220 185 625 768 504 403 490 626 896 668 592 699 670 591 814 52 207 715 259 455 42 735 99 695 897 505 242 761 26 326 616 274 745 784 702 123 215 62 309 235 376 617 353 739 285 627 962 412 637 206 886 56 200 519 807 639 89 910 270 615 148 445
877 138 602 531 151 467 328 236 128 184 223 907 638 917 84 213 893 411 15 950 197 430 974 769 578 577 786 872 750 409 85 273 548 181 406 827 311 440 2 253 956 581 23 707 193 410 111 529 975 19 441 728 692 470 500 474 364 821 666 245 100 796 129 811 299 199 913 780 697 935 902 501 49 965 660 939 350
862 7 54 882 465 44 971 726 677 401 120 293 567 732 606 978 329 689 495 257 391 775 395 879 70 754 996 183 425 756 612 779 574 791 840 865 75 152 691 980 88 71 163 738 171 921 378 473 662 590 746 468 773 472 27 932 858 354 268 903 871 669 380 476 561 348
444 404 656 657 365 866 447 212 294 801 81 101 1000 115 851 256 837 221 937 536 321 475 857 377 667 753 792 759 819 605 743 582 239 315 841 250 701 551 113 571 951 852 845 947 50 217 292 20 351 51 642 994 456 713 948 558 485 182 941 836 859 793 542 878 983 333 94 601 189
498 741 588 553 723 770 774 392 825 901 478 162 647 203 570 264 892 110 734 805 34 790 822 327 887 961 449 813 66 324 835 623 174 953 909 967 306 345 989 507 718 38 146 260 694 927 300 334 39 772 929 481 899 443 682 368 749 432 672 777 533 621 244 104
