5148
76 336 431 198 164 607 550 808 220 185 128 267 355 717 203 339 31 411 838 3 534 585 884 402 804 423 855 879 352 658 695 897 59 66 324 628 623 174 748 560 103 74 947 271 276 718 215 728 692 196 186 683 214 263 39 772 929 481 518 811 299 519 807 982 542 878 632 219 983 333 94 601 358 314
839 258 537 37 863 593 889 716 25 478 803 895 338 93 293 221 925 277 978 950 944 289 486 397 281 797 302 575 997 680 961 435 450 160 505 841 201 701 551 113 571 566 516 967 168 776 611 989 507 451 191 167 524 736 43 269 421 285 552 984 466 514 238 859 793 303 979 848 615 532
954 741 588 341 228 882 465 29 781 101 1000 115 134 17 893 937 536 110 670 591 814 52 207 759 819 735 99 57 181 304 205 705 119 934 373 767 528 309 470 500 474 364 58 739 252 523 396 758 941 886 56 368 913 903 540 672 556 107 545 189
976 498 87 651 862 492 543 774 392 825 942 68 782 527 502 946 810 730 331 933 16 187 91 482 806 346 453 883 664 55 86 409 900 763 439 643 756 251 923 574 791 840 75 789 306 437 640 619 12 179 146 235 376 370 480 80 665 787 800 517 630 443 330 809 639 749 389 720 659 684 561 348
873 202 363 531 866 105 681 132 290 162 907 638 11 256 668 272 606 512 319 135 703 828 549 194 140 586 382 484 661 963 73 95 242 761 72 557 326 616 274 78 345 521 111 529 975 19 541 126 737 433 673 713 948 32 755 246 412 637 27 945 427 655 731 724 102 867 935 902 777 533 621 244 104
877 155 538 383 966 589 438 418 957 625 709 420 374 917 837 733 61 565 321 188 968 986 143 522 313 919 288 462 479 729 721 131 357 469 237 843 261 745 784 702 217 563 53 844 153 738 171 526 491 386 307 448 117 687 599 297 708 678 649 200 323 525 785 144 910 394 92 240 847 999
496 165 176 388 210 44 904 510 243 490 626 159 624 291 344 583 415 45 930 711 369 890 650 644 455 42 10 700 766 747 584 860 898 26 320 489 951 581 915 564 152 691 20 603 885 260 694 927 300 666 245 287 634 757 842 454 175 63 850 905 912 270 965 460
138 602 405 864 508 294 40 6 48 413 546 896 98 359 567 732 520 204 342 633 974 769 578 133 190 22 676 298 459 582 548 183 425 827 311 440 2 253 956 33 416 50 325 795 742 280 38 351 35 515 654 312 918 938 746 468 773 472 461 981 674 354 89 82 936 487 398 148 530
231 337 990 955 891 151 262 727 854 801 971 726 677 401 686 127 559 977 802 264 15 857 377 667 753 822 327 347 511 996 239 494 783 846 230 283 568 707 652 121 434 106 317 51 642 958 362 77 139 832 334 610 818 278 911 829 888 199 248 471 641 669 380 476 660 241
158 30 157 657 365 969 125 147 184 223 647 497 570 926 614 928 722 744 393 301 653 275 544 887 750 605 743 949 483 233 64 959 833 225 13 229 852 869 193 410 172 880 316 539 994 617 353 499 992 558 36 340 21 922 384 361 916 90 964 322 429 960
79 404 656 993 477 447 212 645 69 81 768 504 403 145 367 216 419 458 428 597 503 881 381 972 156 247 335 279 28 830 227 142 576 693 740 594 953 909 209 706 596 180 123 646 608 821 149 100 796 129 932 858 952 222 452 714 598 704 169 991 970 688 985
385 553 723 770 24 9 998 751 136 778 356 826 798 940 124 636 475 734 805 34 790 792 775 395 70 710 5 406 315 671 569 835 464 620 118 629 924 192 712 173 308 96 62 906 920 456 442 249 698 875 817 372 97 206 682 618 65 685 579 871 501 49 820 360 445
4 408 824 493 150 554 535 719 436 424 760 851 580 631 457 592 943 699 689 675 407 577 786 572 555 85 273 813 771 112 562 137 154 794 865 417 371 690 292 130 422 587 332 400 83 282 178 234 627 962 485 182 899 987 265 14 995 268 780 697 834 663 931 600 609
444 868 725 573 7 54 141 467 328 236 41 506 894 547 831 856 255 343 815 513 60 296 197 430 114 812 446 208 226 876 754 116 799 861 612 779 211 46 8 67 845 295 696 980 88 71 163 441 604 874 414 973 161 399 849 390 613 254 908 679 823 177 622 318 939 350
648 224 762 349 901 765 463 366 120 84 213 170 892 1 329 284 379 495 257 391 715 259 872 914 449 310 218 195 488 752 250 509 635 122 23 305 387 853 788 18 921 378 473 662 286 590 764 266 232 108 47 595 836 109 375 432 816 426 166 988 870
