5095
839 741 202 496 607 550 808 220 185 128 765 760 831 203 255 31 272 419 188 968 884 402 822 327 887 750 605 247 335 479 813 95 860 959 833 225 13 748 489 78 121 434 718 191 920 654 376 617 353 739 252 523 396 757 842 886 56 618 913 903 540 669 380 476 561 348
444 553 993 477 889 716 25 41 40 709 717 851 580 570 291 344 296 928 722 744 986 143 453 883 664 879 484 279 28 643 66 569 835 620 118 629 924 75 596 529 305 587 332 994 646 139 713 948 552 984 758 514 811 299 908 679 823 935 902 991 166 999
79 404 656 862 150 966 589 467 328 236 478 162 647 120 293 221 264 892 614 857 377 667 753 792 759 42 735 462 450 160 505 752 898 119 137 154 794 283 767 696 980 88 71 163 603 235 736 43 58 448 117 687 599 97 206 454 254 199 749 389 82 848 240 847 988 870
873 588 7 224 762 349 436 184 223 907 638 856 84 213 893 937 536 321 475 689 486 711 369 890 522 313 919 288 459 116 799 233 827 311 440 2 253 956 852 706 437 292 130 422 35 515 673 214 263 610 818 278 981 674 655 525 89 910 219 983 659 684 314
4 408 824 725 648 864 508 942 625 6 374 917 343 592 204 415 734 805 34 790 577 786 395 876 449 310 218 195 488 112 237 843 373 103 845 947 690 180 106 541 692 470 694 269 249 698 32 755 246 36 340 21 922 678 649 175 63 303 177 936 487 398 460 530
976 138 602 405 228 535 719 294 971 726 677 401 134 17 933 606 110 197 430 114 812 446 208 226 586 86 409 582 239 830 227 142 250 740 326 616 274 909 33 869 217 521 111 20 351 51 167 171 77 456 480 80 764 266 232 108 47 595 613 809 916 90 598 871 816 777 429 960
155 538 657 365 866 882 465 957 801 803 895 502 145 559 977 636 534 585 675 653 275 140 819 352 710 729 721 131 494 783 509 560 122 23 209 295 193 172 742 280 38 738 433 83 927 300 665 787 800 517 630 911 829 888 952 222 65 685 579 912 394 92 970 688 609
954 385 723 770 24 9 998 69 81 768 504 403 490 626 631 457 925 277 978 699 670 591 393 301 881 381 972 156 10 700 661 996 183 425 64 324 574 791 229 566 516 967 168 776 611 989 528 215 728 958 186 683 442 666 245 100 796 129 708 427 200 519 807 639 248 471 641 501 49 820 360
76 336 431 383 543 151 125 147 29 267 778 356 826 798 256 940 359 567 61 838 458 428 597 503 407 133 190 22 680 961 435 766 747 406 315 242 761 26 320 953 951 581 784 702 652 640 619 12 62 126 788 18 921 378 473 874 421 334 627 962 412 637 987 265 14 995 850 905 834 663 931 600 532
231 337 341 165 176 388 210 781 101 1000 115 946 810 730 331 926 1 3 329 284 379 495 257 391 715 259 872 55 914 99 695 439 756 205 705 464 72 557 594 230 74 707 271 410 795 975 19 316 885 500 474 364 590 149 992 558 485 182 858 361 982 785 144 964 979 556 107 545 985
498 87 651 198 164 774 392 825 901 506 894 547 413 546 896 668 216 16 187 943 342 633 814 52 207 544 572 555 658 57 5 584 841 201 562 934 635 67 915 152 345 173 308 96 906 539 526 491 386 307 499 161 399 849 27 461 238 859 793 542 867 672 426 333 94 601 358 189
531 554 141 447 212 645 751 136 355 420 48 497 367 624 170 565 950 944 289 397 281 797 804 423 676 298 900 763 548 181 304 612 779 211 46 8 865 417 416 50 880 387 146 524 604 918 938 821 285 875 817 372 466 899 443 330 368 731 724 432 704 169 533 621 244 104
877 868 493 573 492 891 593 105 681 132 290 424 463 366 686 127 837 733 411 513 60 512 319 135 703 828 549 194 775 855 70 754 897 59 251 923 628 623 174 261 745 371 712 563 53 123 179 642 196 608 832 746 468 773 472 932 945 384 354 268 780 878 720 270 965 660 939 350
158 30 157 363 990 955 969 262 727 854 44 904 510 243 11 339 98 124 815 15 91 482 806 346 650 644 347 511 949 963 73 671 576 693 846 840 568 691 507 451 317 309 737 260 370 282 178 973 287 634 297 390 941 836 109 375 102 632 322 615 148 445
258 537 37 863 54 438 418 68 782 527 338 93 159 802 732 520 583 45 930 974 769 578 302 575 997 455 382 743 85 273 483 861 771 357 469 701 551 113 571 192 564 789 306 325 276 844 153 441 853 400 362 312 662 286 414 234 39 772 929 481 518 682 323 452 714 697 622 318 241
