13090
460 588 652 604 587 650 559 336 338 612 79 235 615 199 334 419 548 380 126 96 505 503 382 361 485 110 365 487 384 292 158 616 90 198 663 67 525 132 659 109 496 555 119 680 457 580 196 363 227 8 638 520 595
693 38 433 543 87 679 648 302 122 88 105 405 561 651 431 383 279 269 379 312 454 511 339 428 437 258 81 344 4 325 477 646 598 556 238 375 495 143 685 610 340 271 532 85 147 84 560 120 115 345 438 57 184 591 400 429
381 93 389 398 542 683 148 541 286 153 523 226 493 330 180 343 194 614 635 187 136 327 159 455 163 52 33 630 11 309 445 420 356 633 502 482 402 547 192 687 207 97 53 189 636 326 193 531 671 169 161 39 272 442 446 6 540 289 293 456 166
61 314 130 139 681 162 549 177 125 48 351 212 18 661 45 585 413 328 611 355 602 480 471 133 100 416 288 677 618 603 219 321 518 73 32 373 56 208 509 360 31 500 114 62 376 421 573 256 99 467 627 323 410 434 481 305
653 586 565 527 152 175 640 149 504 494 248 287 469 172 276 108 439 250 514 637 461 301 658 283 217 443 124 190 262 41 29 414 366 451 689 695 510 240 333 447 98 331 472 202 574 622 621 222 137 647 394 513 156 246 20 77 596
660 209 215 554 131 141 417 432 552 515 10 346 632 550 626 613 619 247 490 557 530 422 299 230 257 30 534 75 694 291 308 341 83 581 459 233 478 508 377 15 546 529 89 117 267 399 174 385 51 391 362 674 82 2 154 182 342 142 425 324 470 349
337 584 522 318 426 665 629 116 623 140 307 274 450 164 387 566 150 441 265 80 526 47 266 350 393 335 200 644 440 322 666 415 24 558 690 249 570 579 186 576 589 270 260 157 562 675 641 71 205 294 600 22 412 232 46 320 7 359 221 569 176 118 691 50
225 601 684 423 567 590 329 251 583 145 643 479 483 465 407 372 488 634 16 645 210 386 261 91 40 35 204 297 697 418 507 23 506 58 497 544 43 617 134 524 311 138 563 160 224 123 462 572 191 280 404 28 5 499 452 678 599
263 304 197 72 9 216 273 284 36 183 17 234 354 242 173 306 13 151 281 411 92 401 664 319 239 453 369 42 371 682 63 594 517 64 435 255 476 37 364 528 662 285 374 313 486 259 642 94 424 254 670 537 692 113 519
564 609 277 656 76 44 408 237 606 55 620 155 655 448 103 231 223 49 607 303 310 463 135 378 512 278 631 473 624 582 167 409 25 347 538 129 244 700 317 21 106 241 12 484 295 228 86 536 395 672 78 625 275 498 214 1 535 188
577 608 264 597 605 66 491 170 195 213 593 268 628 551 545 300 696 282 95 654 111 14 127 27 397 348 699 60 253 676 436 69 533 201 220 203 492 639 657 229 458 68 65 218 370 388 571 128 206 578 107 26 406 358 185 501 34 211 489
316 367 357 667 315 290 427 165 144 121 686 3 112 592 19 575 392 521 178 59 539 368 516 352 430 104 449 245 444 332 179 698 252 403 168 353 688 54 468 464 475 236 390 673 181 74 70 243 649 171 568 396 466 102 101 669 474 668 146 298 553 296
