13378
564 316 367 357 667 315 290 427 165 144 491 417 302 686 3 515 620 387 566 150 441 282 526 368 516 16 645 210 319 361 443 124 253 262 41 356 233 478 576 589 270 15 90 198 663 67 525 12 484 496 191 228 362 674 82 272 442 406 221 5 324 470 349
61 314 277 656 426 76 665 629 66 338 149 79 235 10 592 19 300 696 407 372 111 14 127 92 401 658 644 437 258 40 190 618 167 409 201 220 203 260 157 562 675 685 106 241 132 659 555 119 259 182 342 156 670 537 692 400 429
460 337 584 209 681 554 131 408 177 125 612 286 153 199 334 419 548 619 95 654 488 530 312 454 511 339 428 283 308 309 204 603 219 403 168 353 688 54 375 495 143 21 458 68 53 218 370 388 22 412 680 26 669 474 668 146 298 553 296
577 601 684 567 590 175 216 121 195 183 17 346 632 550 180 343 380 514 49 422 299 27 397 348 52 485 110 341 42 371 414 366 482 402 547 192 687 207 37 364 528 662 285 374 295 46 320 102 672 580 345 438 57 184 591 293 188
693 130 389 215 44 549 640 623 122 88 105 405 561 483 465 231 223 187 136 327 461 301 664 217 245 473 624 582 487 384 502 598 556 129 244 700 317 447 65 171 109 313 531 84 560 154 513 323 410 434 481 305
381 93 652 604 162 141 170 583 145 523 226 493 330 242 439 250 490 557 47 266 350 602 455 163 512 440 322 81 344 4 698 252 682 518 73 32 546 529 240 333 97 160 224 123 391 232 86 536 137 642 394 467 627 254 498 214 1 113 519
653 586 565 527 597 605 679 648 284 36 213 593 112 628 551 545 655 626 613 194 614 635 269 607 303 352 159 480 471 699 278 630 453 369 179 249 570 579 186 508 377 43 617 134 524 311 74 610 98 331 472 294 600 326 193 256 395 196 142 425 118 691 50
263 433 543 152 329 273 606 307 274 450 18 661 575 392 521 178 59 539 634 430 104 449 91 288 677 445 420 29 507 23 506 58 497 544 238 64 435 255 31 399 174 114 189 636 571 128 280 647 120 115 28 625 275 246 20 77 596
225 608 264 423 87 251 140 55 268 155 45 585 265 80 247 126 96 310 505 503 382 33 239 444 24 558 690 297 697 418 633 292 158 616 468 464 475 236 390 673 181 641 340 62 376 421 568 396 466 2 7 94 424 6 540 499 452 678 599
660 304 197 72 9 336 237 541 504 494 248 164 234 354 431 383 279 379 637 230 257 30 133 100 694 291 60 332 676 436 69 533 25 347 538 373 510 639 657 229 563 205 202 574 622 621 486 169 161 457 101 359 363 227 8 638 520 595
609 522 318 587 542 116 48 552 615 287 469 172 276 108 413 328 611 355 393 335 200 386 631 11 35 365 325 477 646 451 689 695 56 208 509 360 476 500 71 385 51 462 572 573 206 578 107 404 446 569 176 289 535 456 166
588 38 139 398 650 559 683 148 432 351 212 643 479 651 448 103 173 306 13 151 281 411 463 135 378 534 75 261 416 666 415 83 581 459 321 63 594 517 492 89 117 267 138 70 243 649 271 532 85 147 671 222 99 39 78 358 185 501 34 211 489
