13521
660 93 652 604 587 650 559 683 148 541 286 153 523 155 655 242 231 223 49 607 266 430 104 319 416 666 415 24 558 690 249 570 579 63 451 689 695 56 208 509 360 476 458 68 98 331 472 294 421 568 536 280 404 115 182 342 142 425 184 591 400 429
577 357 667 72 9 408 177 125 612 36 183 17 493 172 276 108 380 514 637 461 301 382 133 278 291 110 365 487 384 533 168 353 688 54 468 464 198 663 67 525 241 62 376 574 622 621 486 169 161 39 442 446 6 540 289 535 188
61 314 522 318 605 175 216 640 302 140 307 274 450 592 545 300 696 282 95 654 111 14 350 393 335 200 534 33 361 453 369 42 41 477 646 576 589 270 15 375 240 333 97 65 12 484 326 193 46 320 394 467 406 569 176 8 638 520 595
337 584 209 423 567 590 144 170 606 55 10 164 234 354 626 613 265 80 526 47 281 411 92 401 658 75 694 485 40 35 676 436 69 502 594 517 546 192 134 524 311 610 340 171 600 496 555 119 84 560 154 513 625 275 246 20 77 596
460 588 608 264 597 542 165 121 686 3 268 628 551 561 651 431 383 413 328 611 355 463 135 378 512 217 308 341 83 581 698 252 403 518 73 32 129 562 675 685 37 53 224 123 572 191 228 362 674 99 94 627 438 57 118 691 50
564 225 433 543 152 549 679 648 48 504 494 248 346 632 550 180 548 619 247 126 96 310 505 503 52 437 91 473 253 204 297 697 371 478 508 377 373 510 495 143 21 106 364 385 51 462 391 232 86 222 137 647 120 78 358 185 501 34 211 489
653 586 601 684 315 87 336 251 122 88 105 405 334 419 585 178 59 539 368 516 352 159 455 163 699 440 322 288 677 445 420 356 633 23 201 220 203 492 687 207 74 174 114 189 636 22 412 531 671 680 26 580 345 254 498 214 1 113 519
609 565 527 76 665 629 237 195 213 593 112 18 661 45 465 407 372 488 634 16 645 210 386 261 630 11 309 262 459 233 292 158 616 43 617 435 255 31 399 563 528 662 285 374 85 147 256 82 2 7 101 196 5 537 692 293 456 166
316 367 277 656 426 44 491 273 623 583 145 515 620 199 19 575 392 521 306 13 151 312 454 511 339 428 283 443 124 190 618 603 219 321 25 347 538 64 639 657 229 447 160 132 659 109 313 396 466 102 672 359 156 670 499 452 678 599
381 38 139 681 162 66 338 149 351 212 226 479 483 343 439 250 490 557 530 422 327 602 480 471 644 239 81 344 4 167 409 506 58 497 544 238 90 244 700 317 500 71 205 202 573 206 578 107 642 28 221 474 668 146 298 553 296
693 304 197 398 290 427 329 116 284 79 235 615 287 469 330 448 103 194 614 635 187 136 303 127 27 397 348 449 258 245 60 624 582 682 29 414 366 482 402 547 529 89 117 267 138 70 243 271 532 571 128 259 457 424 323 410 434 481 305
263 130 389 215 554 131 141 417 432 552 643 387 566 150 441 173 279 269 379 299 230 257 30 664 100 631 444 332 179 325 418 507 186 598 556 260 157 475 236 390 673 181 641 649 218 370 388 295 395 272 669 363 227 324 470 349
