18468
185 474 69 330 199 395 359 121 300 38 396 194 492 425 489 74 128 35 487 316 44 65 462 377 379 418 91 367 226 155 157 315 317 414 321 232 152 499 353 296 24 460 405 245 215 67 355 319 445 195 480 431 258 423 4 5 171 146 58 384 56
287 259 452 51 164 463 140 478 494 387 181 135 82 212 151 331 449 41 193 184 197 26 347 32 120 456 442 493 76 421 83 472 220 334 365 132 231 393 286 455 357 53 285 166
143 85 102 397 261 106 133 211 370 70 75 292 458 360 229 71 176 37 8 329 269 145 173 141 407 342 256 240 9 344 63 404 257 271 378 252 403 343 307 167 464 237 413 309 461 178 369 402 2
265 284 477 242 108 420 453 500 303 447 498 283 139 272 25 12 228 247 398 213 348 111 437 305 374 451 485 356 7 380 192 154 225 31 198 124 301 275 441 268 426 371 394 100 295
158 11 368 129 103 98 170 153 320 289 33 110 345 27 294 263 390 459 388 15 97 376 279 482 454 105 187 325 304 302 281 254 130 36 386 183 3 484 274 314 297 383 175 470 475 339 440
17 136 373 219 409 350 335 88 224 389 282 288 446 117 118 406 148 338 260 496 422 312 223 430 138 364 435 375 299 250 206 50 490 238 488 346 362 10 473 109 444 20 52 273 270 19 107 161 49 448 23
255 203 328 234 165 134 168 491 419 351 61 336 399 125 42 28 78 208 410 290 62 34 214 481 468 162 469 244 216 46 264 313 210 90 48 182 209 96 115 310 177 323 358 114 391 235 349 150
113 29 64 341 293 84 60 361 142 200 221 436 332 45 22 186 188 382 415 497 495 127 227 471 159 434 401 327 392 429 262 72 190 230 202 79 428 249 354 363 479 179 104 432 163 119 207 239 55 89 439
277 424 204 80 18 298 366 306 66 174 253 322 189 156 483 47 131 385 243 57 16 465 411 324 30 59 1 467 443 116 381 276 266 466 340 251 86 236 112 416 191 77 39 457 147 95
308 180 318 54 486 311 92 40 278 218 291 412 372 417 217 476 87 122 99 196 400 201 160 433 222 14 43 241 427 73 233 352 68 337 123 137 94 144 246 408 450 333 13 149 280 248 6 326 21 126 81 169 93 267 101 438 172 205
