18455
255 203 328 234 165 134 168 106 133 211 194 70 291 412 372 417 217 476 65 28 78 208 91 449 41 260 160 279 43 241 32 120 456 442 493 76 421 355 319 403 343 307 167 275 441 323 358 114 394 147 23
265 284 477 242 108 420 121 300 38 396 200 322 189 156 483 47 131 25 87 12 228 8 329 269 145 173 433 342 454 105 187 325 304 302 281 67 378 252 198 124 301 484 21 191 77 39 391 384 150
277 424 204 102 397 98 170 153 320 289 33 110 345 498 283 139 117 243 122 99 196 367 226 155 157 222 414 364 305 392 429 262 485 356 7 137 94 144 428 10 473 109 444 231 393 126 297 383 175 470 475 95
17 136 80 18 298 366 306 66 174 303 218 221 436 332 45 22 71 176 188 57 379 418 497 495 127 227 471 159 317 437 374 451 72 190 230 202 381 215 154 225 249 251 86 236 112 416 309 461 55 339 448
113 29 64 341 293 84 453 500 370 253 181 135 82 212 263 462 16 465 193 422 324 256 240 9 344 63 404 257 380 192 83 472 220 445 195 480 431 258 104 432 171 146 58 49 100 295
474 69 330 199 395 359 486 491 419 351 224 336 399 125 42 459 415 388 148 338 496 111 430 321 232 152 499 353 296 24 460 405 210 90 266 466 340 36 386 183 3 464 237 413 163 119 207 239 285 166 56
185 143 85 373 219 409 350 335 88 492 389 282 288 446 151 331 377 400 201 411 312 223 482 138 30 59 1 467 443 116 313 246 254 130 334 365 132 326 20 4 5 270 19 107 178 101 438 172 205
287 259 452 51 164 261 311 92 40 278 447 27 294 186 390 37 410 290 62 34 214 315 14 347 435 375 244 216 46 264 238 488 408 450 333 13 149 280 248 6 423 52 273 268 177 81 169 93 267 369 402 2
308 180 318 54 60 361 142 61 75 292 458 360 229 272 385 118 406 15 97 376 141 407 434 401 327 427 73 299 250 206 50 490 245 276 346 362 31 209 96 115 286 455 357 53 457 89 440
158 11 368 129 103 463 140 478 494 387 425 489 74 128 35 487 316 44 382 247 398 213 348 184 197 26 481 468 162 469 233 352 68 337 123 271 79 48 182 354 363 479 179 310 274 314 426 371 161 235 349 439
