18450
255 203 328 234 165 134 168 106 133 211 351 110 489 74 128 35 487 316 263 462 188 57 379 418 8 329 226 155 160 401 327 392 429 262 72 190 230 215 154 225 31 198 124 301 231 393 286 455 323 358 175 470 49 100
277 424 204 80 18 164 359 463 140 478 494 33 70 447 498 283 139 272 385 243 459 449 41 193 223 430 347 32 120 304 302 281 202 276 450 333 13 149 280 248 6 464 237 413 163 119 207 161 475 56
287 259 452 51 84 60 361 142 278 221 436 332 45 22 186 406 196 367 269 145 173 141 279 482 138 240 9 344 353 296 24 460 405 245 144 79 428 343 307 167 275 441 357 53 58 394 439
17 136 373 219 409 261 311 92 61 218 322 189 156 483 47 151 382 388 16 465 411 159 434 437 321 152 499 456 442 493 76 421 355 319 445 249 354 363 479 179 104 432 171 146 314 89 2
265 284 477 199 395 486 491 419 387 336 399 125 42 25 28 78 208 148 338 260 214 471 407 197 26 364 305 30 59 1 467 443 116 380 408 48 182 334 365 132 115 310 274 81 169 93 55 166 205
113 29 64 341 293 298 453 500 40 224 425 291 412 372 417 217 117 37 410 247 398 213 227 111 256 468 162 375 244 216 46 264 238 488 266 466 340 36 386 183 3 20 52 273 268 426 371 267 101 349 295
308 180 318 54 121 300 38 396 370 253 345 27 294 71 176 331 377 400 201 157 315 317 14 454 105 187 325 63 404 257 271 192 246 378 10 251 86 236 326 126 297 383 39 457 147 150
143 85 242 108 420 366 306 66 174 303 75 292 458 360 229 476 390 87 12 415 497 495 127 348 422 312 342 414 374 451 485 356 7 381 67 346 362 403 209 96 112 416 177 309 461 178 235 438 172 448 23
185 474 69 330 102 397 98 170 153 320 289 200 181 135 82 212 44 65 228 91 290 62 34 496 433 222 481 232 435 469 233 352 68 337 123 313 210 90 254 130 473 109 444 484 21 191 77 114 391 369 402 440
158 11 368 129 103 350 335 88 194 492 389 282 288 446 131 118 122 99 15 97 376 184 324 43 241 427 73 299 250 206 50 490 137 94 83 472 220 252 195 480 431 258 423 4 5 270 19 107 239 285 384 339 95
