18450
287 259 452 51 84 453 500 387 492 345 282 288 446 186 331 377 418 15 97 376 111 437 240 9 344 63 404 257 271 254 130 334 365 132 231 393 286 455 323 358 175 470 49 100 295
474 69 330 102 397 98 170 153 320 194 218 322 189 156 483 47 71 176 188 382 379 410 247 398 227 433 222 347 435 469 233 352 68 337 123 421 450 333 13 149 280 248 6 326 126 171 146 314 394 147 150
185 143 85 373 219 409 486 491 419 351 61 181 135 82 212 117 243 459 415 388 400 201 411 184 197 26 256 468 162 375 244 216 46 264 313 90 355 319 445 249 251 86 236 258 423 4 5 270 19 107 161 339 89 23
265 284 477 242 108 420 463 140 478 494 33 70 75 292 458 360 229 272 385 390 12 8 329 226 155 214 279 430 241 32 120 456 442 493 76 79 428 10 354 363 479 179 104 432 163 119 207 239 285 56
158 11 368 129 103 350 311 92 40 278 221 436 332 45 22 151 78 208 497 495 127 348 422 401 321 232 152 499 353 296 24 460 405 245 215 67 266 466 340 343 307 167 484 21 191 77 114 391 384 205
113 29 64 341 293 298 366 306 66 174 303 425 489 74 128 35 487 316 44 65 28 406 367 269 145 173 471 159 434 481 427 73 299 250 206 50 490 238 192 154 225 403 209 96 115 310 274 297 383 39 457 369 402 2
255 203 328 234 165 134 60 361 142 224 336 399 125 217 476 118 228 16 465 213 157 315 317 14 138 364 305 374 451 72 190 230 381 488 408 48 182 36 386 183 3 464 237 413 309 461 178 235 438 172 448
308 180 318 54 261 106 133 211 110 447 498 283 139 131 25 87 57 148 338 260 160 407 223 482 454 105 187 325 304 302 281 202 380 346 362 31 198 124 301 112 416 177 81 169 93 55 166 440
17 136 199 395 168 335 88 370 253 291 412 372 417 42 37 91 449 41 193 312 324 43 30 59 1 467 443 116 94 144 246 83 472 220 252 195 480 431 20 52 273 268 426 371 267 101 349 439
277 424 204 80 18 164 359 121 300 38 396 289 200 389 27 294 263 462 122 99 196 290 62 34 496 141 342 414 327 392 429 262 485 356 7 137 210 276 378 473 109 444 275 441 357 53 58 475 95
