18450
158 11 368 129 103 98 170 153 320 289 278 336 399 125 217 117 243 382 415 91 449 41 260 496 141 407 197 26 481 240 9 344 296 24 460 405 79 428 252 195 480 431 258 104 432 81 169 93 285 384 150
265 284 477 199 395 359 60 361 142 61 345 27 294 186 390 12 208 410 290 62 34 214 471 159 14 347 435 375 244 216 46 264 238 488 450 333 13 473 109 444 275 441 268 426 371 267 101 147 95
308 180 318 54 121 300 38 396 194 70 221 436 332 45 22 476 37 379 400 201 411 222 482 138 374 451 63 404 257 380 266 466 340 343 307 167 326 126 309 461 178 235 349 205
143 85 373 219 409 486 491 419 33 492 425 291 412 372 417 42 25 28 78 367 269 145 173 422 312 342 414 327 392 429 262 72 190 230 76 421 154 225 403 209 96 112 416 177 171 146 314 100 440
277 424 204 51 84 453 500 200 75 292 458 360 229 272 118 122 388 15 97 376 433 434 437 30 59 1 467 443 116 381 215 67 254 130 36 386 183 3 20 52 273 413 163 119 207 161 438 172 448
113 29 64 341 293 298 366 335 88 370 253 447 498 283 139 263 462 188 57 196 247 398 213 348 223 430 321 232 32 120 485 356 7 137 94 90 408 378 10 354 363 479 179 464 237 270 19 107 239 55 166 295
17 136 80 18 164 261 311 92 40 224 181 135 82 212 44 65 87 228 497 495 127 227 315 317 401 364 305 152 499 353 456 442 493 271 83 472 220 251 86 236 115 310 274 297 383 39 457 369 402 2
287 259 452 242 108 420 463 140 478 494 387 389 282 288 446 131 385 331 406 16 465 193 279 454 105 187 325 304 302 281 202 144 246 355 319 445 249 334 365 132 484 21 191 77 114 391 394 56
255 203 328 234 165 134 168 106 133 211 351 110 489 74 128 35 487 316 151 377 8 329 226 155 160 111 43 241 427 73 299 250 206 50 490 245 276 346 362 31 198 124 301 231 393 286 455 323 358 175 470 475 23
185 474 69 330 102 397 350 306 66 174 303 218 322 189 156 483 47 71 176 459 99 418 148 338 157 184 324 256 468 162 469 233 352 68 337 123 313 210 192 48 182 149 280 248 6 423 4 5 357 53 58 49 339 89 439
