18435
158 11 368 129 103 486 491 419 33 224 447 282 288 446 131 385 78 497 495 127 348 197 26 256 468 162 469 233 352 68 337 123 313 192 246 346 362 249 251 86 236 112 416 177 268 426 371 285 384 56
474 69 330 102 397 98 170 153 320 289 61 336 498 283 139 272 37 418 16 465 193 141 159 481 240 9 344 353 296 24 460 405 215 67 154 225 31 198 124 301 20 4 5 270 19 107 239 235 100 2
255 203 328 234 165 134 168 140 478 494 200 221 436 332 45 22 186 390 87 12 228 148 338 411 222 14 138 364 105 187 325 63 404 257 76 421 83 472 220 209 96 258 423 52 273 357 461 178 394 147 150
17 136 80 18 164 261 106 133 211 351 253 291 412 372 417 217 117 415 388 449 41 260 496 111 430 305 374 451 72 190 230 271 79 48 182 195 480 431 275 441 171 146 58 475 295
185 143 85 373 219 409 121 300 38 396 370 70 75 292 458 360 229 151 188 382 208 8 329 226 155 214 422 312 342 414 347 435 375 244 216 46 264 254 130 36 386 183 3 464 237 413 309 314 161 49 89
308 180 318 298 366 306 66 174 303 492 389 27 294 263 462 459 410 247 398 213 157 434 482 454 32 120 456 442 493 245 144 355 319 445 473 109 444 231 393 286 455 323 358 114 55 339 402 440
277 424 204 199 395 359 350 311 92 40 278 181 135 82 212 44 243 331 377 379 91 367 269 145 173 471 407 223 437 321 232 152 499 304 302 281 202 380 428 252 403 343 307 167 484 21 191 77 39 391 101 438 172 448 23
287 259 452 51 84 60 361 142 110 345 399 125 316 42 25 57 290 62 34 227 279 327 392 429 262 485 356 7 238 488 408 450 333 13 149 280 248 6 326 126 81 119 53 457 349 439
265 284 477 242 108 420 453 500 194 218 322 189 156 483 47 71 176 118 122 15 97 376 433 184 324 43 30 59 1 467 443 116 381 210 276 266 466 340 334 365 132 115 310 274 297 383 175 470 166 205
113 29 64 341 293 54 463 335 88 387 425 489 74 128 35 487 476 65 28 406 99 196 400 201 160 315 317 401 241 427 73 299 250 206 50 490 137 94 90 378 10 354 363 479 179 104 432 163 207 169 93 267 369 95
