18455
265 284 477 242 108 420 121 300 38 396 110 336 399 125 42 25 459 410 247 398 213 348 312 324 347 435 375 244 216 46 264 94 144 355 319 445 249 195 480 431 258 423 52 273 270 19 107 239 285 384 339 89 440
143 85 373 219 409 261 106 133 211 33 224 389 27 294 71 176 37 16 465 193 141 184 279 138 364 305 30 59 1 467 443 116 381 488 266 466 340 354 363 479 179 104 432 163 119 207 394 147 439
185 474 69 330 199 395 359 463 140 478 494 387 425 489 74 128 35 487 316 263 390 382 208 497 495 127 227 433 222 26 481 240 9 344 296 24 460 405 421 450 333 13 473 109 444 484 21 191 77 39 457 369 402
277 29 64 341 293 54 486 311 92 40 61 447 498 283 139 186 28 78 8 329 226 155 214 197 14 43 392 429 262 485 356 7 76 254 130 334 365 132 112 416 413 309 461 178 235 295
308 180 318 298 366 335 88 370 253 292 458 360 229 272 331 377 379 418 449 41 411 159 437 321 232 152 499 353 456 442 493 271 79 48 182 149 280 248 6 310 274 314 426 371 161 475 56
113 424 204 102 397 98 170 153 320 289 200 181 135 82 212 44 118 406 99 196 400 201 157 111 401 327 32 120 304 302 281 313 276 428 403 343 307 167 275 441 171 146 470 100 2
17 136 80 18 164 168 491 419 351 218 322 189 156 483 47 131 385 12 228 91 290 62 34 496 407 434 414 374 451 72 190 230 202 380 154 225 10 209 96 326 20 4 5 357 53 58 101 438 172 448 23
287 259 452 51 84 453 500 194 70 75 291 412 372 417 217 117 243 122 415 367 269 145 173 315 317 430 454 105 187 325 63 404 257 245 215 67 408 378 36 386 183 3 464 237 268 177 81 169 93 267 205
158 11 368 129 103 350 306 66 174 303 492 345 282 288 446 151 87 15 97 376 422 342 241 427 73 299 250 206 50 490 238 192 246 83 472 220 252 198 124 301 231 393 126 297 383 114 391 49 349 150
255 203 328 234 165 134 60 361 142 278 221 436 332 45 22 476 65 462 188 57 388 148 338 260 160 471 223 482 256 468 162 469 233 352 68 337 123 137 210 90 346 362 31 251 86 236 115 286 455 323 358 175 55 166 95
