18455
255 203 328 234 165 134 168 106 133 211 370 218 221 436 332 45 22 71 176 118 449 41 260 496 141 222 437 240 9 344 63 404 257 245 144 450 333 13 149 280 248 6 326 20 4 5 270 19 107 239 285 100 295
113 29 64 341 293 84 60 361 142 253 345 498 283 139 263 462 459 367 226 155 227 315 43 305 374 451 72 190 230 67 355 319 445 249 354 363 479 179 310 274 314 426 371 394 147 205
17 136 80 18 298 453 500 194 70 389 282 288 446 117 37 91 148 338 193 111 482 256 30 59 1 467 443 116 94 90 154 225 31 198 124 301 112 416 357 53 470 475 339 89 439
185 143 85 102 397 486 491 419 351 110 447 27 294 186 406 99 418 8 329 269 145 173 223 430 138 364 105 187 325 304 302 281 202 380 246 408 48 182 403 209 96 115 286 455 323 358 175 55 166
287 259 452 51 164 359 350 311 92 61 181 135 82 212 44 188 57 497 495 127 348 422 184 197 26 481 241 427 73 233 352 68 337 123 271 192 266 466 340 473 109 444 104 432 163 119 207 161 101 56
474 69 330 199 395 121 300 38 396 200 425 489 74 128 35 487 151 28 78 388 15 97 376 471 159 317 321 232 435 469 244 216 46 264 238 488 346 362 36 386 183 3 484 21 191 77 39 457 369 402 2
158 11 368 129 103 98 170 153 320 289 33 224 75 292 458 360 229 272 243 331 377 379 16 465 160 433 279 414 347 152 499 353 296 24 460 405 381 215 83 472 220 252 334 365 132 231 393 126 297 383 114 391 49 349 150
265 284 477 242 108 420 463 140 478 494 387 291 412 372 417 217 476 65 87 382 208 410 290 62 34 214 312 324 327 392 429 262 485 356 7 76 421 254 130 195 480 431 258 423 52 273 413 309 461 178 235 95
308 180 318 54 366 306 66 174 303 492 322 189 156 483 47 131 385 390 12 228 247 398 213 157 434 401 468 162 375 299 250 206 50 490 137 210 79 428 251 86 236 464 237 268 177 81 169 93 267 438 172 448 23
277 424 204 373 219 409 261 335 88 40 278 336 399 125 316 42 25 122 415 196 400 201 411 407 342 14 454 32 120 456 442 493 313 276 378 10 343 307 167 275 441 171 146 58 384 440
