18455
287 259 452 242 108 420 463 335 88 370 447 498 283 139 186 243 331 377 410 290 62 34 214 434 256 241 427 73 233 352 68 337 123 137 79 428 10 251 86 236 112 416 268 177 81 169 93 285 384 56
113 29 64 341 293 298 453 500 194 492 425 489 74 128 35 487 316 263 462 406 196 400 201 411 471 312 324 481 30 59 1 467 443 116 313 210 246 450 333 13 149 280 248 6 464 237 413 309 461 178 235 349 150
158 11 368 129 103 350 306 66 174 303 75 292 458 360 229 476 390 12 228 91 247 398 496 141 407 342 14 327 32 120 304 302 281 202 380 192 346 362 31 209 96 231 393 126 297 383 114 267 101 438 205
265 284 477 199 395 261 140 478 494 200 322 189 156 483 47 131 87 382 16 465 213 348 422 184 279 430 347 435 469 244 216 46 264 94 144 355 319 445 198 124 301 275 441 323 358 175 470 475 172 295
17 136 80 18 164 359 486 491 419 387 70 181 135 82 212 44 65 188 57 497 495 127 227 433 222 43 392 429 262 72 190 230 421 408 378 252 354 363 479 179 104 432 163 119 207 369 402 2
255 203 328 234 165 134 366 311 92 40 278 221 436 332 45 22 71 176 415 388 367 226 155 160 437 240 9 344 296 24 460 405 245 90 254 130 334 365 132 115 286 455 357 53 58 394
308 180 373 219 409 168 106 133 211 351 110 336 399 125 217 117 118 122 99 449 41 260 157 111 414 321 232 152 499 353 456 442 493 271 266 466 340 36 386 183 3 310 274 314 426 371 161 49 339 89 439
185 474 69 330 51 84 60 361 142 253 389 282 288 446 151 459 379 418 15 97 376 315 197 26 138 364 305 374 451 485 356 7 238 488 154 225 249 195 480 431 258 423 52 273 171 146 457 147 448 23
277 424 204 318 54 121 300 38 396 289 33 224 345 27 294 272 385 37 8 329 269 145 173 223 482 454 105 187 325 63 404 257 76 276 83 472 220 473 109 444 326 20 4 5 270 19 107 239 55 166 95
143 85 102 397 98 170 153 320 61 218 291 412 372 417 42 25 28 78 208 148 338 193 159 317 401 468 162 375 299 250 206 50 490 381 215 67 48 182 403 343 307 167 484 21 191 77 39 391 100 440
