18466
255 203 328 234 165 134 168 491 419 194 70 221 436 332 45 22 71 176 87 122 99 196 247 398 213 157 312 324 437 240 9 344 353 296 24 460 405 210 90 408 378 252 198 132 231 393 286 455 323 358 175 470 49 100 2
17 136 80 18 298 366 335 88 40 110 336 399 125 42 28 228 367 226 155 214 222 26 454 105 187 325 63 404 257 76 421 346 362 403 209 96 326 20 4 191 77 39 391 235 339 448
143 85 102 397 98 170 153 320 289 33 224 322 189 156 483 47 131 25 382 91 148 338 411 471 317 321 152 499 456 442 493 137 94 355 319 249 334 365 124 301 112 416 177 309 461 178 101 147 95
474 69 330 51 164 359 350 311 92 200 389 27 294 186 243 12 388 15 97 376 141 111 414 347 435 375 299 250 206 50 490 144 428 10 251 86 236 258 423 52 273 413 163 119 207 239 55 166 440
265 284 477 199 395 261 106 133 211 370 253 447 282 288 446 117 118 406 16 465 193 184 197 43 241 427 73 233 352 68 337 123 271 79 48 182 149 280 248 6 464 237 268 426 371 285 384 150
287 259 452 242 108 420 463 140 478 494 387 425 489 74 128 35 487 316 44 65 462 459 415 410 290 62 34 496 315 14 481 232 32 120 304 302 281 381 215 67 450 333 13 343 307 167 275 441 357 53 58 475 89 439
277 29 64 341 293 84 453 500 351 61 75 292 458 360 229 151 331 377 497 495 127 227 407 342 30 59 1 467 443 116 313 192 154 225 31 195 480 431 104 432 171 146 457 369 402 23
185 113 424 204 318 54 60 361 142 492 345 498 283 139 272 385 78 208 449 41 260 160 433 434 401 327 392 429 262 485 356 7 245 276 83 472 220 445 354 363 479 179 310 5 270 19 107 161 438 56
158 11 368 129 103 121 300 38 396 278 218 291 412 372 417 217 476 188 57 379 418 400 201 348 159 223 482 256 468 162 469 244 216 46 264 238 488 254 130 36 386 183 3 484 274 314 297 383 114 394 172 205
308 180 373 219 409 486 306 66 174 303 181 135 82 212 263 390 37 8 329 269 145 173 422 279 430 138 364 305 374 451 72 190 230 202 380 246 266 466 340 473 109 444 115 21 126 81 169 93 267 349 295
