18466
255 203 328 234 165 134 60 361 142 61 218 322 189 156 483 47 71 176 122 196 400 201 411 312 324 481 232 152 499 353 456 442 493 76 90 154 225 10 354 363 479 179 464 237 309 461 178 369 205
287 259 452 51 164 486 311 92 200 181 135 82 212 44 78 367 226 155 160 111 437 321 240 9 344 296 24 460 405 245 215 67 378 403 209 96 231 393 286 455 323 358 175 470 475 402
158 11 368 129 103 261 106 133 211 370 253 447 498 283 139 476 65 331 377 379 410 247 398 496 159 223 414 327 392 429 262 485 356 7 137 210 79 428 252 195 480 431 104 432 163 119 207 239 55 166 95
308 180 318 54 121 300 38 396 387 425 489 74 128 35 487 316 263 462 12 208 497 495 127 227 433 222 430 347 435 375 299 250 206 50 490 94 144 83 472 220 445 249 334 365 132 112 416 191 77 39 391 49 172 448 23
265 284 477 242 108 420 463 140 478 494 33 224 291 412 372 417 217 186 390 37 418 91 290 62 34 214 141 407 197 454 105 187 325 63 404 257 380 246 346 362 31 343 307 167 484 274 314 297 383 114 267 101 100 440
474 69 330 199 395 359 350 335 88 40 110 336 399 125 42 28 382 415 388 16 465 213 157 342 138 364 305 374 451 72 190 230 238 488 408 48 182 149 280 248 6 326 20 4 5 270 19 107 161 438 439
277 29 64 341 293 397 98 170 153 320 194 492 345 282 288 446 131 25 87 406 99 449 41 260 348 422 434 401 468 162 469 244 216 46 264 313 266 466 340 251 86 236 258 423 52 273 413 171 146 58 235 147 295
185 113 424 204 373 219 409 168 491 419 351 70 75 292 458 360 229 117 118 228 15 97 376 471 184 279 482 241 427 73 233 352 68 337 123 271 192 450 333 13 473 109 444 275 441 268 426 371 394 56
143 85 102 84 366 306 66 174 303 389 27 294 272 385 243 459 148 338 193 315 317 14 43 32 120 304 302 281 202 421 254 130 198 124 301 115 21 126 81 169 93 285 384 339 89 2
17 136 80 18 298 453 500 289 278 221 436 332 45 22 151 188 57 8 329 269 145 173 26 256 30 59 1 467 443 116 381 276 355 319 36 386 183 3 310 177 357 53 457 349 150
