18761
143 85 102 397 350 311 92 40 278 447 498 283 139 272 385 243 459 415 91 290 62 34 157 111 430 256 240 9 344 352 68 337 123 271 79 48 182 251 86 236 326 20 4 5 270 19 107 161 235 349
308 204 64 373 219 409 168 491 419 200 425 489 74 128 35 487 316 42 25 188 57 449 41 193 141 407 324 138 364 305 392 429 262 72 7 493 76 67 428 252 198 132 115 21 126 81 169 93 285 369 402 440
277 424 29 341 293 54 261 106 133 211 194 492 345 399 125 217 186 28 78 208 196 400 201 411 159 26 454 105 187 325 63 404 257 137 421 378 195 480 431 258 423 52 273 171 146 457 100 295
255 180 129 103 98 170 153 320 289 33 110 292 458 360 229 117 390 12 228 497 495 127 348 422 342 468 162 375 244 485 356 46 264 381 276 83 472 220 403 343 307 167 275 441 268 426 371 267 101 438 172 205
185 113 203 368 318 298 366 306 66 174 303 336 282 288 446 151 331 377 16 465 213 227 433 184 279 482 321 232 435 469 233 190 230 202 380 266 466 340 354 363 479 179 464 237 413 309 461 178 448 23
474 69 330 51 84 453 500 351 75 291 412 372 417 131 37 8 329 226 155 214 197 414 347 32 120 304 302 281 238 488 355 319 445 249 334 365 124 301 112 416 191 77 114 391 384 339 89 2
158 11 452 242 108 420 463 140 478 494 387 70 181 135 82 212 44 65 99 418 367 269 145 173 471 312 223 14 481 30 59 1 467 443 116 215 346 362 31 473 109 444 231 393 286 455 323 358 175 470 475 56
287 259 328 234 165 134 60 361 142 61 218 322 189 156 483 47 71 176 87 382 379 15 97 376 315 317 437 374 451 456 442 216 313 210 90 254 130 36 386 183 3 484 274 314 297 383 39 394 147 95
17 136 80 18 164 359 486 300 38 396 370 253 389 27 294 263 462 406 410 247 398 496 434 43 241 427 73 299 250 206 50 490 94 192 154 225 10 209 96 104 432 163 119 207 239 55 166 439
265 284 477 199 395 121 335 88 224 221 436 332 45 22 476 118 122 388 148 338 260 160 222 401 327 152 499 353 296 24 460 405 245 144 246 408 450 333 13 149 280 248 6 310 177 357 53 58 49 150
