5095
231 202 496 151 535 719 294 44 904 803 895 11 896 98 359 457 815 513 204 950 944 289 884 402 302 575 997 455 855 879 449 996 239 830 671 324 701 623 174 489 103 295 325 180 123 19 541 126 654 526 491 646 370 282 178 468 773 472 27 682 323 749 389 720 270 965 660 939 350
877 138 602 405 607 550 212 645 751 81 768 504 403 826 798 256 837 733 291 606 978 415 734 805 34 790 822 327 347 876 247 695 897 59 643 64 201 464 72 557 594 230 865 23 209 596 276 844 153 51 332 196 186 386 874 739 764 266 232 108 47 595 858 859 525 303 704 169 556 107 988 870
873 723 891 593 889 716 25 69 136 355 717 203 127 570 567 61 419 188 968 675 653 650 644 676 288 658 763 729 721 756 841 250 119 934 261 283 784 707 529 975 163 603 885 604 662 286 414 973 287 634 849 613 254 908 542 697 177 991 970 688 985
839 868 198 164 224 762 349 436 510 243 502 946 580 631 216 520 583 512 689 495 257 391 226 664 55 511 766 747 406 315 142 959 574 791 840 909 967 869 690 292 20 441 728 692 470 673 713 666 245 558 485 182 899 987 265 14 995 248 471 641 82 501 49 820 360
954 741 588 553 993 477 882 465 506 894 547 831 851 668 592 1 458 45 930 393 890 792 759 819 735 710 279 28 752 576 693 225 13 229 566 516 706 696 980 718 179 400 376 617 927 80 149 627 962 412 758 911 829 888 519 807 199 679 823 672 848 615 148 530
258 651 656 657 365 969 467 328 236 41 765 778 356 497 730 331 933 565 943 342 633 711 369 143 715 259 872 914 462 450 160 505 494 783 509 635 67 192 50 217 521 88 71 191 167 18 608 832 252 100 796 129 708 922 678 649 109 913 780 878 632 166 999
404 493 573 492 543 864 438 418 957 267 463 366 490 626 810 17 893 937 536 475 857 377 667 301 407 453 883 680 352 700 582 548 183 425 227 612 779 833 740 326 616 274 745 168 437 640 130 738 235 694 353 263 992 523 396 297 518 330 618 916 90 964 935 777 533 621 244 104
76 336 431 383 770 24 9 998 40 6 374 917 940 411 838 3 699 670 591 814 52 207 775 395 382 900 310 218 195 488 251 242 761 620 118 629 924 767 691 172 880 316 642 524 500 474 364 58 448 117 687 599 97 932 461 886 56 200 222 65 685 579 871 816 426 94 600 609
158 155 337 725 862 7 54 141 262 727 854 781 101 1000 115 134 559 977 221 636 428 597 503 881 133 190 22 42 10 99 949 963 73 95 923 562 113 571 951 581 915 416 619 305 35 515 433 83 269 421 334 610 818 278 842 238 368 982 785 144 912 322 429 960 445
30 538 150 774 176 388 210 128 184 223 907 638 145 159 802 264 892 321 296 928 722 744 986 753 275 544 887 750 605 484 661 5 584 771 112 211 46 8 75 702 271 410 111 106 387 920 260 312 918 938 821 746 875 817 372 466 514 811 299 793 724 102 936 487 398 460
498 87 537 37 863 966 392 825 901 478 162 647 856 367 624 124 732 16 187 110 319 135 703 828 549 194 140 586 298 459 57 181 304 205 705 2 253 956 74 564 152 193 795 742 280 38 351 146 958 362 77 456 442 249 698 161 399 757 945 384 809 639 452 714 598 979 380 476 358 314
976 408 385 363 990 955 228 447 808 220 185 801 424 760 48 413 546 255 343 926 614 197 430 114 812 446 804 423 86 409 335 483 861 860 898 628 26 320 373 852 33 776 611 989 528 317 853 737 683 214 948 39 772 517 630 206 981 674 655 731 89 867 902 394 92 622 318 241
79 157 531 554 866 105 681 132 290 625 709 420 401 120 293 925 277 329 284 379 974 769 208 522 313 919 961 435 273 813 66 569 835 846 748 560 78 371 712 563 53 451 422 215 62 906 539 171 307 499 234 32 755 246 36 340 21 443 836 952 354 268 903 540 669 663 931 601 189
444 341 165 125 147 29 971 726 677 686 339 31 272 344 60 534 585 486 397 281 797 381 972 555 743 85 479 439 131 357 469 237 843 953 568 845 947 652 121 434 507 12 587 788 736 139 300 665 787 800 929 481 390 427 361 63 850 905 910 219 983 659 684 545 532
4 824 648 589 508 942 68 782 527 338 93 84 213 170 15 91 482 806 346 578 577 786 572 156 70 754 116 799 233 827 311 440 551 137 154 794 122 417 789 306 345 173 308 96 309 994 921 378 473 43 480 590 285 552 984 637 941 454 175 375 432 834 333 240 847 561 348
