5095
404 493 492 891 774 882 465 29 781 6 374 11 580 559 802 592 204 534 585 884 402 275 140 55 914 743 949 813 66 923 119 113 560 122 371 345 276 130 422 587 332 654 526 491 386 307 499 234 32 755 246 412 637 27 613 175 916 432 720 270 615 532
258 602 496 969 438 418 957 184 223 907 638 917 570 893 411 606 3 188 968 486 397 281 797 522 313 919 961 435 450 160 59 142 250 701 623 174 748 489 103 23 209 702 596 53 123 215 62 126 737 376 617 927 80 666 245 558 796 129 708 811 299 793 89 871 902 777 622 820 360
839 79 157 7 54 141 467 328 236 41 801 803 895 145 668 925 277 978 950 197 430 114 812 446 822 327 288 754 116 799 233 771 205 833 551 137 154 794 865 417 789 271 410 434 880 316 35 515 235 736 662 286 263 39 772 517 630 911 384 323 525 785 144 964 704 991 166 999
873 824 725 363 531 550 212 645 751 510 243 686 127 367 624 124 61 419 428 930 974 769 578 804 423 819 511 963 73 671 898 628 26 326 616 274 581 568 845 947 50 325 111 529 451 317 309 433 694 353 300 149 992 523 396 297 390 941 454 200 995 452 471 641 672 936 487 398 460 530
868 37 863 228 535 719 294 69 81 101 1000 115 946 256 940 170 344 110 734 805 34 790 715 259 872 42 10 700 766 747 584 112 237 843 953 951 516 967 706 563 106 387 853 400 77 474 364 58 448 117 687 599 97 518 886 56 809 908 679 823 669 663 931 600 609
76 651 656 341 151 105 681 132 290 971 726 677 401 120 159 31 926 1 458 689 495 257 391 577 786 572 156 658 695 897 505 860 959 72 557 594 230 924 74 707 712 521 88 71 163 441 885 260 646 139 713 249 698 875 817 372 466 899 945 678 649 109 375 714 540 979 380 476 988 870
158 336 385 657 365 224 262 727 854 44 904 424 778 356 856 255 343 933 16 187 943 699 944 289 393 301 881 133 190 22 680 352 484 661 5 304 752 576 693 2 253 956 852 33 416 652 989 507 718 19 906 539 362 312 918 590 746 468 773 472 858 859 199 248 903 878 632 169 333 94 601 358 148
155 337 990 955 864 508 942 765 463 366 490 626 810 837 733 291 892 319 135 703 828 549 194 775 395 86 247 335 310 218 195 488 841 201 562 13 229 566 696 640 619 12 179 51 167 524 673 442 252 161 399 757 987 265 14 354 268 780 697 82 501 49 965 189
954 408 431 198 723 770 24 9 998 40 709 717 826 798 631 272 838 614 415 857 377 667 753 302 575 997 676 879 735 99 57 279 28 830 227 311 440 225 934 571 745 784 152 691 611 795 975 603 470 500 456 480 739 285 552 984 340 21 836 952 222 724 102 910 556 107 545 314
30 87 383 543 554 866 762 349 436 162 647 502 851 896 98 359 457 815 513 60 512 670 591 986 143 381 972 555 710 479 729 721 95 494 783 846 840 909 306 690 173 153 191 920 683 938 414 100 36 758 514 682 368 982 303 322 429 960 445
4 537 573 164 593 125 147 68 782 527 134 17 636 475 342 633 711 369 890 792 759 586 382 449 996 183 425 827 569 705 574 791 261 767 776 180 528 146 171 921 608 832 764 266 232 108 47 595 461 981 674 655 850 905 867 935 983 970 688 985
444 538 648 165 447 808 220 185 128 506 894 547 497 730 331 732 520 583 91 482 806 346 208 226 455 855 70 900 763 239 643 756 251 242 761 620 118 629 283 78 295 193 121 308 96 541 788 196 83 214 948 627 962 485 182 932 829 888 361 65 685 579 912 219 394 92 240 847 660 939 350
231 202 405 607 392 825 901 625 768 504 403 338 93 84 213 216 565 329 284 379 675 653 650 544 887 750 605 462 483 861 64 324 835 464 740 320 373 915 564 869 217 980 742 280 351 642 958 186 370 282 178 973 287 634 849 206 238 618 731 542 816 426 533 621 244 104
976 498 741 862 150 966 589 176 388 210 478 136 355 420 48 413 546 339 977 221 937 536 321 296 928 722 597 814 52 207 644 347 876 409 85 273 548 181 406 315 357 469 509 635 192 168 172 844 305 738 994 378 473 43 269 421 334 610 818 278 842 922 330 519 807 639 749 389 834 848 684 561 348
877 138 588 553 993 477 889 716 25 267 760 831 203 293 567 264 15 45 744 503 407 453 883 664 298 459 582 439 131 612 779 211 46 8 67 75 437 292 20 38 728 692 18 604 874 821 665 787 800 929 481 443 427 254 63 913 90 598 177 659 318 241
