5095
839 79 404 648 165 447 808 220 185 128 781 101 1000 115 134 631 124 264 15 188 968 675 407 453 883 680 352 658 766 747 28 830 95 860 898 2 253 956 75 371 690 529 305 387 853 737 433 83 269 821 334 161 399 757 941 922 330 109 375 714 598 871 816 322 429 960 445
158 30 725 405 866 762 349 436 506 894 547 203 255 343 815 513 1 3 329 319 135 703 828 549 194 775 395 961 900 763 239 643 251 242 761 740 594 230 924 915 564 152 691 611 989 528 642 196 186 456 442 249 285 552 984 849 842 836 807 639 268 432 704 936 487 398 460
231 741 538 363 990 955 228 535 719 645 751 803 895 502 946 367 31 926 512 928 722 597 393 301 653 792 759 156 86 409 335 279 406 315 671 569 835 119 137 154 840 865 78 947 776 980 20 38 603 235 376 617 353 739 666 245 558 485 182 899 829 888 618 731 724 102 867 720 270 965 660 241
877 138 602 7 54 141 467 328 236 957 765 463 366 401 120 339 98 272 344 110 197 430 974 769 804 423 855 70 459 57 5 584 64 324 574 791 373 967 168 271 292 123 19 541 126 788 18 921 378 473 874 421 665 787 800 929 481 27 932 858 361 63 850 905 910 501 49 318 939 350
444 868 588 531 24 9 998 267 355 420 831 851 810 802 925 277 458 689 495 257 391 715 259 455 298 435 479 218 195 488 494 783 620 118 629 909 295 306 345 619 12 179 35 515 604 662 286 590 746 468 773 472 518 613 323 749 389 669 533 621 244 532
537 37 863 224 176 388 210 162 647 686 580 837 733 636 583 734 805 34 790 822 544 572 555 743 85 273 548 183 425 756 612 779 833 551 113 571 122 23 33 416 193 410 111 130 422 215 441 728 524 491 646 608 832 698 875 817 372 466 911 945 678 649 175 982 303 556 107 988 870
76 336 493 573 492 543 151 262 727 854 44 971 726 677 338 93 159 624 291 606 204 534 585 486 711 369 890 650 644 586 382 484 661 310 729 721 771 112 562 934 261 283 516 217 640 718 316 885 386 307 499 39 772 517 630 708 427 952 222 65 685 579 912 426 333 240 847 561 348
498 87 656 862 341 554 550 212 294 40 709 717 856 293 567 61 892 614 428 930 114 812 446 208 226 664 55 10 700 582 439 131 357 469 237 843 953 417 869 652 121 434 106 351 146 958 500 370 282 149 992 287 634 297 390 454 254 199 679 823 82 169 848 615 104
4 408 385 383 770 774 392 825 901 29 184 223 907 243 490 626 730 331 933 16 187 943 415 857 377 667 753 275 140 919 288 754 116 813 227 311 440 509 560 103 568 209 706 596 563 53 844 153 62 906 920 260 683 713 178 973 100 796 129 811 299 519 916 90 697 166 999
258 651 150 966 589 508 942 68 782 527 145 559 977 221 893 411 838 342 633 986 143 522 313 914 99 963 73 142 576 693 225 13 229 852 845 173 308 96 539 654 526 673 214 263 610 818 278 206 682 859 793 89 834 659 684 545 189
431 198 164 593 105 681 132 290 904 510 638 497 570 457 937 536 699 670 591 397 281 797 302 575 997 872 42 876 710 160 505 841 201 846 635 745 784 702 50 712 521 88 71 587 332 994 736 43 480 448 117 687 599 97 987 265 14 354 452 471 641 979 380 476 148 530
976 155 337 496 607 882 465 801 81 768 504 403 917 940 359 732 419 475 45 744 503 881 381 972 819 511 949 483 861 66 250 701 623 174 748 489 581 789 325 180 880 191 167 171 77 139 948 32 755 246 412 637 384 809 908 542 177 991 970 688 985
954 157 553 723 891 864 438 418 69 136 778 356 826 798 256 84 213 216 520 978 950 944 289 884 402 133 190 22 347 605 247 695 897 59 827 959 211 46 8 67 74 696 172 742 280 738 312 918 938 414 234 627 962 36 340 21 443 238 200 995 248 903 540 935 902 394 92 622 820 360
873 202 993 477 889 716 25 41 625 6 374 11 127 17 592 60 296 284 379 814 52 207 327 676 879 735 462 450 799 233 752 923 628 26 320 794 566 767 276 507 451 317 309 400 362 694 927 300 764 266 232 108 47 595 461 981 674 655 525 785 144 964 672 777 94 600 609
824 657 365 969 125 147 478 424 760 48 413 546 896 668 170 565 321 91 482 806 346 578 577 786 887 750 449 996 181 304 205 705 464 72 557 326 616 274 951 192 707 437 795 975 163 51 692 470 474 364 58 80 252 523 396 758 514 886 56 368 913 780 878 632 219 983 663 931 601 358 314
