5095
839 79 651 656 862 150 54 141 447 808 220 185 506 894 547 686 339 668 170 838 943 699 689 495 257 391 226 664 55 914 449 996 239 830 227 311 440 551 137 154 794 103 767 776 121 844 153 62 906 920 654 260 673 214 263 39 772 929 481 518 811 299 807 639 452 471 641 672 533 621 244 189
231 741 725 993 477 392 825 901 478 162 647 917 570 567 264 892 188 968 675 653 650 644 156 10 99 582 897 59 66 923 628 26 320 373 371 690 718 38 351 35 515 139 832 698 161 399 849 390 858 200 519 222 850 905 816 92 622 318 939 350
138 602 341 165 176 388 210 40 709 717 851 580 837 331 592 204 950 944 289 393 301 407 522 313 919 511 949 483 861 771 112 119 934 635 122 23 209 706 712 563 53 528 179 539 500 474 364 58 739 764 266 232 108 47 595 427 655 731 724 102 177 663 600 609
976 498 87 537 990 955 969 438 418 68 782 527 502 946 810 17 926 1 3 329 734 805 34 790 792 759 586 382 700 116 729 721 131 569 835 574 791 560 67 74 707 306 696 276 173 130 191 167 171 186 683 713 948 875 817 372 97 941 922 678 649 323 525 785 144 964 82 270 615 104
538 363 492 543 24 9 998 751 803 895 413 546 559 977 343 933 15 670 591 711 369 890 822 544 887 879 605 462 450 160 505 251 242 761 72 557 326 616 274 581 568 845 947 652 640 619 12 309 737 433 694 269 80 149 992 558 36 340 21 836 254 916 90 540 777 970 688 985
164 593 889 716 25 41 765 778 356 338 93 367 624 124 636 296 319 135 703 828 549 194 775 395 352 658 766 747 28 357 469 701 623 174 748 489 745 789 271 180 123 163 921 378 473 874 286 414 973 100 796 129 708 613 109 375 714 598 704 169 333 487 398 460 530
76 336 385 657 365 224 508 942 44 971 726 677 826 798 256 940 815 513 60 284 379 486 397 281 797 577 786 572 750 409 695 439 643 756 612 779 211 46 8 516 967 168 345 989 20 603 235 736 43 938 178 468 773 472 461 238 859 793 89 867 935 902 991 166 999
158 30 408 588 648 554 866 535 719 645 128 424 760 831 856 730 733 732 520 978 415 45 744 986 143 381 972 555 743 85 273 183 425 827 205 705 237 843 953 951 852 784 152 691 507 451 422 587 885 362 608 480 821 334 610 818 278 330 952 354 268 780 871 394 848 240 847 545 314
258 824 553 723 770 774 125 147 29 184 223 907 638 145 84 213 61 16 187 512 928 722 597 503 881 133 190 22 347 298 900 799 233 494 783 509 261 417 437 172 880 541 126 788 18 386 307 421 666 245 287 634 297 987 265 14 995 248 903 878 632 219 983 659 684 561 348
954 157 198 531 151 762 349 436 781 101 1000 115 134 98 359 216 344 583 475 342 633 814 52 207 715 259 676 288 459 57 5 406 95 860 898 464 620 118 629 909 596 975 19 316 146 958 376 617 353 448 117 687 599 758 514 886 56 618 679 823 834 556 931 107 988 870
4 868 431 383 966 105 681 132 290 904 510 243 490 626 631 291 565 321 91 482 806 346 578 804 423 86 247 335 479 813 142 959 225 13 229 566 78 611 521 111 529 305 215 728 692 470 83 927 300 665 787 800 517 630 842 981 674 809 908 303 910 501 49 965 660 241
444 404 493 573 7 589 467 328 236 957 267 463 366 401 203 896 31 272 419 534 585 884 402 302 575 997 455 855 876 710 279 584 841 201 562 113 571 865 915 564 295 50 325 795 742 280 441 853 524 491 646 370 282 252 523 396 757 27 932 945 454 175 982 542 697 669 380 476 148
873 202 496 891 864 262 727 854 801 81 768 504 403 120 127 293 457 925 277 614 857 377 667 753 275 327 872 819 70 754 963 73 315 671 576 693 2 253 956 75 869 193 410 434 106 317 51 642 196 77 456 442 249 285 552 984 466 899 443 384 361 63 913 432 720 322 429 960
877 155 337 405 607 550 212 294 69 136 355 420 374 11 159 802 937 536 458 428 930 974 769 453 883 680 961 484 661 310 218 195 488 752 250 740 594 230 924 192 702 217 980 88 71 738 994 604 662 590 746 32 755 246 412 637 206 682 199 749 389 979 936 820 360 445
37 863 228 882 465 625 6 48 497 255 221 893 411 606 110 197 430 114 812 446 208 140 42 735 435 763 548 181 304 64 324 833 846 840 283 33 416 292 308 96 387 332 400 526 312 918 499 234 627 962 485 182 911 829 888 368 65 685 579 912 426 94 601 358 532
