5095
839 79 404 656 492 543 554 866 392 825 901 781 6 48 946 896 668 61 16 187 1 3 329 319 135 703 828 549 194 140 586 352 900 763 729 721 315 671 576 693 846 748 560 122 784 691 611 989 507 718 19 541 885 433 694 927 80 665 787 800 517 630 206 454 109 375 714 540 935 902 991 970 688 609
976 498 336 602 531 24 9 998 751 510 638 11 367 624 636 950 197 430 114 812 446 208 522 313 819 735 462 450 160 59 66 569 833 509 635 67 516 967 295 217 563 53 451 317 51 167 654 376 617 353 739 764 266 232 108 47 595 987 265 14 354 268 780 697 834 270 615 148
408 588 648 165 467 328 236 41 69 136 355 420 374 917 213 170 344 60 188 968 711 369 143 226 680 409 335 310 218 195 488 357 469 237 843 953 78 789 306 193 121 434 528 62 309 737 312 307 448 117 687 599 97 858 200 519 807 639 850 905 912 322 429 960 445
76 824 725 164 151 262 727 854 267 463 366 401 134 631 457 925 277 475 857 377 667 301 653 792 759 750 605 247 582 183 425 227 251 959 835 119 13 229 192 416 271 410 111 20 38 853 524 370 282 666 245 558 485 182 899 811 299 199 749 432 669 380 476 561 348
873 657 365 969 125 147 29 184 223 907 243 686 127 17 893 937 536 110 944 289 486 397 281 797 577 786 395 914 435 996 239 643 756 311 440 225 934 261 417 325 619 305 441 728 692 470 77 456 442 249 285 161 399 758 514 836 323 679 823 816 684 545 189
444 723 891 593 105 681 132 290 424 726 677 826 798 256 84 343 815 513 614 415 734 805 34 790 381 972 55 86 700 479 813 95 242 761 620 118 629 951 852 33 712 795 742 280 316 332 958 500 474 364 178 973 287 634 757 708 443 427 809 908 303 82 501 166 999
877 155 538 363 990 955 864 508 942 68 782 527 203 730 331 926 204 534 585 675 407 715 259 455 855 879 70 658 695 897 505 860 898 628 26 326 616 274 283 845 869 345 521 88 71 215 126 788 196 186 386 874 499 39 772 929 481 518 922 886 56 618 452 903 878 632 219 983 333 94 601 358 314
741 202 496 607 550 808 220 185 625 768 504 403 338 93 940 124 732 15 670 591 814 52 207 775 919 288 710 5 304 827 494 783 2 253 956 581 915 564 707 50 180 844 153 351 35 515 235 683 832 698 875 817 372 466 613 952 222 65 685 579 720 426 49 965 460 530
258 405 224 762 349 436 506 894 547 502 145 293 272 606 943 284 379 495 257 391 804 423 676 382 484 661 799 233 752 923 562 113 571 566 767 776 276 106 387 642 994 83 269 421 334 610 818 278 932 461 238 655 731 542 910 394 92 622 318 241
158 30 337 862 341 774 882 465 904 803 895 120 339 98 359 567 933 419 91 482 806 346 578 302 575 997 872 42 876 754 116 439 131 612 779 211 46 8 924 74 706 652 640 173 308 96 163 738 171 736 139 713 948 32 755 246 412 637 911 945 678 649 859 793 724 102 871 979 848 240 847 660 939 350
651 431 573 7 54 141 176 388 210 128 765 778 356 413 546 570 216 565 699 689 884 402 275 544 572 156 10 99 57 548 181 406 64 324 740 320 373 103 568 168 596 12 179 146 400 362 604 918 938 821 746 468 773 472 27 829 888 254 916 389 936 820 360
231 87 537 37 863 228 535 719 645 40 709 717 497 810 559 977 802 592 321 458 45 744 986 753 822 327 887 961 449 279 28 830 142 250 72 557 594 794 865 23 152 696 980 123 603 921 378 473 43 58 414 234 627 962 36 340 21 330 175 63 913 90 598 867 663 600 532
954 157 198 553 993 477 889 716 25 478 162 647 490 626 159 31 411 838 978 428 930 974 769 453 883 664 298 459 766 747 584 841 201 701 551 137 154 489 75 209 371 690 292 130 422 587 18 491 646 662 286 300 252 100 796 129 981 674 995 525 785 144 964 672 777 533 621 244 104
4 868 493 150 966 589 438 418 957 801 81 101 1000 115 851 580 837 733 291 520 583 512 928 722 597 503 881 133 190 22 347 511 949 963 73 771 205 705 464 623 174 230 745 702 529 975 906 539 526 608 480 590 149 992 523 396 297 390 941 384 368 248 471 641 704 169 556 931 107 988 870
138 385 383 770 447 212 294 44 971 760 831 856 255 221 264 892 296 342 633 393 890 650 644 555 743 85 273 483 861 112 574 791 840 909 947 437 172 880 191 920 260 673 214 263 552 984 849 842 682 361 982 89 177 659 487 398 985
