5095
79 404 656 993 477 447 212 942 68 782 527 203 339 98 359 567 264 892 583 475 928 722 744 393 301 407 522 313 919 735 99 450 181 406 95 860 959 237 843 373 852 789 690 180 20 316 35 376 617 353 249 285 875 817 372 466 514 836 361 248 471 641 177 92 240 847 660 939 350
954 336 602 496 891 864 262 727 854 69 81 768 504 403 120 159 624 124 732 520 204 428 597 503 881 133 190 22 676 382 754 116 439 66 923 628 620 118 629 745 784 707 640 619 12 179 692 470 456 713 948 552 984 340 21 443 886 56 368 916 905 912 991 970 688 532
877 155 337 725 363 7 589 467 328 236 751 803 895 946 256 17 933 16 187 614 857 377 667 753 792 759 586 86 409 900 661 963 73 671 569 705 119 934 794 566 78 596 121 742 280 738 235 736 139 58 739 666 245 100 796 129 454 175 63 913 903 540 669 380 476 988 870
976 498 741 202 150 969 762 349 436 424 760 831 856 631 216 565 188 968 675 653 275 327 887 288 85 479 813 827 311 440 225 13 748 489 103 74 947 325 718 387 853 788 921 378 473 662 286 499 973 287 634 758 899 811 299 519 222 65 685 579 82 501 49 965 460
444 868 588 553 723 770 24 9 998 40 6 374 11 580 940 457 925 277 978 950 944 289 486 397 281 797 302 575 997 879 70 658 695 897 505 494 783 2 253 956 192 295 50 712 292 153 191 167 171 491 608 480 821 665 787 800 517 630 842 330 618 731 724 432 834 777 533 621 244 104
258 537 37 863 966 889 716 25 41 765 463 366 401 686 127 367 31 272 838 296 342 633 711 369 890 226 455 855 511 949 799 218 195 488 324 835 846 261 915 691 563 123 163 906 920 500 474 364 590 746 523 396 757 708 682 859 793 542 697 979 622 318 241
824 493 573 492 543 151 535 719 294 267 778 356 338 93 255 291 606 321 458 45 930 114 812 446 208 715 259 872 42 876 743 57 5 584 64 898 464 623 174 230 924 516 967 696 276 106 317 146 196 186 683 214 263 39 772 929 481 27 238 655 452 90 878 632 426 333 94 600 609
4 408 385 531 774 392 808 220 185 625 709 717 851 343 926 1 534 585 814 52 207 775 395 914 484 310 729 721 131 251 242 761 72 557 594 560 67 75 209 702 306 437 173 130 215 728 654 77 370 832 334 610 818 278 932 858 982 303 910 322 429 960 445
76 651 648 165 508 645 478 136 355 420 48 497 810 730 733 592 943 699 689 884 402 381 972 156 10 700 763 548 861 227 142 250 211 46 8 767 217 172 880 332 400 526 83 282 178 468 773 472 518 384 254 908 679 823 704 169 556 107 545 985
839 231 87 862 341 54 141 176 388 210 44 506 894 547 917 559 977 802 636 512 319 135 703 828 549 194 140 555 710 160 59 643 357 469 26 320 229 845 706 652 434 308 96 541 126 737 433 386 874 414 234 627 962 36 297 390 941 829 888 952 354 268 780 867 720 983 663 931 601 358 314
138 431 383 554 866 105 681 132 290 904 510 243 502 145 837 331 61 15 110 197 430 974 769 578 822 544 347 462 273 483 233 771 112 562 113 571 283 168 776 611 989 507 451 422 441 539 994 312 307 448 117 687 599 97 987 265 14 995 525 89 672 848 487 398 189
873 990 955 228 882 465 29 781 101 1000 115 134 293 221 170 344 60 91 482 806 346 650 644 680 961 435 766 747 28 830 205 701 551 137 154 840 865 417 869 410 795 528 62 309 18 694 927 300 149 992 558 485 182 613 807 199 749 389 936 820 360
158 30 157 198 657 365 224 438 418 957 801 971 726 677 826 798 84 213 893 937 536 734 805 34 790 453 883 664 55 298 459 582 239 315 612 779 833 509 635 122 23 271 53 844 305 351 51 642 958 362 604 918 938 80 698 32 755 246 412 637 911 945 427 109 375 714 598 871 816 659 684 561 348
538 164 593 125 147 128 184 223 907 638 413 546 896 668 815 513 3 329 670 591 986 143 804 423 819 352 449 996 183 425 756 841 201 574 791 953 909 33 416 193 980 88 71 38 603 885 260 646 43 269 421 252 161 399 849 206 461 981 674 809 639 850 102 219 394 166 999
405 607 550 825 901 162 647 490 626 570 411 419 415 284 379 495 257 391 577 786 572 750 605 247 335 279 304 752 576 693 740 326 616 274 951 581 568 564 152 371 345 521 111 529 975 19 587 515 524 673 442 764 266 232 108 47 595 922 678 649 200 323 785 144 964 935 902 270 615 148 530
