13186
564 316 367 357 667 567 290 427 329 251 36 183 17 226 493 561 651 431 383 380 126 96 310 463 135 378 512 239 308 341 83 581 459 233 478 508 377 15 56 208 435 255 267 399 174 114 189 636 571 147 119 84 26 580 28 625 498 214 1 535 188
460 337 584 197 72 9 273 623 140 307 274 615 18 661 575 392 521 413 328 611 355 27 397 348 699 217 485 40 35 365 167 409 506 58 497 544 695 510 509 360 31 74 70 340 62 376 421 568 396 256 137 642 94 345 221 474 668 146 298 553 296
660 433 315 650 559 336 338 612 79 235 515 10 346 632 550 180 548 619 95 654 111 14 350 393 335 200 534 33 361 443 124 190 262 41 29 414 366 168 353 688 538 546 192 244 700 317 21 106 364 528 662 285 202 313 680 7 196 569 176 324 470 349
653 586 565 527 587 542 408 148 541 504 494 248 268 628 551 545 300 696 231 223 187 136 327 602 455 163 644 630 666 415 24 558 690 297 697 418 507 292 158 616 375 240 333 500 243 649 171 109 496 128 206 578 395 672 669 363 227 8 638 520 595
263 608 139 426 76 152 237 195 213 593 643 479 483 465 279 379 312 454 511 339 428 261 258 245 81 344 4 325 477 646 25 347 54 468 464 639 657 229 458 68 53 271 532 85 191 259 457 467 627 156 670 499 452 678 599
693 304 264 597 554 131 66 116 284 583 145 199 19 45 441 173 80 247 490 557 47 266 159 480 471 52 100 694 288 677 618 603 219 321 518 73 32 373 43 617 475 236 390 673 181 447 160 12 573 486 671 46 107 39 272 442 359 275 246 20 77 596
577 130 652 604 665 629 177 125 48 286 153 523 387 566 150 585 265 306 13 151 281 411 505 503 382 133 440 322 444 332 179 249 570 579 533 594 517 260 157 562 675 67 525 205 374 295 362 674 82 404 115 182 358 185 501 34 211 489
225 601 684 423 162 175 216 640 149 552 450 155 655 242 407 372 488 530 637 461 301 658 75 631 11 309 445 420 356 633 23 201 220 203 90 495 143 610 98 224 123 574 572 555 86 466 560 394 78 6 540 289 293 456 166
61 609 209 681 605 165 144 491 170 606 55 112 287 469 330 448 103 194 614 635 269 607 303 127 92 401 386 437 91 110 676 436 69 186 598 556 238 492 198 663 685 37 241 132 659 388 326 193 232 169 99 513 406 323 410 434 481 305
381 38 389 215 87 121 686 3 620 592 172 276 108 178 59 539 634 16 645 210 664 319 453 369 42 371 682 63 451 689 64 134 524 311 138 563 331 472 294 600 22 622 621 531 536 280 2 120 424 254 5 537 692 113 519
314 93 522 318 398 590 141 679 648 302 122 88 105 405 334 419 343 439 250 514 49 422 299 230 257 30 283 416 60 624 582 487 384 502 482 402 547 529 89 117 476 97 65 385 51 462 391 222 102 101 342 438 57 184 591 400 429
588 277 656 543 44 549 683 417 432 351 212 164 234 354 626 613 282 526 368 516 352 430 104 449 278 291 473 253 204 698 252 403 576 589 270 129 687 207 641 71 218 370 484 412 228 320 161 647 154 446 142 425 118 691 50
