13090
61 660 38 433 315 650 559 336 170 606 307 274 450 592 551 545 655 242 231 223 49 607 303 310 463 135 378 534 319 440 322 473 624 582 487 384 502 158 616 129 435 255 476 74 70 71 205 294 421 573 119 680 457 101 669 363 227 324 470 349
577 130 565 527 76 72 9 329 251 583 145 10 226 493 330 626 613 282 95 654 488 634 16 645 210 664 278 630 666 415 24 558 690 297 697 418 507 23 506 58 497 544 238 375 117 267 500 243 649 62 376 85 191 228 362 46 320 161 647 394 94 196 156 670 499 452 678 599
460 588 357 667 543 44 549 237 48 286 153 523 405 334 419 548 619 247 126 96 159 480 471 449 416 288 677 445 420 29 414 366 168 353 688 54 64 495 143 21 97 65 271 532 326 193 531 671 84 2 120 467 359 625 275 498 214 1 535 188
564 225 608 139 681 605 491 273 36 213 593 112 18 661 575 392 521 80 526 368 516 352 230 257 163 261 258 40 35 204 325 477 646 451 689 695 56 208 687 673 181 447 340 171 109 496 555 86 222 99 627 323 410 289 293 456 166
263 656 152 683 148 541 504 494 248 620 199 19 300 696 194 614 635 187 136 327 27 397 348 644 437 694 291 444 332 179 249 570 579 186 598 556 43 617 134 524 311 138 563 160 224 123 22 128 206 578 395 672 424 254 5 8 638 520
337 584 652 604 587 542 408 177 125 612 79 235 515 234 354 448 103 265 306 13 151 281 411 505 503 382 133 100 245 60 253 365 167 409 482 402 547 529 89 509 360 31 685 37 98 12 600 568 169 560 7 580 406 6 540 434 481 305
381 277 264 423 567 290 427 417 432 552 615 628 561 483 465 407 372 111 14 127 92 401 512 91 11 309 262 41 356 633 292 25 347 538 510 639 657 229 641 385 51 571 147 259 39 115 272 442 446 474 668 146 298 553 296
653 586 601 684 597 665 629 66 116 195 183 17 164 387 566 150 441 173 380 514 637 461 301 658 75 217 443 124 190 618 603 219 321 576 589 270 373 90 562 675 399 174 218 370 484 391 232 674 82 404 345 246 20 77 596 595
693 304 197 87 338 623 122 88 105 155 45 585 279 269 379 312 454 511 339 428 283 239 453 369 42 371 682 63 594 517 468 464 198 663 67 525 241 132 659 388 313 396 466 26 28 221 569 176 537 692 113 519
316 367 209 215 554 131 165 216 640 149 686 3 268 346 632 550 180 343 439 250 490 557 530 422 299 393 335 200 52 33 631 81 344 4 698 252 403 518 73 32 260 475 236 390 207 610 114 189 636 574 572 622 621 486 536 107 102 182 342 438 57 118 691 50
314 93 522 318 426 162 175 144 121 284 351 212 287 469 172 276 108 178 59 539 611 355 430 104 386 361 485 110 676 436 69 533 201 220 203 492 157 240 333 106 364 331 472 374 462 295 256 137 642 78 142 425 184 591 400 429
609 389 398 590 141 679 648 302 140 55 643 479 651 431 383 413 328 47 266 350 602 455 30 699 308 341 83 581 459 233 478 508 377 15 546 192 244 700 317 458 68 53 528 662 285 202 412 280 154 513 358 185 501 34 211 489
