13186
225 277 656 215 87 336 251 140 55 10 164 234 172 276 108 380 126 96 310 505 503 382 100 630 666 415 24 558 690 249 570 579 186 576 589 270 546 529 435 255 31 399 174 114 62 376 22 555 84 99 39 78 254 410 434 481 305
316 367 209 426 605 216 148 48 286 153 105 287 469 330 626 613 282 95 654 111 14 127 92 401 658 133 694 291 308 341 83 581 459 233 478 508 377 15 90 562 675 138 70 241 12 484 572 622 396 466 102 672 580 359 625 5 537 692 113 519
653 586 601 684 423 665 629 144 170 195 213 593 592 19 483 465 407 372 488 530 637 463 135 378 534 437 217 453 369 42 371 682 63 594 517 260 157 509 360 476 641 71 189 636 391 621 531 222 137 642 513 358 185 501 34 211 489
564 660 565 527 162 549 679 648 606 307 274 615 18 661 575 392 521 439 250 514 49 422 299 230 257 163 449 278 443 124 190 618 603 219 321 451 689 695 56 208 687 207 37 340 662 285 202 313 119 680 560 154 627 323 670 289 535 456 166
588 38 389 76 72 9 683 417 432 552 450 493 354 448 103 173 279 379 312 454 511 339 428 644 440 485 110 204 297 697 418 507 23 25 347 538 129 495 143 458 68 53 271 532 85 147 206 578 107 404 94 196 6 540 499 452 678 599
263 130 139 681 398 290 427 329 116 302 351 212 643 387 566 150 441 306 13 151 281 411 393 335 200 386 261 91 40 35 676 436 69 533 201 220 203 64 134 524 311 67 525 205 374 600 412 232 86 536 280 28 156 246 20 77 596 595
460 693 357 667 597 152 408 177 125 122 88 628 551 545 300 696 194 614 635 269 607 303 16 645 210 75 631 473 624 582 487 384 292 518 73 32 373 468 464 198 663 447 160 224 123 421 568 259 26 669 363 227 324 470 349
61 609 522 318 554 131 141 121 284 79 235 112 346 632 550 180 343 231 223 187 136 602 480 471 52 33 361 288 677 445 420 356 633 502 158 616 43 617 475 236 390 673 181 563 171 109 571 128 345 474 668 146 298 553 296
577 608 264 543 44 66 491 273 623 583 145 523 155 655 242 619 247 490 557 47 266 350 27 397 348 699 416 11 309 262 41 29 414 366 482 402 547 375 240 333 685 74 610 98 385 51 462 295 671 169 647 120 115 182 342 221 569 176 184 591 400 429
314 93 652 604 567 590 175 338 612 686 3 515 620 199 334 419 548 413 328 611 355 430 104 283 322 81 344 4 698 252 403 168 353 688 54 192 244 700 317 21 106 364 528 132 659 496 191 228 362 256 395 7 272 442 406 142 425 8 638 520
337 584 433 315 650 559 640 149 36 183 17 405 561 651 431 383 178 59 539 634 352 159 455 30 664 319 258 245 444 332 179 167 409 506 58 497 544 510 117 267 97 65 331 472 294 574 573 486 674 82 2 394 467 446 275 498 214 1 293 188
381 304 197 587 542 165 237 541 504 494 248 268 226 479 45 585 265 80 526 368 516 327 461 301 512 239 60 253 365 325 477 646 598 556 238 492 89 639 657 229 500 243 649 218 370 388 326 193 46 320 161 457 101 424 438 57 118 691 50
