13090
588 389 597 152 549 121 48 286 153 287 469 354 626 613 194 614 635 187 136 310 505 503 382 133 100 110 204 603 219 321 451 689 468 464 509 360 476 500 243 649 331 472 294 574 573 86 536 560 358 185 501 34 211 489
653 586 277 656 554 131 408 237 302 140 55 628 551 561 483 465 413 328 611 355 230 257 163 449 440 322 666 415 24 558 690 297 697 418 507 366 482 402 547 529 89 435 255 31 37 53 205 374 622 228 362 280 457 94 196 363 227 324 470 349
577 601 684 543 542 417 432 552 615 199 334 419 343 282 526 47 266 350 602 480 471 644 91 444 332 179 249 570 579 186 508 377 238 492 562 675 138 563 340 662 285 202 22 412 84 99 39 442 359 6 540 289 293 188
381 38 139 426 605 66 116 623 36 213 593 112 18 661 575 392 521 380 514 637 463 135 378 512 239 443 124 190 262 41 356 633 502 158 616 43 375 198 663 399 174 241 189 636 295 232 680 404 115 272 345 625 5 434 481 305
314 209 215 44 329 251 583 145 523 155 45 441 407 372 111 14 127 92 401 658 319 631 473 253 365 325 477 646 598 556 90 240 333 67 525 171 109 391 621 531 256 395 120 78 275 498 214 1 535 456 166
263 357 667 315 290 427 683 148 541 351 212 643 387 566 150 585 439 250 490 557 530 422 299 27 397 348 52 33 361 485 40 35 676 436 69 478 576 589 270 15 617 495 143 74 70 271 532 85 147 396 222 137 647 101 424 254 670 537 692 113 519
225 608 264 423 567 590 175 273 606 307 274 450 164 234 172 276 108 279 269 379 312 461 301 386 437 694 245 60 624 582 698 252 403 518 73 32 373 64 134 524 311 97 114 62 376 421 572 191 486 674 82 2 394 513 406 323 410 298 553 296
460 693 130 565 527 87 165 177 125 612 79 235 515 10 226 493 330 242 173 306 13 151 281 411 393 335 200 534 75 291 308 341 83 581 459 233 23 506 58 497 544 695 510 639 657 229 610 98 385 51 462 313 206 578 107 154 669 142 425 184 591 400 429
316 367 93 652 604 398 72 9 216 640 284 686 3 620 346 632 550 180 548 619 95 654 488 634 16 645 210 261 258 453 369 42 371 682 63 594 517 260 157 687 673 181 447 160 12 484 496 555 169 161 642 182 342 438 57 118 691 50
564 660 304 197 587 650 559 336 338 149 504 494 248 405 545 655 448 103 231 223 49 607 303 327 159 455 30 664 217 11 309 445 420 29 414 292 25 347 538 129 244 700 317 21 458 68 65 224 123 568 671 259 26 28 221 156 246 20 77 596
609 522 318 76 665 629 144 491 170 195 183 17 268 592 19 300 696 265 80 247 126 96 454 511 339 428 283 416 288 677 618 487 384 533 168 353 688 54 56 208 475 236 390 207 641 71 218 370 388 571 128 119 46 320 7 580 446 569 176 8 638 520 595
61 337 584 433 681 162 141 679 648 122 88 105 479 651 431 383 178 59 539 368 516 352 430 104 699 278 630 81 344 4 167 409 201 220 203 546 192 117 267 685 106 364 528 132 659 600 326 193 466 102 672 467 627 474 668 146 499 452 678 599
