13090
609 656 215 554 131 408 417 302 583 145 515 10 643 479 566 150 441 173 380 514 637 27 397 348 449 217 443 124 190 262 41 29 414 366 482 402 547 375 495 143 21 500 53 528 662 285 202 571 128 280 560 39 78 254 410 298 553 296
693 130 565 527 597 605 175 679 648 284 79 235 523 469 354 626 613 439 250 490 557 530 422 299 505 503 512 245 473 624 582 487 384 502 451 689 695 56 208 639 657 229 37 160 224 123 295 119 84 99 7 580 28 221 156 246 20 77 596
61 314 608 139 681 398 87 329 116 606 55 105 18 661 575 392 521 306 13 151 281 411 461 301 382 33 322 288 677 618 603 219 321 25 347 538 90 244 700 317 97 114 62 376 496 555 671 46 320 161 647 154 513 406 474 668 146 434 481 305
577 38 264 423 72 9 336 170 48 504 494 248 620 592 334 419 585 265 80 247 126 96 310 463 455 30 664 319 239 666 415 24 558 690 249 570 579 292 158 616 492 687 673 181 447 649 218 370 388 22 412 232 466 2 101 182 342 142 425 324 470 349
337 584 433 587 650 559 251 36 213 593 287 387 300 696 178 59 539 368 516 352 159 480 471 52 258 308 341 83 581 459 233 478 508 377 373 43 617 134 524 311 138 610 98 12 484 326 147 206 222 137 642 345 438 57 118 691 50
564 660 93 522 318 567 590 141 237 541 351 212 226 493 330 180 548 231 223 49 607 303 16 645 210 534 75 261 291 453 369 42 371 682 63 594 517 129 240 333 525 205 294 421 568 396 259 6 540 499 452 678 599
225 601 684 315 290 427 683 148 432 552 450 346 632 550 431 383 279 269 379 312 454 511 339 428 91 444 332 179 325 477 646 518 73 32 260 157 562 675 67 563 189 636 574 572 573 486 680 120 115 272 442 446 363 227 8 638 520 595
381 304 197 76 542 66 491 273 623 140 307 274 615 199 19 651 448 103 194 614 635 187 136 327 602 135 378 133 100 694 630 11 309 445 420 356 633 23 598 556 468 464 475 236 390 207 641 71 385 51 462 391 621 531 674 102 672 94 424 358 185 501 34 211 489
263 209 426 162 165 338 612 286 153 268 405 545 655 242 619 95 654 488 634 430 104 386 278 631 60 253 204 297 697 418 507 186 576 589 270 15 529 89 509 360 31 685 106 364 331 472 374 622 228 169 26 196 569 176 289 293 188
653 586 277 652 604 152 549 144 640 149 686 3 112 155 45 343 282 526 47 266 350 393 335 200 644 437 416 40 35 676 436 69 533 201 220 203 546 192 435 117 476 74 70 243 65 271 532 85 193 362 256 82 404 627 323 670 184 591 400 429
460 588 357 667 543 44 177 125 195 183 17 164 234 172 276 108 413 328 611 355 230 257 163 699 361 485 110 365 167 409 506 58 497 544 238 64 255 267 458 68 241 132 659 109 191 86 536 107 457 669 5 537 692 113 519
316 367 389 665 629 216 121 122 88 628 551 561 483 465 407 372 111 14 127 92 401 658 283 440 81 344 4 698 252 403 168 353 688 54 510 198 663 399 174 340 171 600 313 578 395 394 467 359 625 275 498 214 1 535 456 166
