13090
609 522 318 315 290 427 165 216 148 541 504 494 248 620 199 334 419 343 194 614 635 187 136 327 602 135 378 512 239 308 341 83 581 459 233 478 508 377 15 56 208 509 360 31 399 174 114 62 376 600 295 466 404 115 182 342 156 246 20 77 596 595
577 130 565 527 162 549 683 417 302 122 88 628 551 561 651 448 103 173 380 514 637 463 455 163 283 440 60 624 582 698 252 403 518 73 32 510 240 333 67 563 160 224 123 421 568 107 102 672 272 442 446 363 227 8 638 520
337 584 389 597 554 131 141 251 36 183 17 346 632 550 180 548 231 223 49 607 303 127 92 401 534 361 443 124 190 262 41 29 414 292 158 616 43 617 134 524 311 97 65 218 370 484 22 412 169 161 642 101 345 6 540 434 481 305
460 588 601 684 423 72 9 408 237 195 213 593 268 405 545 300 696 282 526 47 266 350 461 301 658 133 278 630 666 415 24 558 690 297 697 418 507 23 506 58 497 544 238 492 687 207 641 241 189 636 573 486 671 222 137 196 569 176 289 535 456 166
653 586 656 426 87 66 273 623 140 307 274 450 592 19 483 441 279 269 379 312 454 511 339 428 644 291 110 204 603 219 321 201 220 203 260 157 198 663 21 74 70 71 12 326 193 232 86 256 99 7 669 142 425 184 591 293 188
61 381 357 667 605 679 648 606 55 155 655 626 613 619 95 654 488 634 16 645 210 75 261 258 473 253 365 487 384 502 482 402 547 375 495 143 138 610 98 271 532 313 228 362 46 320 2 120 467 323 410 298 553 296
316 367 304 264 543 44 144 121 284 583 145 112 493 354 242 265 306 13 151 281 411 27 397 348 52 33 416 444 332 179 249 570 579 186 598 556 90 244 700 229 500 243 528 662 285 202 574 572 555 396 674 82 26 580 28 625 5 324 470 349
564 314 38 433 76 665 629 491 170 48 552 515 10 164 234 172 276 108 80 247 126 96 310 505 503 664 100 485 40 35 676 436 69 533 576 589 270 373 129 255 267 685 106 364 331 472 294 571 128 206 578 395 359 254 670 537 692 400 429
225 608 139 681 398 152 175 640 432 351 212 643 479 566 150 585 439 250 490 557 530 422 299 393 335 200 449 694 245 81 344 4 325 477 646 25 347 538 546 192 562 675 447 205 374 462 391 621 531 536 280 647 394 94 627 275 498 214 1 113 519
693 197 567 590 177 125 612 286 153 523 226 387 45 465 407 372 111 14 230 257 30 382 319 631 11 309 445 420 356 633 366 168 353 688 54 468 464 639 657 317 525 340 171 109 496 191 84 39 78 221 474 668 146 499 452 678 599
263 277 652 604 587 650 559 336 338 149 79 235 615 287 469 330 431 383 178 59 539 368 516 352 159 480 471 699 217 322 288 677 618 167 409 594 517 64 475 236 390 673 181 37 649 132 659 388 622 680 560 154 513 406 438 57 118 691 50
660 93 209 215 542 329 116 686 3 105 18 661 575 392 521 413 328 611 355 430 104 386 437 91 453 369 42 371 682 63 451 689 695 529 89 435 117 476 458 68 53 385 51 85 147 119 259 457 424 358 185 501 34 211 489
