13090
460 337 584 209 423 398 152 549 683 148 432 552 615 199 19 575 392 521 413 328 611 355 463 135 378 534 75 261 258 245 60 624 582 698 252 403 168 353 688 54 468 464 198 663 67 525 218 370 600 496 147 86 222 161 101 424 246 20 77 596
577 93 652 604 554 131 216 417 302 351 212 18 661 45 441 173 306 13 151 281 411 461 301 449 239 443 124 190 618 603 219 321 201 220 203 510 255 476 458 174 160 224 123 462 313 228 119 680 560 120 115 272 625 275 498 214 1 535 188
314 38 433 567 590 141 679 648 48 504 494 248 592 334 419 548 619 95 654 488 634 350 393 335 200 512 217 485 110 204 297 697 418 507 366 451 689 695 56 208 495 143 21 37 98 189 636 572 555 280 404 94 345 363 227 324 470 349
660 565 527 587 650 559 338 606 55 620 226 493 354 448 103 279 269 379 312 454 511 339 428 133 361 453 369 42 371 682 63 594 517 260 475 236 390 207 97 528 662 285 374 391 396 466 26 669 474 668 146 499 452 678 599
588 608 264 543 290 427 165 144 121 284 583 145 523 155 655 626 613 194 614 635 187 136 327 159 480 471 52 440 473 253 676 436 69 186 508 377 15 546 192 687 673 181 74 610 114 62 376 421 568 46 320 642 196 6 540 434 481 305
263 130 139 681 162 408 177 125 612 79 235 515 10 346 632 550 242 178 59 539 368 516 352 430 104 699 278 322 288 677 445 420 356 633 23 598 556 238 375 240 333 138 70 71 205 202 574 573 206 536 107 154 513 406 438 57 118 691 50
693 389 215 44 336 237 541 36 213 593 268 405 561 483 465 407 372 111 14 127 92 401 658 33 81 344 4 167 409 506 58 497 544 43 617 134 524 311 641 649 171 109 326 193 259 457 442 446 142 425 184 591 400 429
653 586 522 318 426 605 175 273 623 122 88 105 234 172 276 108 439 250 490 557 530 422 299 27 397 348 283 416 40 35 365 487 384 502 158 616 129 244 700 229 68 243 65 132 659 388 295 531 169 102 672 28 254 5 289 293 456 166
564 225 601 684 597 72 9 640 149 686 3 112 287 387 566 150 585 265 80 247 126 96 310 505 503 664 100 291 308 341 83 581 459 233 478 576 589 270 90 562 675 447 340 271 532 571 128 578 137 647 394 467 627 323 410 298 553 296
381 304 197 76 665 629 66 491 170 195 183 17 628 551 545 300 696 282 526 47 266 602 455 30 382 319 630 666 415 24 558 690 249 570 579 533 482 402 547 529 89 639 657 317 500 53 331 472 294 85 191 486 84 99 7 580 359 221 156 670 537 692 113 519
61 609 277 656 315 87 251 286 153 643 479 651 431 383 380 514 637 230 257 163 644 437 694 631 444 332 179 325 477 646 518 73 32 492 157 509 360 31 685 106 364 385 51 22 622 621 362 674 82 2 182 342 569 176 8 638 520 595
316 367 357 667 542 329 116 140 307 274 450 164 469 330 180 343 231 223 49 607 303 16 645 210 386 91 11 309 262 41 29 414 292 25 347 538 373 64 435 117 267 399 563 241 12 484 412 232 671 256 395 39 78 358 185 501 34 211 489
