13090
564 225 433 315 87 148 541 36 183 17 268 199 354 626 613 194 614 635 187 136 310 463 455 163 33 631 11 309 445 420 356 633 23 508 377 238 64 134 524 311 447 65 271 532 571 128 119 395 394 94 627 323 410 289 535 456 166
314 357 667 543 44 549 216 121 48 286 153 155 655 242 173 380 514 637 27 397 348 449 278 630 453 369 42 371 682 63 451 689 43 617 435 255 31 106 364 528 662 285 202 295 228 671 84 2 39 115 272 345 156 670 537 692 400 429
460 337 584 209 426 76 665 629 144 170 195 213 593 112 234 172 276 108 439 250 490 557 530 422 299 230 257 30 386 261 91 81 344 4 325 477 646 25 347 538 90 495 143 21 458 68 53 205 374 496 191 680 560 7 101 424 438 57 184 591 293 188
263 601 684 423 590 141 679 648 140 307 274 615 287 469 330 431 383 178 59 539 47 266 350 393 335 200 283 440 322 288 677 618 603 219 321 201 220 203 510 240 333 685 74 174 385 51 85 147 169 99 342 221 474 668 146 298 553 296
316 367 93 522 318 542 683 417 302 351 212 164 387 566 150 441 413 328 611 355 461 301 382 133 291 60 624 582 698 252 403 594 517 260 157 639 657 229 37 160 12 600 572 573 222 161 457 467 359 358 185 501 34 211 489
381 197 587 650 559 177 125 612 79 235 523 226 493 561 651 448 103 265 80 247 126 96 454 511 339 428 75 416 473 253 204 297 697 418 507 292 158 616 129 244 700 317 138 610 114 62 376 421 568 86 256 137 642 28 498 214 1 113 519
609 652 604 398 152 408 640 149 686 3 515 620 18 661 45 465 231 223 49 607 303 352 159 480 471 52 694 443 124 190 262 41 29 414 366 168 353 688 54 192 687 673 181 641 71 224 123 462 412 232 466 102 182 625 275 246 20 77 596 595
61 660 608 139 681 162 175 491 273 284 122 88 628 551 545 300 696 282 526 368 516 327 602 135 378 512 239 308 341 83 581 459 233 478 576 589 270 15 546 529 198 663 67 525 241 132 659 388 313 206 578 107 672 513 406 363 227 8 638 520
653 586 277 656 215 554 131 165 237 606 55 10 643 479 483 343 279 269 379 312 430 104 699 361 485 110 365 167 409 506 58 497 544 695 56 208 562 675 399 70 340 189 636 22 555 396 259 26 580 196 6 540 118 691 50
577 304 264 597 605 66 251 504 494 248 346 632 550 180 548 619 95 654 111 14 127 92 401 658 644 437 217 245 444 332 179 249 570 579 186 598 556 492 89 509 360 476 500 243 649 171 109 326 193 531 536 280 154 669 142 425 324 470 349
693 130 565 527 72 9 336 338 432 552 450 592 19 575 392 521 306 13 151 281 411 505 503 664 100 258 666 415 24 558 690 487 384 533 482 402 547 375 117 267 97 98 331 472 294 574 622 621 362 46 320 647 120 78 254 5 499 452 678 599
588 38 389 567 290 427 329 116 623 583 145 105 405 334 419 585 407 372 488 634 16 645 210 534 319 40 35 676 436 69 502 518 73 32 373 468 464 475 236 390 207 563 218 370 484 391 486 674 82 404 442 446 569 176 434 481 305
