13186
564 660 93 522 318 315 650 559 170 606 55 105 346 632 550 180 548 279 379 312 230 257 30 664 319 258 40 35 676 436 69 186 598 556 43 375 198 663 37 364 132 659 572 191 396 169 161 457 94 196 569 176 289 293 188
577 130 389 152 408 177 125 140 307 274 450 592 19 651 431 383 178 59 539 634 352 463 455 163 75 694 291 308 341 83 581 459 233 478 576 589 270 15 64 240 333 67 525 340 171 109 326 147 578 137 647 345 363 227 118 691 50
61 337 584 652 604 587 542 165 144 273 284 583 145 620 155 655 448 103 265 80 247 490 557 47 266 350 602 135 378 512 217 60 253 204 249 570 579 533 508 377 260 157 687 207 399 563 241 12 484 295 232 671 680 642 115 627 438 57 184 591 400 429
225 209 681 87 336 237 302 686 3 199 334 419 585 439 250 514 49 422 299 27 397 348 52 33 630 473 624 582 698 252 403 168 353 688 54 468 464 639 657 229 500 160 224 123 421 568 206 259 560 101 424 323 670 499 452 678 599
460 588 38 264 423 398 72 9 329 640 149 286 153 523 226 493 354 626 613 231 223 187 136 327 159 480 471 699 278 631 666 415 24 558 690 297 697 418 507 23 201 220 203 56 208 435 255 476 447 65 271 532 391 531 256 395 672 467 359 625 275 498 214 1 535 456 166
653 586 433 76 44 549 216 121 195 213 593 112 628 551 545 300 696 282 526 368 516 16 645 210 534 261 91 81 344 4 167 409 506 58 497 544 695 510 509 360 31 68 53 189 636 574 573 46 320 102 394 28 5 324 470 349
314 601 684 543 290 427 679 648 48 504 494 248 287 469 330 242 619 95 654 488 530 637 461 301 382 133 100 245 444 332 179 325 477 646 25 347 538 492 89 117 267 458 174 649 331 472 202 462 412 119 84 26 669 142 425 8 638 520 595
381 608 139 426 605 66 491 417 432 351 212 643 387 566 150 441 173 306 13 151 281 411 393 335 200 449 239 11 309 262 41 29 414 366 451 689 546 529 475 236 390 673 181 74 610 98 385 51 313 228 280 2 7 272 442 446 6 540 434 481 305
316 367 304 197 567 590 683 148 541 36 183 17 268 18 661 575 392 521 380 126 96 310 505 503 283 416 288 677 445 420 356 633 502 482 402 547 192 134 524 311 97 71 218 370 388 571 128 536 107 39 78 254 410 537 692 113 519
609 277 656 215 554 131 141 116 623 552 615 479 45 343 194 614 635 269 607 303 127 92 401 658 361 443 124 190 618 603 219 321 518 73 32 373 617 562 675 641 114 62 376 22 622 621 486 466 154 342 221 474 668 146 298 553 296
693 357 667 597 665 629 338 612 79 235 515 10 405 561 483 465 407 372 111 14 454 511 339 428 644 322 453 369 42 371 682 63 594 517 238 90 244 700 317 21 138 70 243 205 294 600 496 555 362 674 82 404 580 182 358 185 501 34 211 489
263 565 527 162 175 251 122 88 164 234 172 276 108 413 328 611 355 430 104 386 437 440 485 110 365 487 384 292 158 616 129 495 143 685 106 528 662 285 374 85 193 86 222 99 120 513 406 156 246 20 77 596
