13090
693 38 433 681 542 144 121 195 183 17 164 234 172 276 108 439 250 490 557 530 422 299 92 401 658 283 473 624 582 487 384 502 451 689 695 510 495 143 685 68 65 218 370 388 147 466 26 580 627 156 246 20 77 596
225 209 423 567 590 175 116 623 140 307 274 615 592 551 561 483 465 178 59 539 368 516 352 230 257 30 664 319 258 308 341 83 581 698 252 403 576 589 270 492 89 639 657 317 21 138 70 243 528 662 285 374 600 568 119 320 120 115 28 221 474 668 146 499 452 678 599
660 565 527 587 650 559 683 417 302 122 88 226 493 330 242 173 279 269 379 312 430 104 386 261 440 453 369 42 371 682 63 594 517 238 56 208 435 255 476 97 340 62 376 496 555 86 222 161 457 513 406 438 57 118 691 50
609 389 543 44 66 338 149 583 145 515 628 334 419 548 407 372 488 634 16 645 210 699 91 110 204 297 697 418 507 186 598 556 468 464 509 360 31 500 71 224 123 391 232 169 99 7 424 323 410 298 553 296
337 584 656 215 290 427 165 237 606 55 105 287 469 354 626 613 282 526 611 355 393 335 200 449 278 630 666 415 24 558 690 459 233 23 201 220 203 260 157 198 663 37 53 205 202 462 295 228 256 137 642 101 446 363 227 324 470 349
316 367 93 522 318 426 665 629 491 170 79 235 10 18 661 575 392 521 306 13 151 281 411 602 455 163 512 217 322 81 344 4 167 409 506 58 497 544 43 617 134 524 311 641 114 189 636 574 572 622 621 362 259 272 442 196 569 176 184 591 400 429
653 586 601 684 315 87 336 679 648 48 286 153 523 405 545 300 696 265 80 247 126 96 310 505 503 133 100 485 40 35 365 325 477 646 168 353 688 54 64 475 236 390 673 181 74 610 98 271 532 313 486 674 82 2 94 345 625 275 498 214 1 535 456 166
577 277 264 605 329 640 432 351 212 643 387 566 150 585 413 328 47 266 350 461 301 382 437 416 288 677 445 420 356 633 366 482 402 547 192 244 700 229 458 563 160 12 484 326 193 671 84 404 669 142 425 8 638 520 595
564 314 130 652 604 398 72 9 216 148 541 504 494 248 268 155 45 441 231 223 49 607 303 127 27 397 348 52 33 291 60 253 676 436 69 478 508 377 15 90 240 333 447 649 171 85 191 396 46 107 102 672 467 359 254 670 289 293 188
263 304 197 162 549 273 284 686 3 620 199 19 655 448 103 619 95 654 111 14 454 511 339 428 644 239 443 124 190 618 603 219 321 518 73 32 373 129 562 675 67 525 241 132 659 109 571 128 206 578 395 154 5 537 692 113 519
460 588 357 667 597 554 131 141 251 36 213 593 112 479 651 431 383 380 514 637 463 135 378 534 75 361 245 444 332 179 249 570 579 533 25 347 538 546 529 687 207 106 364 385 51 22 412 531 680 647 394 78 358 185 501 34 211 489
61 381 608 139 76 152 408 177 125 612 552 450 346 632 550 180 343 194 614 635 187 136 327 159 480 471 694 631 11 309 262 41 29 414 292 158 616 375 117 267 399 174 331 472 294 421 573 536 280 560 39 182 342 6 540 434 481 305
