13174
381 357 667 567 290 427 237 302 140 307 274 450 18 661 575 392 521 380 126 96 310 505 503 512 91 110 365 487 384 533 25 347 538 129 562 675 106 649 218 370 484 326 147 206 280 404 115 182 342 5 537 692 113 519
314 130 389 543 152 549 251 583 145 620 592 19 651 448 103 439 250 514 637 27 397 348 644 217 322 473 253 676 436 69 478 576 589 270 15 546 192 134 524 311 447 662 285 374 462 391 232 536 395 672 580 28 221 156 670 499 452 678 599
653 586 277 656 44 336 338 612 286 153 523 405 545 655 626 613 194 614 635 269 607 303 454 511 339 428 33 630 11 309 262 41 356 633 502 598 556 90 244 700 229 500 243 65 271 532 22 622 621 531 674 82 2 467 254 498 214 1 535 188
460 337 584 522 318 426 76 590 408 177 125 195 183 17 226 493 330 431 383 178 59 539 490 151 281 411 461 301 382 319 440 60 624 582 167 409 482 402 547 375 509 360 31 685 37 364 528 132 659 388 568 362 256 137 642 196 6 540 324 470 349
693 433 315 87 165 216 121 686 3 112 628 551 561 483 343 282 95 654 488 634 16 645 210 664 361 666 415 24 558 690 603 219 321 201 220 203 529 89 435 117 476 67 525 385 51 85 193 86 466 102 394 94 627 142 425 118 691 50
263 601 684 423 72 9 148 541 351 212 164 234 354 242 173 557 306 13 530 422 299 230 257 163 52 239 453 369 42 371 682 63 451 689 695 56 208 240 333 399 563 340 171 109 295 396 84 99 7 345 438 57 184 591 400 429
564 225 565 527 597 665 629 66 491 170 48 504 494 248 268 155 45 465 231 223 611 355 393 335 200 386 437 694 443 124 190 618 698 252 403 594 517 260 255 267 138 610 98 331 472 294 421 191 228 119 259 560 272 442 446 363 227 8 638 520
61 660 38 139 681 398 542 329 116 284 36 213 593 643 479 566 150 441 265 80 526 368 516 352 430 104 283 631 444 332 179 249 570 579 186 508 377 238 492 157 687 673 181 174 241 189 636 574 572 573 578 107 120 78 569 176 434 481 305
588 608 264 162 175 144 640 149 79 235 515 10 346 632 550 180 548 619 247 49 187 136 327 159 480 471 699 278 485 40 35 204 297 697 418 507 292 158 616 468 464 639 657 317 458 68 53 224 123 571 128 222 26 669 474 668 146 289 293 456 166
577 93 209 215 554 131 141 679 648 606 55 199 334 419 585 407 372 111 14 127 92 401 658 133 100 258 245 81 344 4 325 477 646 518 73 32 373 510 495 143 21 97 114 62 376 313 486 671 46 320 647 154 513 406 323 410 298 553 296
316 367 304 197 605 273 623 122 88 105 287 387 300 696 279 379 312 463 135 378 449 416 288 677 445 420 29 414 366 168 353 688 54 64 475 236 390 207 74 70 160 12 600 496 555 169 161 39 424 625 275 246 20 77 596 595
609 652 604 587 650 559 683 417 432 552 615 469 172 276 108 413 328 47 266 350 602 455 30 534 75 261 291 308 341 83 581 459 233 23 506 58 497 544 43 617 198 663 641 71 205 202 412 680 457 101 359 358 185 501 34 211 489
