13186
653 586 522 318 152 549 683 148 541 351 212 164 234 172 276 108 80 247 126 96 310 505 503 664 416 11 309 262 41 29 414 366 482 402 547 375 240 333 685 37 364 385 51 568 396 107 102 394 467 406 358 185 501 34 211 489
263 304 264 423 567 590 141 177 125 612 686 3 515 620 226 493 330 180 343 282 526 368 516 430 104 75 694 291 308 341 83 581 459 233 23 25 347 54 468 464 475 236 390 207 74 70 160 224 123 574 622 621 531 536 280 404 580 345 569 176 118 691 50
337 584 652 604 587 542 121 284 79 235 615 628 545 300 696 265 306 13 151 281 411 92 401 52 261 440 322 453 369 42 371 682 63 594 517 129 687 673 181 447 340 171 109 295 466 513 323 410 298 553 296
381 608 139 426 554 131 336 338 149 504 494 248 592 551 561 483 465 407 372 488 530 312 454 511 339 428 283 239 40 35 365 325 477 646 451 689 373 492 639 657 317 21 458 68 98 12 421 572 555 674 82 2 154 627 6 540 434 481 305
564 588 601 684 597 87 408 237 48 286 153 199 19 651 431 383 413 328 611 355 602 135 378 534 319 666 415 24 558 690 167 409 506 58 497 544 695 56 208 198 663 97 53 218 370 484 326 193 232 671 256 99 7 94 359 363 227 324 470 349
316 367 93 197 76 665 629 640 432 552 523 155 655 242 173 380 514 49 422 299 230 257 163 512 278 631 473 624 582 487 384 533 508 377 15 90 244 700 229 500 243 65 271 532 85 147 206 259 642 101 196 156 246 20 77 596
225 565 527 605 175 679 648 583 145 112 287 469 354 448 103 194 614 635 269 607 303 352 159 480 471 449 258 245 60 253 204 297 697 418 507 186 598 556 238 529 89 435 117 267 641 241 132 659 388 22 412 362 46 320 26 28 221 275 498 214 1 535 188
460 609 277 656 215 44 144 170 195 213 593 405 334 419 548 619 95 654 111 14 127 27 397 348 699 630 81 344 4 698 252 403 168 353 688 538 510 255 31 106 71 205 294 600 496 191 228 86 169 161 647 182 342 438 57 184 591 400 429
660 38 209 681 162 66 251 140 307 274 450 479 566 150 585 279 379 637 461 301 658 644 437 217 288 677 445 420 356 633 502 518 73 32 546 192 495 143 610 114 62 376 391 84 457 115 669 474 668 146 499 452 678 599
693 357 667 398 72 9 329 116 623 36 183 17 268 346 632 550 626 613 178 59 539 634 16 645 210 386 91 444 332 179 249 570 579 292 158 616 64 509 360 476 67 525 528 662 285 202 462 313 486 222 137 39 272 442 446 142 425 8 638 520 595
577 433 315 650 559 216 273 606 55 10 643 387 575 392 521 439 250 490 557 47 266 350 393 335 200 33 443 124 190 618 603 219 321 201 220 203 260 157 562 675 399 174 649 189 636 571 128 119 680 560 120 78 625 5 289 293 456 166
61 314 130 389 543 290 427 165 491 417 302 122 88 105 18 661 45 441 231 223 187 136 327 463 455 30 382 133 100 361 485 110 676 436 69 478 576 589 270 43 617 134 524 311 138 563 331 472 374 573 578 395 672 424 254 670 537 692 113 519
