5095
839 79 385 993 477 882 465 68 782 527 145 730 733 937 536 458 45 930 393 301 653 650 544 572 555 743 85 310 729 721 131 612 779 833 509 953 74 209 702 690 172 880 215 692 196 186 683 214 948 468 773 472 518 886 56 200 793 303 910 219 380 476 988 870
158 30 408 656 862 648 165 508 942 44 904 81 101 1000 115 946 580 837 331 636 1 3 284 379 675 407 453 883 586 382 754 116 799 218 195 488 251 242 761 740 594 230 122 23 869 652 276 20 728 470 456 480 821 746 32 755 246 412 637 987 265 14 995 913 780 912 777 533 820 360
873 202 573 164 593 125 147 29 267 355 717 826 798 367 624 732 16 187 60 296 319 135 703 828 549 194 644 680 352 700 582 183 425 494 783 225 934 635 707 180 106 317 906 539 235 736 139 713 178 234 39 772 517 630 206 461 981 674 809 63 850 905 632 663 931 600 609
498 336 725 383 543 554 889 438 418 957 506 894 547 831 203 256 17 61 606 943 415 857 377 667 753 522 313 819 710 479 813 142 250 211 46 8 845 295 271 410 308 96 38 603 885 433 83 282 149 992 558 796 129 708 811 299 222 65 685 579 669 333 94 601 358 314
4 537 496 607 550 212 294 801 971 726 677 401 686 127 293 216 565 321 188 968 884 402 275 140 676 961 449 996 239 643 756 112 464 846 229 283 78 50 217 640 619 305 441 920 654 491 386 874 58 448 117 687 599 297 390 613 952 354 268 903 540 672 92 970 688 532
868 37 863 966 589 176 388 210 128 781 6 374 917 570 457 815 513 978 534 585 503 881 302 575 997 855 876 900 763 233 64 324 628 26 320 373 909 152 691 611 111 529 975 163 738 171 526 673 442 249 698 875 817 372 97 454 323 452 714 878 720 322 429 960 445
444 87 651 431 198 7 774 716 25 41 40 709 420 48 134 255 221 170 838 91 482 806 346 208 226 872 288 462 450 160 505 752 923 562 137 154 794 865 417 371 712 521 844 153 191 362 473 307 421 252 100 36 340 21 443 836 618 679 823 834 936 621 244 104
258 824 405 224 262 727 854 69 136 778 356 856 631 567 411 419 734 805 34 790 792 759 42 10 484 661 963 73 315 357 469 237 843 261 745 784 696 292 123 422 62 309 921 312 918 938 263 610 818 278 941 238 368 916 90 598 871 902 501 49 965 660 241
404 553 723 770 24 9 998 751 510 638 497 940 124 592 475 342 633 974 769 578 133 190 22 347 298 435 273 548 181 406 201 620 118 629 924 192 416 437 980 88 71 351 51 642 994 694 927 300 665 787 800 929 481 911 945 384 519 807 199 749 389 177 394 848 240 847 460 530
231 157 363 341 54 141 447 808 220 185 625 768 504 403 490 626 98 359 291 520 614 428 597 814 52 207 715 259 455 750 605 247 695 897 59 95 860 959 835 119 113 571 767 596 121 742 280 541 126 788 18 604 662 286 499 973 161 399 757 27 932 829 888 109 375 432 704 991 166 999
976 155 337 990 955 969 762 349 436 184 223 647 11 896 977 802 925 277 329 944 289 486 711 369 890 577 786 664 55 914 658 5 304 827 311 440 551 13 748 560 67 75 947 306 563 53 12 387 167 524 500 474 364 590 764 266 232 108 47 595 427 361 982 89 816 983 659 684 561 348
76 588 531 151 392 825 901 478 162 907 243 502 851 810 559 343 926 204 950 197 430 114 812 446 822 327 887 879 735 99 57 483 861 66 898 701 623 174 840 103 568 706 325 795 528 179 146 737 376 370 80 285 523 396 758 514 330 655 731 724 102 867 169 622 318 939 350
954 741 538 492 891 864 467 328 236 803 895 338 93 84 213 893 933 15 110 670 591 397 281 797 381 972 156 70 459 766 747 584 771 205 705 574 791 489 951 581 915 564 789 345 173 130 587 332 958 378 43 269 414 552 984 466 682 254 908 542 697 935 426 487 398 189
877 138 602 657 365 866 105 681 132 290 424 760 120 339 668 272 344 512 928 722 744 986 143 804 423 919 86 409 335 439 227 841 576 693 72 557 326 616 274 566 516 967 168 776 434 451 853 400 77 617 353 739 666 245 287 634 849 842 922 678 649 175 525 785 144 964 82 270 615 148
493 150 228 535 719 645 765 463 366 413 546 159 31 264 892 583 699 689 495 257 391 775 395 511 949 279 28 830 671 569 2 253 956 852 33 193 989 507 718 19 316 35 515 260 646 608 832 334 627 962 485 182 899 858 859 639 248 471 641 979 556 107 545 985
