18455
143 85 51 164 121 300 38 396 289 33 110 336 498 283 139 263 25 188 382 379 410 247 398 213 157 407 223 430 347 32 120 485 356 7 137 94 144 346 362 403 343 307 167 326 20 4 5 357 53 58 101 438 56
277 29 64 341 293 84 60 361 142 61 218 322 189 156 483 47 71 176 87 377 388 16 465 496 433 222 256 30 59 1 467 443 116 313 210 90 378 252 251 86 236 484 21 191 77 114 391 349 295
17 136 80 18 298 366 306 66 174 303 492 389 282 288 446 131 385 243 12 228 148 338 193 111 414 364 305 374 451 250 206 50 490 238 79 428 10 354 363 479 179 104 432 163 119 207 394 147 150
474 69 330 102 397 350 335 88 370 447 27 294 186 118 122 99 8 329 226 155 214 312 324 43 241 427 73 299 63 404 257 76 421 48 182 473 109 444 275 441 268 177 81 169 93 267 369 95
308 180 373 219 409 486 491 419 200 181 135 82 212 44 65 331 406 418 91 367 269 145 173 279 481 232 152 499 304 302 281 154 225 31 195 480 431 258 423 52 273 270 19 107 239 285 384 402 23
255 203 328 234 165 134 168 311 92 40 278 221 436 332 45 22 151 459 415 15 97 376 141 184 197 26 138 392 429 262 72 190 230 202 381 488 408 450 333 13 209 96 115 286 455 323 358 175 470 475 339 89 439
158 11 368 129 103 98 170 153 320 253 345 399 125 316 42 390 57 449 41 260 160 434 482 468 162 375 244 216 46 264 276 355 319 149 280 248 6 464 237 413 309 461 178 235 440
265 284 477 199 395 359 453 500 194 70 489 74 128 35 487 272 28 400 201 411 315 317 14 454 105 187 325 456 442 493 380 254 130 36 386 183 3 310 274 314 426 371 161 49 100 2
185 113 424 204 318 54 261 106 133 211 351 224 425 291 412 372 417 217 476 462 78 208 497 495 127 348 422 342 437 321 240 9 344 353 296 24 460 405 245 215 67 83 472 220 445 249 334 365 132 112 416 297 383 39 457 172 205
287 259 452 242 108 420 463 140 478 494 387 75 292 458 360 229 117 37 196 290 62 34 227 471 159 401 327 435 469 233 352 68 337 123 271 192 246 266 466 340 198 124 301 231 393 126 171 146 55 166 448
