5095
873 824 405 228 176 388 210 40 709 717 134 367 31 636 204 91 482 806 346 578 822 644 680 70 484 661 963 73 315 671 569 628 26 320 261 967 706 596 563 106 62 906 539 235 83 927 300 764 266 232 108 47 595 829 888 361 63 850 905 672 380 476 988 870
839 231 337 725 990 955 969 262 727 854 44 904 81 768 504 403 11 159 624 124 264 892 321 950 670 591 397 281 797 577 786 887 750 409 949 439 827 494 783 2 253 956 568 845 416 611 180 308 96 38 738 196 77 456 480 448 117 687 599 97 922 678 649 109 375 102 871 983 663 931 600 609
258 538 383 770 774 882 465 957 424 463 366 401 686 339 343 933 16 187 1 3 734 805 34 790 792 759 819 352 710 479 813 227 205 705 237 843 953 951 192 776 980 88 71 163 351 35 515 526 139 286 948 39 772 929 481 27 932 945 454 368 452 714 598 669 533 621 244 104
877 404 993 477 889 716 25 41 69 136 355 420 374 917 255 221 893 937 536 475 857 377 667 753 275 327 586 382 449 279 28 643 756 251 324 835 464 509 635 67 915 564 295 437 53 528 422 587 737 433 604 874 821 666 245 100 36 340 21 836 809 908 679 823 82 394 848 240 847 460
4 385 492 543 535 719 645 765 778 356 851 580 570 291 520 110 197 430 114 812 446 226 455 855 511 766 747 406 95 860 898 701 551 137 154 489 852 168 193 121 434 742 280 603 885 362 673 442 249 285 875 817 372 466 899 238 618 785 144 964 704 169 991 965 660 241
30 408 150 864 467 328 236 68 782 527 203 127 940 272 606 943 415 45 744 986 143 302 575 997 347 876 247 335 310 729 721 131 612 779 833 846 794 122 516 209 690 292 844 153 332 958 186 683 832 746 468 773 472 518 886 56 323 749 389 816 322 166 999
954 157 363 531 554 866 762 349 436 781 101 1000 115 946 256 17 411 838 583 329 319 135 703 828 549 194 140 42 735 99 57 548 183 425 771 112 620 118 629 924 707 50 217 521 111 529 451 317 309 470 608 713 334 610 818 278 708 613 200 519 807 982 303 910 777 429 960
87 537 37 863 966 589 508 294 801 971 726 677 826 798 293 359 592 60 296 284 379 495 257 391 804 423 676 879 605 743 85 273 483 861 66 923 574 791 840 283 74 789 172 880 387 920 654 312 918 214 263 992 558 796 129 858 952 222 65 685 579 659 684 561 348
976 138 602 657 365 24 9 998 267 760 48 856 631 457 815 513 978 342 633 393 301 881 133 190 22 919 86 459 582 897 59 752 576 693 72 557 594 229 566 767 696 795 305 853 788 18 921 694 938 590 149 161 399 758 514 811 299 793 542 697 935 902 501 622 820 360 445
76 336 431 198 7 54 141 125 147 29 625 6 490 626 810 730 331 925 277 512 689 675 653 522 313 298 900 450 160 505 242 761 740 326 616 274 745 784 702 306 652 640 619 12 179 51 167 736 43 269 421 665 787 800 517 630 206 461 427 354 268 780 878 632 219 92 970 688 532
498 202 496 607 550 212 942 506 894 547 831 497 559 977 802 732 419 188 968 486 711 369 890 650 544 572 156 10 700 763 233 841 250 119 13 748 560 581 417 691 20 441 728 692 994 491 386 307 499 552 984 637 987 265 14 995 525 89 867 834 270 615 148 530
155 862 648 224 438 418 751 510 243 120 84 213 170 565 699 944 289 884 402 381 972 555 658 695 239 830 311 440 225 934 373 103 23 152 371 712 276 173 130 316 146 171 378 473 662 414 973 287 634 849 390 941 384 254 199 913 903 912 936 487 398 985
444 868 493 573 164 151 392 825 901 478 803 895 502 145 668 216 344 458 428 930 974 769 208 715 259 872 55 914 462 5 584 64 201 562 113 571 75 947 325 123 191 524 500 646 370 282 178 234 627 962 485 182 911 682 859 639 248 471 641 177 426 49 318 939 350
79 651 656 341 165 447 808 220 185 128 184 223 907 638 413 546 896 98 567 61 15 534 585 503 407 453 883 664 288 754 996 181 304 142 959 211 46 8 909 33 869 345 989 975 19 541 126 400 376 617 353 739 252 523 396 757 842 981 674 655 731 724 432 979 333 94 601 358 189
158 741 588 553 723 891 593 105 681 132 290 162 647 338 93 837 733 926 614 928 722 597 814 52 207 775 395 961 435 116 799 218 195 488 357 469 623 174 230 865 78 271 410 507 718 215 642 260 474 364 58 80 698 32 755 246 412 297 443 330 175 916 90 540 720 556 107 545 314
