18455
308 180 318 298 453 500 351 110 447 498 283 139 263 462 459 208 8 329 269 145 173 312 223 414 468 162 469 244 216 46 264 313 276 450 333 13 343 307 167 326 20 4 5 357 53 470 475 440
113 424 204 80 18 164 359 60 361 142 253 345 399 125 217 131 385 37 196 290 62 34 214 422 279 430 364 305 30 59 1 467 443 116 94 90 355 319 36 386 183 3 484 21 191 77 39 457 369 402 2
265 284 477 199 395 350 311 92 40 278 218 322 189 156 483 47 151 379 410 247 398 213 157 315 197 401 327 32 120 485 356 7 381 210 266 466 340 334 365 124 301 104 432 171 146 58 394 147 150
287 259 452 242 108 420 121 306 66 174 303 221 436 332 45 22 71 176 118 122 415 497 495 127 227 159 434 482 347 152 499 353 296 24 460 405 67 154 225 403 209 96 115 286 455 163 119 207 161 101 438 172 448 23
17 136 373 219 409 463 140 478 494 61 336 27 294 272 390 87 12 228 16 465 193 222 26 256 240 9 344 456 442 493 76 144 378 252 354 363 479 179 464 237 413 309 461 178 166 56
277 29 64 341 293 54 261 106 133 211 370 75 292 458 360 229 476 65 331 406 99 418 15 97 376 111 437 321 392 429 262 72 190 230 271 79 428 10 473 109 444 231 393 126 297 383 175 55 295
474 69 330 102 397 98 170 153 320 200 181 135 82 212 117 243 382 148 338 496 141 184 324 43 241 427 73 233 352 68 337 123 137 421 254 130 198 132 112 416 268 177 81 169 93 267 339 89 439
185 143 85 51 84 366 335 88 387 70 389 282 288 446 186 28 78 91 367 226 155 348 342 14 454 105 187 325 304 302 281 202 380 192 246 83 472 220 445 249 195 480 431 275 441 323 358 114 391 49 100
158 11 368 129 103 486 300 38 396 289 33 224 291 412 372 417 42 25 188 57 400 201 411 471 407 481 232 435 375 299 250 206 50 490 238 488 346 362 31 251 86 236 258 310 274 314 426 371 235 349 205
255 203 328 234 165 134 168 491 419 194 492 425 489 74 128 35 487 316 44 377 388 449 41 260 160 433 317 138 374 451 63 404 257 245 215 408 48 182 149 280 248 6 423 52 273 270 19 107 239 285 384 95
