13186
653 586 565 527 597 152 549 683 148 286 153 523 405 354 626 613 282 526 368 516 16 645 210 664 100 416 60 624 582 487 384 292 158 616 260 157 562 675 97 53 218 370 388 191 228 362 674 161 647 120 78 221 156 670 289 535 188
460 609 522 318 72 9 336 121 48 504 494 248 346 632 550 242 173 279 379 637 230 257 163 699 278 631 81 344 4 167 409 201 220 203 529 89 509 360 31 37 649 331 472 202 574 572 622 621 531 671 256 82 2 154 424 142 425 8 638 520 595
564 225 277 652 604 567 290 427 251 583 145 515 234 172 276 108 439 250 490 557 47 266 350 602 135 378 534 33 239 666 415 24 558 690 249 570 579 533 25 347 538 468 464 475 236 390 673 181 74 610 98 385 51 85 193 395 394 513 406 363 227 118 691 50
316 367 93 209 423 398 590 175 144 491 170 195 183 17 268 155 45 465 178 59 539 634 352 461 301 658 644 361 110 204 297 697 418 507 23 506 58 497 544 43 617 134 524 311 67 525 241 12 484 295 232 169 26 182 275 246 20 77 596
61 381 304 197 76 665 629 216 417 432 140 307 274 450 164 469 330 180 548 231 223 187 136 327 159 480 471 283 217 322 11 309 445 420 29 414 366 451 689 695 56 208 198 663 399 174 340 189 636 573 486 680 404 101 342 438 57 184 591 293 456 166
577 130 139 426 554 131 141 116 623 36 213 593 112 592 334 419 585 407 372 111 14 454 511 339 428 75 437 291 308 341 83 581 459 233 478 508 377 15 546 192 687 207 563 528 662 285 374 600 571 128 536 280 560 39 115 272 442 359 358 185 501 34 211 489
314 38 433 681 162 273 284 552 615 287 387 566 150 441 265 80 247 126 96 310 505 503 382 319 258 245 473 253 365 325 477 646 168 353 688 54 510 639 657 317 21 458 68 114 62 376 421 568 86 222 137 642 28 254 5 434 481 305
588 601 684 587 542 329 640 302 122 88 105 18 661 575 392 521 413 328 611 355 463 455 30 52 261 443 124 190 262 41 356 633 502 482 402 547 375 255 476 641 171 326 147 466 99 7 580 196 6 540 499 452 678 599
660 357 667 543 87 66 338 149 79 235 10 643 479 300 696 619 95 654 488 530 312 430 104 449 694 485 40 35 676 436 69 186 576 589 270 492 240 333 138 70 243 65 271 532 391 206 578 107 102 672 94 669 474 668 146 537 692 113 519
263 608 264 605 165 237 541 351 212 628 551 545 655 448 103 194 614 635 269 607 303 127 27 397 348 133 440 444 332 179 698 252 403 518 73 32 373 129 244 700 229 447 160 132 659 109 496 555 84 627 323 410 298 553 296
337 584 389 215 44 408 177 125 612 686 3 199 19 651 431 383 380 514 49 422 299 92 401 386 91 288 677 618 603 219 321 598 556 64 435 117 267 500 71 205 294 462 313 119 259 457 467 446 569 176 324 470 349
693 656 315 650 559 679 648 606 55 620 226 493 561 483 343 306 13 151 281 411 393 335 200 512 630 453 369 42 371 682 63 594 517 238 90 495 143 685 106 364 224 123 22 412 396 46 320 345 625 498 214 1 400 429
