18455
158 11 368 129 103 486 300 38 396 370 253 291 412 372 417 217 131 25 87 12 228 449 41 260 496 342 347 435 375 244 216 46 264 94 144 79 48 182 36 386 183 3 464 237 268 177 81 169 93 285 384 23
143 85 102 397 98 170 153 320 33 224 181 135 82 212 44 118 122 16 465 411 184 279 14 43 241 32 120 485 356 7 76 90 254 130 251 86 236 115 286 455 323 358 114 267 147 448
287 259 452 51 84 366 335 88 387 389 27 294 186 459 415 497 495 127 227 433 223 401 364 105 187 325 63 404 257 245 215 67 154 225 31 195 480 431 484 21 191 77 39 391 235 438 172 295
308 180 373 219 409 350 306 66 174 303 492 425 489 74 128 35 487 272 385 243 331 406 91 367 269 145 173 471 111 482 468 162 469 233 352 68 337 123 271 355 319 249 343 307 167 326 20 4 5 270 19 107 239 55 166 205
255 203 328 234 165 134 168 491 419 351 70 447 498 283 139 263 462 57 418 8 329 226 155 214 159 324 256 305 30 59 1 467 443 116 313 276 346 362 252 334 365 132 275 441 309 461 178 369 402 2
277 424 204 318 298 453 500 289 200 75 292 458 360 229 476 65 377 99 148 338 193 141 222 430 454 152 499 353 296 24 460 405 381 210 246 266 466 340 473 109 444 231 393 126 297 383 175 470 101 100 440
185 113 29 64 341 293 54 463 140 478 494 278 336 399 125 316 42 390 37 379 15 97 376 315 317 481 240 9 344 304 302 281 202 488 428 10 354 363 479 179 310 274 314 426 371 161 49 349 150
265 284 477 242 108 420 121 311 92 40 61 218 221 436 332 45 22 151 28 78 410 290 62 34 348 407 197 437 374 451 456 442 493 380 192 378 403 209 96 258 104 432 171 146 58 394 56
17 136 80 18 164 359 60 361 142 110 345 282 288 446 117 388 247 398 213 157 434 414 327 392 429 262 72 190 230 238 83 472 220 445 198 124 301 112 416 413 163 119 207 475 339 95
474 69 330 199 395 261 106 133 211 194 322 189 156 483 47 71 176 188 382 208 196 400 201 160 422 312 26 138 321 232 427 73 299 250 206 50 490 137 421 408 450 333 13 149 280 248 6 423 52 273 357 53 457 89 439
