13090
577 608 264 597 605 175 216 148 432 140 307 274 450 18 661 575 392 521 439 250 490 557 530 422 299 230 257 163 52 33 322 453 369 42 371 682 63 451 689 695 529 89 435 117 267 563 340 171 109 22 412 396 680 457 669 363 227 8 638 520 595
660 565 527 152 408 177 125 612 286 153 10 346 632 550 180 343 282 526 47 266 430 104 449 91 473 253 676 436 69 478 508 377 238 492 495 143 21 500 160 224 123 622 621 531 222 137 647 154 513 323 410 298 553 296
314 304 197 587 542 66 338 284 79 235 112 628 330 242 231 223 49 607 303 352 27 397 348 699 361 288 677 618 603 219 321 576 589 270 15 64 639 657 229 37 53 528 132 659 388 572 555 119 84 642 424 358 185 501 34 211 489
653 586 601 684 423 554 131 640 149 552 615 155 45 465 407 372 111 14 127 92 401 658 239 443 124 190 262 41 356 633 23 518 73 32 373 43 617 134 524 311 97 98 12 600 571 128 671 256 560 7 101 196 6 540 434 481 305
61 381 38 433 162 549 237 541 351 212 643 387 566 150 585 265 80 247 126 96 310 463 135 378 512 416 11 309 445 420 29 414 292 201 220 203 260 157 562 675 399 174 114 62 376 421 568 206 259 404 115 272 406 5 289 293 456 166
564 316 367 93 389 567 590 141 251 36 213 593 164 234 354 626 613 194 614 635 187 136 327 159 480 471 644 437 245 40 35 365 167 409 506 58 497 544 56 208 198 663 685 106 364 385 51 496 191 46 320 161 39 94 359 625 275 246 20 77 596
609 522 318 315 290 427 491 170 195 183 17 268 405 334 419 548 380 514 637 461 301 534 75 261 258 308 341 83 581 459 233 366 482 402 547 375 509 360 476 67 525 205 202 313 86 466 99 580 345 254 498 214 1 535 188
225 277 656 215 87 165 273 623 122 88 105 287 469 172 276 108 306 13 151 281 411 602 455 30 664 319 440 485 110 204 249 570 579 533 25 347 538 510 255 31 138 610 331 472 294 326 147 362 280 672 78 221 474 668 146 499 452 678 599
693 357 667 543 44 144 121 48 504 494 248 592 551 545 655 431 383 413 328 611 355 505 503 382 133 278 291 81 344 4 698 252 403 168 353 688 54 468 464 475 236 390 207 74 70 241 189 636 574 573 486 536 107 102 394 28 156 670 537 692 113 519
460 337 584 209 681 398 650 559 683 417 302 583 145 523 226 479 483 441 619 95 654 488 634 350 393 335 200 100 694 630 666 415 24 558 690 297 697 418 507 186 598 556 90 240 333 458 68 243 65 271 532 85 193 674 82 2 442 627 569 176 324 470 349
263 130 652 604 72 9 336 679 648 686 3 515 493 561 651 448 103 173 279 269 379 312 454 511 339 428 283 217 444 332 179 325 477 646 594 517 546 192 687 673 181 641 71 662 285 374 462 295 228 169 26 182 342 438 57 184 591 400 429
588 139 426 76 665 629 329 116 606 55 620 199 19 300 696 178 59 539 368 516 16 645 210 386 631 60 624 582 487 384 502 158 616 129 244 700 317 447 649 218 370 484 391 232 578 395 120 467 446 142 425 118 691 50
