13151
588 608 139 681 398 72 9 683 417 432 140 307 274 450 164 469 330 626 613 265 306 13 151 281 411 461 301 658 75 437 91 453 369 42 371 682 63 594 517 238 90 495 143 525 340 12 484 391 232 86 222 359 221 156 246 20 591 535 456 166
263 130 389 426 554 131 66 251 79 235 615 592 551 545 300 696 282 95 654 488 634 16 645 210 644 485 110 365 325 477 646 598 556 260 687 207 97 114 62 376 600 295 107 404 467 627 323 410 298 553 296
460 609 652 604 567 590 175 121 195 183 17 346 632 550 180 548 407 372 111 14 127 92 401 52 33 239 40 35 676 436 69 533 201 220 203 64 198 663 138 70 160 224 123 572 622 621 531 671 680 560 154 625 5 537 481 305
316 367 304 197 290 427 329 116 686 3 515 10 234 354 448 103 194 614 635 187 136 430 104 386 261 416 444 332 179 698 252 403 518 73 32 468 464 240 333 106 364 528 662 285 202 574 573 486 578 395 394 78 474 668 146 499 452 678 599
660 264 543 44 679 648 48 552 105 287 387 566 150 441 173 279 269 379 312 454 511 339 428 283 322 666 415 24 558 690 249 570 579 186 508 377 510 639 657 229 641 241 132 659 109 496 191 228 362 674 82 642 115 182 342 6 540 434 113 519
693 38 433 315 87 408 170 606 55 643 479 483 343 619 247 126 96 310 463 135 378 512 217 245 60 624 582 487 384 502 168 353 688 538 373 43 617 509 360 31 37 71 205 374 85 147 84 99 7 442 446 275 498 214 1 324 470 349
653 586 277 656 215 650 559 177 125 612 36 213 593 268 199 19 45 465 413 328 47 266 350 393 335 200 534 100 630 11 309 445 420 356 633 366 482 402 547 375 255 476 500 53 171 421 568 169 161 457 101 196 363 227 8 638 520 595
61 381 601 684 423 162 141 216 148 541 286 153 523 226 493 172 276 108 178 59 539 611 355 602 480 471 258 81 344 4 167 409 25 347 54 192 134 524 311 67 563 271 532 571 128 206 536 280 580 28 254 670 77 596
564 314 93 209 587 542 165 338 149 504 494 248 620 18 661 575 392 521 439 250 490 557 530 422 299 505 503 664 319 440 288 677 618 603 219 321 451 689 129 244 700 317 21 458 68 243 218 370 388 412 259 26 513 406 438 57 184 692 400 429
337 584 522 318 605 336 237 302 122 88 405 334 419 585 80 526 368 516 352 27 397 348 449 361 443 124 190 262 41 29 414 292 158 616 492 157 562 675 685 74 610 98 385 51 462 313 396 466 2 39 94 424 358 185 501 34 211 489
577 357 667 76 665 629 144 640 623 351 212 155 655 242 231 223 49 607 303 327 159 455 163 699 278 291 308 341 83 581 459 233 478 576 589 270 15 546 529 89 435 117 267 399 174 649 189 636 326 193 256 137 647 120 669 142 425 118 691 50
225 565 527 597 152 549 491 273 284 583 145 112 628 561 651 431 383 380 514 637 230 257 30 382 133 694 631 473 253 204 297 697 418 507 23 506 58 497 544 695 56 208 475 236 390 673 181 447 65 331 472 294 22 555 119 46 320 102 672 272 345 569 176 289 293 188
