18455
143 85 51 164 261 335 88 370 253 181 135 82 212 44 118 377 15 97 376 471 342 327 392 429 262 72 190 230 238 428 10 354 363 479 179 310 274 314 426 371 235 349 439
17 136 373 219 409 463 140 478 494 387 336 399 125 42 390 87 382 415 367 269 145 173 184 197 437 240 9 344 304 302 281 202 488 355 319 249 343 307 167 326 20 4 5 270 19 107 161 369 95
308 180 318 54 366 306 66 174 303 492 221 436 332 45 22 186 37 379 497 495 127 348 315 317 481 241 32 120 485 356 7 76 90 254 130 251 86 236 115 286 455 357 53 58 147 150
287 259 452 242 108 420 121 300 38 396 40 110 322 189 156 483 47 71 176 12 208 449 41 160 222 430 454 152 499 353 296 24 460 405 381 210 246 83 472 220 445 198 124 301 112 416 268 177 81 169 93 267 101 438 56
277 424 204 80 18 298 453 500 33 389 282 288 446 151 331 406 196 247 398 213 157 407 324 256 468 162 469 233 352 68 337 123 271 154 225 31 195 480 431 484 21 191 77 39 285 384 402 440
265 284 477 199 395 359 350 311 92 200 425 489 74 128 35 487 316 263 28 78 388 400 201 411 159 223 401 321 232 427 73 299 250 206 50 490 137 421 266 466 340 473 109 444 231 393 126 297 383 175 470 49 339 89 2
185 113 29 64 341 293 397 98 170 153 320 289 224 345 498 283 139 131 385 188 57 410 290 62 34 214 111 482 347 435 375 244 216 46 264 94 144 79 48 182 36 386 183 3 464 237 171 146 457 172 448 23
474 69 330 102 84 60 361 142 278 447 27 294 272 25 228 16 465 193 141 434 414 364 105 187 325 63 404 257 245 215 67 346 362 252 334 365 132 275 441 323 358 114 391 475
255 203 328 234 165 134 168 106 133 211 351 61 218 291 412 372 417 217 117 243 122 91 148 338 260 496 433 279 14 43 305 30 59 1 467 443 116 313 276 450 333 13 149 280 248 6 423 52 273 413 309 461 178 394 100 295
158 11 368 129 103 486 491 419 194 70 75 292 458 360 229 476 65 462 459 99 418 8 329 226 155 227 422 312 26 138 374 451 456 442 493 380 192 408 378 403 209 96 258 104 432 163 119 207 239 55 166 205
