13090
693 38 433 681 398 72 9 329 251 140 307 274 450 18 661 575 392 521 413 328 611 355 92 401 658 699 217 322 288 677 445 420 356 633 502 482 402 547 375 255 267 500 243 65 218 370 484 496 191 228 362 674 82 2 39 580 627 323 670 184 591 400 429
564 316 367 93 522 318 162 141 216 121 284 686 3 105 287 469 330 448 103 194 614 635 187 136 327 463 135 378 534 33 361 453 369 42 371 682 63 451 689 695 529 687 207 399 174 160 12 574 573 86 259 560 154 513 406 142 425 8 638 520 595
653 586 601 684 567 590 175 177 125 195 183 17 164 234 172 276 108 306 13 151 281 411 461 301 75 630 666 415 24 558 690 297 697 418 507 186 598 556 238 492 89 639 657 317 21 138 563 649 331 472 294 421 568 396 222 26 424 358 185 501 34 211 489
337 584 197 76 665 629 66 338 612 552 515 10 199 354 242 173 380 514 637 230 257 163 261 91 444 332 179 698 252 403 508 377 90 244 700 229 641 241 132 659 388 622 621 486 466 102 672 272 345 438 57 118 691 50
263 357 667 587 650 559 336 170 48 504 494 248 620 226 479 483 465 279 269 379 312 454 511 339 428 283 440 485 110 204 249 570 579 533 594 517 43 617 562 675 67 525 385 51 462 391 232 46 107 404 115 28 254 5 434 481 305
660 389 215 87 408 148 541 286 153 523 405 334 419 585 439 250 490 557 530 422 299 393 335 200 512 245 60 624 582 487 384 292 158 616 260 157 495 143 37 364 528 662 285 202 313 206 169 394 94 359 625 275 498 214 1 535 456 166
609 277 656 315 290 427 165 144 491 273 432 351 212 643 387 566 150 441 265 80 526 47 266 430 104 644 437 694 291 473 253 365 325 477 646 518 73 32 468 464 198 663 447 171 109 571 128 536 280 642 78 156 246 20 77 596
314 130 652 604 152 640 149 79 235 615 628 551 545 300 696 282 95 654 488 634 16 645 210 386 443 124 190 618 603 219 321 25 347 54 56 208 240 333 685 74 610 98 224 123 572 555 119 680 457 101 569 176 537 692 113 519
577 304 264 543 44 549 116 623 36 213 593 268 155 45 343 407 372 111 14 350 602 480 471 52 278 631 11 309 262 41 29 414 366 168 353 688 538 373 129 475 236 390 673 181 97 114 62 376 326 193 578 395 7 669 363 227 324 470 349
61 381 608 139 426 605 683 417 302 583 145 346 632 550 180 548 231 223 49 607 303 127 27 397 348 449 239 40 35 676 436 69 478 576 589 270 15 64 134 524 311 70 71 205 374 600 22 412 256 137 182 342 221 6 540 499 452 678 599
225 565 527 597 554 131 679 648 122 88 493 561 651 431 383 178 59 539 368 516 352 159 455 30 664 319 258 308 341 83 581 459 233 23 506 58 497 544 510 509 360 31 106 340 189 636 295 531 84 99 120 442 196 410 289 293 188
460 588 209 423 542 237 606 55 112 592 19 655 626 613 619 247 126 96 310 505 503 382 133 100 416 81 344 4 167 409 201 220 203 546 192 435 117 476 458 68 53 271 532 85 147 671 320 161 647 467 446 474 668 146 298 553 296
