13090
588 608 139 681 398 72 9 683 417 432 140 307 274 450 164 469 330 626 613 265 306 13 151 281 411 393 335 200 534 100 630 11 309 262 41 29 414 366 451 689 695 510 509 360 476 68 53 528 132 659 109 496 555 362 280 26 580 627 323 670 499 452 678 599
263 130 389 426 554 131 66 251 79 235 615 592 551 545 300 696 282 95 654 488 634 159 480 471 644 485 110 204 698 252 403 576 589 270 15 64 687 673 181 37 114 189 636 574 128 119 680 642 442 196 142 425 8 638 520 595
460 609 652 604 567 590 175 121 195 183 17 346 632 550 180 548 407 372 111 14 127 92 401 52 33 239 40 35 365 325 477 646 168 353 688 54 617 134 524 311 447 205 294 600 571 147 169 457 182 342 221 156 246 20 77 596
316 367 304 197 290 427 329 116 686 3 515 10 234 354 448 103 194 614 635 187 136 327 27 397 348 449 361 443 124 190 618 603 219 321 518 73 32 260 435 117 267 97 98 271 532 85 191 486 46 320 161 39 513 474 668 146 298 553 296
660 264 543 44 679 648 48 552 105 287 387 566 150 441 173 279 269 379 312 454 511 339 428 283 322 666 415 24 558 690 297 697 418 507 186 598 556 129 244 700 229 641 340 171 462 391 621 531 466 560 120 94 424 358 185 501 34 211 489
693 38 433 315 87 408 170 606 55 643 479 483 343 619 247 126 96 310 505 503 664 319 440 288 677 445 420 356 633 23 201 220 203 546 192 240 333 399 174 160 224 123 412 232 578 395 154 669 363 227 324 470 349
653 586 277 656 215 650 559 177 125 612 36 213 593 268 199 19 45 465 413 328 47 266 350 230 257 30 382 133 694 631 473 253 676 436 69 502 158 616 468 464 475 236 390 207 500 243 65 385 51 326 193 536 107 102 672 446 569 176 434 481 305
61 381 601 684 423 162 141 216 148 541 286 153 523 226 493 172 276 108 178 59 539 611 355 602 455 163 699 278 291 308 341 83 581 459 233 478 508 377 373 492 157 562 675 106 364 62 376 421 572 573 674 82 2 101 406 438 57 118 691 50
564 314 93 209 587 542 165 338 149 504 494 248 620 18 661 575 392 521 439 250 490 557 530 422 299 461 301 658 75 437 91 453 369 42 371 682 63 594 517 238 90 495 143 458 563 662 285 374 313 671 256 647 115 272 345 6 540 184 591 293 188
337 584 522 318 605 336 237 302 122 88 405 334 419 585 80 526 368 516 352 430 104 386 261 416 444 332 179 249 570 579 533 482 402 547 529 89 639 657 317 67 525 241 12 484 568 206 259 404 28 275 498 214 1 400 429
577 357 667 76 665 629 144 640 623 351 212 155 655 242 231 223 49 607 303 16 645 210 258 81 344 4 167 409 506 58 497 544 43 375 198 663 21 138 610 649 331 472 202 295 396 222 137 394 467 359 254 5 537 692 113 519
225 565 527 597 152 549 491 273 284 583 145 112 628 561 651 431 383 380 514 637 463 135 378 512 217 245 60 624 582 487 384 292 25 347 538 56 208 255 31 685 74 70 71 218 370 388 22 622 228 86 84 99 7 78 625 410 289 535 456 166
