18450
287 259 452 51 84 60 361 142 61 489 74 128 35 487 316 44 390 382 379 418 15 97 376 407 324 347 32 120 456 442 493 76 421 266 466 340 209 96 112 416 177 309 461 161 235 349 295
158 11 368 129 103 261 106 133 211 351 253 181 135 82 212 71 176 12 228 91 148 338 260 160 111 414 327 392 429 262 485 356 7 202 381 210 254 130 473 109 444 484 21 191 77 114 391 475 402 23
113 424 204 80 18 164 359 350 306 66 174 303 447 27 294 263 118 377 99 196 400 201 411 222 14 481 240 9 344 63 404 257 245 90 83 472 220 36 386 183 3 20 4 5 270 19 107 178 394 100 2
185 143 85 373 219 409 168 491 419 387 389 282 288 446 117 243 331 406 367 226 155 214 312 342 43 241 427 73 299 250 206 50 490 238 488 378 334 365 124 301 231 393 286 455 323 358 175 470 49 205
277 29 64 341 293 54 486 311 92 40 278 218 322 189 156 483 47 131 385 188 415 16 465 496 26 138 321 152 499 353 296 24 460 405 94 144 154 225 31 198 132 464 237 297 383 39 457 95
255 203 328 234 165 134 366 335 88 224 425 291 412 372 417 217 186 37 388 449 41 193 141 159 434 482 256 468 162 469 233 352 68 337 123 271 79 48 182 403 343 307 167 275 441 268 426 371 55 166 56
474 69 330 199 395 463 140 478 494 200 345 498 283 139 476 65 87 57 247 398 213 348 422 223 437 232 435 375 244 216 46 264 313 276 355 319 445 249 195 480 431 258 423 52 273 413 163 119 207 239 285 369 440
308 180 318 298 453 500 370 70 75 292 458 360 229 272 25 459 208 410 290 62 34 157 433 197 364 305 374 451 72 190 230 137 428 10 251 86 236 115 310 274 81 169 93 267 101 438 172 448
17 136 102 397 98 170 153 320 194 492 221 436 332 45 22 151 28 78 8 329 269 145 173 315 317 401 30 59 1 467 443 116 380 192 246 346 362 252 354 363 479 179 104 432 171 146 314 147 150
265 284 477 242 108 420 121 300 38 396 289 33 110 336 399 125 42 462 122 497 495 127 227 471 184 279 430 454 105 187 325 304 302 281 215 67 408 450 333 13 149 280 248 6 326 126 357 53 58 384 339 89 439
