18450
158 11 368 129 103 98 170 153 320 194 492 322 189 156 483 47 151 57 379 8 329 269 145 173 141 342 256 392 429 262 485 356 7 137 421 154 225 31 209 96 258 104 432 81 169 93 267 89 440
474 69 330 102 397 453 500 289 33 110 336 498 283 139 476 462 188 382 196 400 201 411 159 324 138 364 305 374 451 72 190 230 76 246 355 319 251 86 236 115 310 274 309 461 161 475 150
287 259 452 51 164 463 140 478 494 200 425 489 74 128 35 487 263 28 406 410 290 62 34 157 184 197 482 468 162 469 244 216 46 264 313 90 378 252 473 109 444 275 441 268 426 371 55 100 23
17 136 80 18 298 366 311 92 61 345 399 125 316 42 25 87 12 228 91 367 226 155 214 315 317 14 481 30 59 1 467 443 116 380 48 182 403 343 307 167 326 126 297 383 175 470 101 438 402 2
265 284 477 199 395 359 486 335 88 387 75 292 458 360 229 272 243 122 415 148 338 193 407 223 401 327 152 499 304 302 281 202 276 254 130 36 386 183 3 20 52 273 413 171 146 314 394 147 205
277 424 204 373 219 409 350 306 66 174 303 291 412 372 417 217 117 78 16 465 496 312 437 240 9 344 353 296 24 460 405 94 144 79 428 10 354 363 479 179 464 237 163 119 207 239 285 166 439
113 29 64 341 293 84 60 361 142 70 181 135 82 212 44 65 459 208 247 398 213 348 111 430 347 435 375 299 250 206 50 490 245 215 67 266 466 340 198 124 301 231 393 286 455 357 53 58 235 172 448
185 143 85 242 108 420 121 300 38 396 40 278 218 221 436 332 45 22 186 331 388 15 97 376 471 222 26 454 105 187 325 63 404 257 238 488 408 450 333 13 149 280 248 6 484 21 191 77 39 457 369 95
308 180 318 54 261 106 133 211 370 253 389 27 294 71 176 118 377 497 495 127 227 422 434 414 321 232 427 73 233 352 68 337 123 271 346 362 334 365 132 112 416 177 323 358 114 391 49 349 295
255 203 328 234 165 134 168 491 419 351 224 447 282 288 446 131 385 390 37 99 418 449 41 260 160 433 279 43 241 32 120 456 442 493 381 210 192 83 472 220 445 249 195 480 431 423 4 5 270 19 107 178 384 339 56
