18455
474 69 330 51 164 168 306 66 174 303 492 345 399 125 263 390 87 12 99 418 8 329 226 155 214 471 222 14 43 30 59 1 467 443 116 67 246 378 252 403 209 96 231 393 126 297 383 114 470 475 339 89 439
265 284 477 199 395 359 350 335 88 194 322 189 156 483 47 151 228 91 148 338 496 141 111 430 256 240 9 344 485 356 7 202 381 210 192 346 362 31 198 132 112 416 323 358 175 55 349 150
143 85 102 397 261 106 133 211 278 218 221 436 332 45 22 71 176 118 122 415 497 495 127 227 407 197 454 105 187 325 63 404 257 380 254 130 195 480 431 258 423 52 273 413 171 146 58 166 95
17 136 80 18 298 366 311 92 40 61 336 282 288 446 117 57 379 449 41 260 160 422 26 138 241 427 73 233 352 68 337 123 313 90 428 249 343 307 167 326 20 4 5 270 19 107 239 235 2
185 113 29 64 341 293 84 60 361 142 224 489 74 128 35 487 316 42 28 382 208 15 97 376 433 279 482 347 32 120 304 302 281 94 144 79 48 182 149 280 248 6 310 274 314 426 371 267 147 56
308 180 318 54 486 491 419 351 70 389 27 294 131 25 188 406 196 247 398 213 348 159 434 481 232 152 499 353 296 24 460 405 245 215 266 466 340 334 365 124 301 275 441 268 177 81 169 93 285 384 448 23
277 424 204 373 219 409 463 140 478 494 387 75 292 458 360 229 476 65 462 459 410 290 62 34 157 184 324 364 305 374 451 456 442 493 76 421 154 225 10 354 363 479 179 464 237 357 53 457 369 402
255 203 328 234 165 134 453 500 289 33 110 447 498 283 139 272 385 78 388 400 201 411 223 401 327 435 375 299 250 206 50 490 137 276 83 472 220 36 386 183 3 484 21 191 77 39 391 394 100 440
158 11 368 129 103 98 170 153 320 200 425 291 412 372 417 217 186 243 331 377 367 269 145 173 312 342 414 468 162 469 244 216 46 264 238 488 408 450 333 13 473 109 444 115 286 455 309 461 178 101 438 172 205
287 259 452 242 108 420 121 300 38 396 370 253 181 135 82 212 44 37 16 465 193 315 317 437 321 392 429 262 72 190 230 271 355 319 445 251 86 236 104 432 163 119 207 161 49 295
