18455
287 259 452 51 84 60 361 142 61 181 135 82 212 44 118 122 449 41 260 214 312 342 414 347 435 375 299 250 206 50 490 137 94 90 83 472 220 445 249 354 363 479 179 310 274 314 426 371 161 49 56
158 11 368 129 103 98 170 153 320 194 218 221 436 332 45 22 476 65 462 188 406 196 400 201 411 324 43 105 187 325 304 302 281 271 79 428 252 195 480 431 275 441 309 461 178 100 440
113 424 204 318 298 453 500 370 253 489 74 128 35 487 316 42 28 228 16 465 213 227 433 223 437 240 9 344 485 356 7 238 246 266 466 340 334 365 132 112 416 268 177 81 169 93 267 101 147 89 2
185 474 69 330 199 395 168 335 88 33 70 75 292 458 360 229 71 176 459 415 367 269 145 173 141 407 434 321 232 152 499 353 296 24 460 405 245 144 154 225 36 386 183 3 464 237 413 171 146 58 235 438 172 448 23
265 284 477 242 108 420 463 140 478 494 110 345 399 125 217 117 331 377 99 8 329 226 155 160 222 14 454 32 120 456 442 493 76 488 346 362 31 473 109 444 231 393 126 297 383 39 457 349 439
255 203 328 234 165 134 366 311 92 40 278 336 282 288 446 186 390 78 388 15 97 376 422 317 481 30 59 1 467 443 116 313 210 450 333 13 209 96 258 423 52 273 270 19 107 239 285 384 295
308 180 373 219 409 350 306 66 174 303 447 498 283 139 263 25 87 382 418 497 495 127 348 315 197 26 138 468 162 469 244 216 46 264 381 215 67 355 319 10 251 86 236 115 286 455 323 358 175 55 166 95
277 29 64 341 293 54 121 300 38 396 289 200 322 189 156 483 47 151 37 247 398 496 471 159 401 327 392 429 262 72 190 230 202 276 378 149 280 248 6 484 21 191 77 114 391 475 339 150
143 85 102 397 261 106 133 211 387 492 389 27 294 131 385 12 208 91 148 338 193 184 279 482 364 305 374 451 63 404 257 380 192 408 48 182 403 343 307 167 326 20 4 5 357 53 470 369 402
17 136 80 18 164 359 486 491 419 351 224 425 291 412 372 417 272 243 57 379 410 290 62 34 157 111 430 256 241 427 73 233 352 68 337 123 421 254 130 198 124 301 104 432 163 119 207 394 205
