18455
265 284 477 199 395 359 486 300 38 396 278 181 135 82 212 44 65 462 12 228 148 338 260 214 324 138 364 305 374 451 304 302 281 313 346 362 252 403 209 96 231 393 126 309 461 178 369 95
308 180 373 219 409 350 311 92 40 224 425 489 74 128 35 487 316 263 390 87 382 379 290 62 34 496 159 317 414 105 187 325 63 404 257 215 83 472 220 249 334 365 124 301 115 286 455 323 358 175 470 475 448 23
185 474 69 330 51 164 366 306 66 174 303 345 282 288 446 151 406 8 329 226 155 160 471 407 434 482 454 152 499 456 442 493 76 421 254 130 36 386 183 3 310 274 314 426 371 147 150
113 424 204 318 54 261 106 133 211 387 221 436 332 45 22 476 78 208 16 465 348 222 14 481 240 9 344 353 296 24 460 405 245 276 355 319 445 198 132 112 416 413 163 119 207 161 49 349 295
158 11 368 129 103 463 140 478 494 33 110 336 399 125 217 186 243 331 377 91 449 41 193 315 256 468 162 375 299 250 206 50 490 238 488 266 466 340 354 363 479 179 464 237 297 383 114 267 101 438
287 259 452 242 108 420 121 335 88 370 70 447 498 283 139 117 37 99 418 15 97 376 422 312 223 430 347 32 120 485 356 7 202 210 90 408 48 182 195 480 431 275 441 268 177 81 169 93 285 384 402 2
143 85 102 397 98 170 153 320 194 492 389 27 294 272 385 28 122 415 196 400 201 411 197 26 321 232 435 469 244 216 46 264 381 67 246 378 149 280 248 6 484 21 191 77 39 391 394 172 205
17 136 80 18 298 453 500 289 253 322 189 156 483 47 131 118 410 247 398 213 157 184 279 437 30 59 1 467 443 116 380 154 225 31 251 86 236 258 423 52 273 270 19 107 239 55 166 56
255 203 328 234 165 134 168 491 419 351 61 218 292 458 360 229 71 176 188 57 388 367 269 145 173 141 111 401 327 392 429 262 72 190 230 271 192 450 333 13 343 307 167 104 432 171 146 58 235 100 440
277 29 64 341 293 84 60 361 142 200 75 291 412 372 417 42 25 459 497 495 127 227 433 342 43 241 427 73 233 352 68 337 123 137 94 144 79 428 10 473 109 444 326 20 4 5 357 53 457 339 89 439
