18435
287 259 452 51 84 366 311 92 110 336 498 283 139 272 25 122 99 418 8 329 226 155 160 471 159 434 401 364 435 469 244 216 46 264 94 90 378 252 403 343 307 167 326 126 297 383 114 391 235 349 205
255 203 328 234 165 134 60 361 142 200 425 489 74 128 35 487 263 28 78 208 410 290 62 34 157 324 43 241 427 73 233 352 68 337 123 313 276 428 195 480 431 275 441 357 461 178 384 95
17 136 80 18 164 359 350 335 88 40 278 218 322 189 156 483 47 151 37 148 338 193 222 414 347 152 499 353 296 24 460 405 210 79 48 182 251 86 236 484 21 191 77 39 457 2
265 284 477 242 108 420 463 140 478 494 33 224 447 282 288 446 117 118 228 91 449 41 260 214 111 256 468 162 375 299 250 206 50 490 238 488 346 362 31 198 132 115 310 274 171 146 58 394 147 89 439
277 424 204 373 219 409 168 170 153 320 194 221 436 332 45 22 186 87 12 367 269 145 173 422 312 342 14 481 30 59 1 467 443 116 381 215 246 266 466 340 36 386 183 3 20 52 273 268 426 371 267 295
113 29 64 341 293 54 261 106 133 211 351 61 181 135 82 212 44 65 188 57 15 97 376 141 279 430 305 374 451 485 356 7 76 67 254 130 354 363 479 179 104 432 163 207 169 93 285 369 402
474 69 330 199 395 121 300 38 396 370 253 291 412 372 417 217 476 243 331 406 247 398 496 433 184 327 392 429 262 72 190 230 202 380 154 225 10 209 96 258 423 4 5 270 19 107 239 101 438 172 448 23
158 11 368 129 103 98 491 419 387 70 75 292 458 360 229 71 176 382 379 497 495 127 227 315 317 437 240 9 344 63 404 257 245 144 355 319 445 149 280 248 6 464 237 413 309 314 161 49 100 440
308 180 318 298 453 500 289 345 399 125 316 42 462 377 388 16 465 213 348 407 223 482 138 321 232 32 120 456 442 493 271 192 83 472 220 249 334 365 124 301 112 416 177 81 119 53 55 166 56
185 143 85 102 397 486 306 66 174 303 492 389 27 294 131 385 390 459 415 196 400 201 411 197 26 454 105 187 325 304 302 281 137 421 408 450 333 13 473 109 444 231 393 286 455 323 358 175 470 475 339 150
