28223
185 113 29 330 199 409 54 453 478 396 289 200 221 436 282 487 316 42 406 99 15 16 127 348 422 312 342 437 232 32 469 190 230 76 488 346 362 340 36 386 183 314 326 237 268 426 239 285 384 95
287 259 328 108 134 168 170 419 345 128 35 288 229 476 65 87 12 228 91 247 465 213 227 471 159 223 482 138 364 305 374 344 262 72 7 493 264 238 254 130 195 480 248 179 310 5 270 19 53 58 394 147 448 23
17 136 204 80 18 103 463 140 494 387 70 75 292 458 360 294 186 459 388 449 338 260 407 434 401 327 392 325 63 404 46 116 381 215 67 154 225 31 343 96 231 416 273 357 358 175 55 166 56
308 368 64 373 219 261 106 133 211 351 61 218 322 135 332 45 22 71 176 118 122 415 410 290 201 160 197 26 256 240 451 304 302 281 271 79 48 182 149 280 479 444 275 126 297 383 457 369 402 2
277 424 420 234 293 98 491 500 38 33 110 189 156 483 47 151 37 196 400 41 193 141 111 430 454 105 187 120 456 216 380 192 246 83 472 220 198 132 258 423 4 52 413 163 207 169 93 267 205
158 11 452 102 397 121 300 311 92 40 224 74 447 291 283 446 117 382 379 418 8 329 398 496 184 324 43 241 30 59 1 467 405 490 137 94 90 355 319 10 354 307 167 464 21 191 177 81 119 114 391 475 339 89 439
265 284 477 242 165 84 60 361 142 278 336 412 372 417 217 131 385 243 331 377 376 269 145 173 152 499 353 296 206 50 245 144 266 466 445 249 334 365 124 301 112 441 371 107 161
143 85 51 164 359 486 153 320 194 492 425 489 82 212 44 390 367 226 155 157 433 222 321 429 9 73 233 352 68 202 421 408 450 333 13 251 86 236 431 484 274 432 171 146 470 49 100 440
255 203 341 318 298 366 335 88 370 253 181 498 125 263 462 188 57 148 97 411 279 14 481 468 162 375 244 485 356 443 337 123 313 210 276 378 252 403 209 363 6 115 393 286 455 309 461 178 101 438 172 295
474 69 180 129 395 350 306 66 174 303 389 27 399 139 272 25 28 78 208 497 495 62 34 214 315 317 414 347 435 427 299 250 257 442 24 460 428 473 109 3 20 104 323 77 39 235 349 150
