18479
158 11 368 129 103 486 491 419 351 61 181 135 82 212 44 65 331 377 410 290 62 34 496 141 159 434 430 256 305 374 451 72 190 230 313 210 276 83 472 220 445 354 363 479 179 104 432 163 207 169 93 267 147
17 136 80 18 164 261 106 133 211 110 336 498 283 139 263 462 78 208 400 201 411 184 279 14 43 30 59 1 467 443 116 381 215 266 466 340 36 386 183 3 484 21 191 77 114 391 49 100 440
255 203 328 234 165 134 168 311 92 200 447 27 294 151 188 406 196 367 269 145 173 433 222 437 321 232 152 499 304 302 281 202 380 192 48 182 251 86 236 112 416 323 107 239 285 384 402 2
265 284 477 199 395 359 463 140 478 494 387 492 345 399 125 42 25 28 382 379 418 497 495 127 348 312 342 138 364 435 375 299 250 206 50 490 245 90 254 130 198 124 301 464 237 413 309 461 178 235 56
185 113 29 64 341 293 54 60 361 142 224 389 282 288 446 117 243 459 415 388 15 97 376 471 111 414 327 392 429 262 485 356 7 76 421 355 319 195 480 431 275 441 268 177 81 119 175 470 349 150
143 85 102 397 98 170 153 320 194 70 75 292 458 360 229 272 118 122 99 16 465 213 227 317 481 468 162 469 244 216 46 264 238 488 378 252 403 343 307 167 326 20 4 5 270 19 146 55 166 448 23
277 424 204 373 219 409 350 306 66 174 303 221 436 332 45 22 476 390 57 247 398 157 315 197 26 347 32 120 456 442 493 271 346 362 31 473 109 444 231 393 126 297 383 39 457 369 95
474 69 330 51 84 366 335 88 40 278 218 322 189 156 483 47 71 176 228 91 148 338 193 407 223 482 240 9 344 353 296 24 460 405 246 408 450 333 13 149 280 248 6 423 52 273 357 358 394 89 439
287 259 452 242 108 420 121 300 38 396 289 33 425 291 412 372 417 217 186 37 8 329 226 155 214 422 324 454 105 187 325 63 404 257 137 94 144 79 428 10 209 96 115 286 455 171 53 58 101 438 172 205
308 180 318 298 453 500 370 253 489 74 128 35 487 316 131 385 87 12 449 41 260 160 401 241 427 73 233 352 68 337 123 67 154 225 249 334 365 132 258 310 274 314 426 371 161 475 339 295
