18455
143 85 51 164 359 350 311 92 40 61 221 436 332 45 22 476 65 87 91 367 226 155 160 407 342 437 321 240 9 344 63 404 257 271 79 428 198 132 115 286 455 323 358 175 470 475 172 205
17 136 80 18 298 366 306 66 174 303 218 322 189 156 483 47 71 176 122 415 148 338 260 348 159 414 347 435 375 299 304 302 281 202 381 215 48 182 251 86 236 112 416 268 177 81 169 93 55 339
287 259 452 242 108 420 121 300 38 396 370 336 27 294 117 28 78 388 15 97 376 141 222 482 454 105 187 325 456 442 493 246 83 472 220 252 403 343 307 167 275 441 357 53 457 369 402 2
474 69 330 102 84 453 500 289 278 447 498 283 139 263 25 188 57 99 418 16 465 193 433 184 197 26 256 468 162 469 244 216 46 264 238 488 355 319 445 249 354 363 479 179 310 274 314 426 371 285 438 56
265 284 477 199 395 261 140 478 494 387 492 425 489 74 128 35 487 186 243 382 379 400 201 411 223 401 374 451 250 206 50 490 137 94 144 408 378 10 473 109 444 326 20 4 5 270 19 107 161 384 95
277 29 64 341 293 397 486 491 419 351 253 181 135 82 212 44 390 37 8 329 269 145 173 471 111 14 43 30 59 1 467 443 116 67 346 362 209 96 231 393 126 171 146 58 49 100 440
308 180 373 219 409 60 361 142 224 389 282 288 446 151 12 228 449 41 214 279 481 241 427 73 233 352 68 337 123 313 210 90 254 130 334 365 124 301 464 237 297 383 114 267 101 349 295
255 203 328 234 165 134 168 106 133 211 194 70 345 399 125 316 42 331 406 410 247 398 213 157 315 317 327 152 499 353 296 24 460 405 245 276 450 333 13 149 280 248 6 104 432 163 119 207 239 235 147 89 439
158 11 368 129 103 98 170 153 320 200 75 291 412 372 417 217 131 385 118 377 196 290 62 34 496 434 430 232 32 120 485 356 7 76 421 266 466 340 36 386 183 3 484 21 191 77 39 391 166 448 23
185 113 424 204 318 54 463 335 88 33 110 292 458 360 229 272 462 459 208 497 495 127 227 422 312 324 138 364 305 392 429 262 72 190 230 380 192 154 225 31 195 480 431 258 423 52 273 413 309 461 178 394 150
