18475
158 11 368 129 103 98 170 153 320 194 70 345 399 125 316 42 459 415 388 16 465 227 342 414 327 392 429 262 72 190 230 202 381 254 130 334 365 132 326 20 4 5 163 119 207 161 349 150
277 29 64 341 293 298 453 500 289 33 224 75 292 458 360 229 272 462 57 379 196 367 97 376 222 138 232 152 499 485 356 7 215 67 355 319 445 198 124 301 231 393 286 455 357 53 457 100 295
265 284 477 242 108 420 463 140 478 494 200 322 189 156 483 47 71 176 37 8 329 269 145 173 315 197 26 364 305 374 451 353 296 24 460 405 245 276 428 249 343 307 167 275 441 323 358 175 470 49 2
255 203 328 234 165 134 168 491 419 351 61 336 498 283 139 131 385 243 331 377 497 495 127 348 422 312 223 14 43 30 59 1 467 443 116 313 210 90 378 403 209 96 423 52 273 413 309 461 178 394 147 448 23
143 85 102 397 350 311 92 40 278 218 291 412 372 417 217 186 390 78 400 201 411 407 430 256 105 187 325 63 404 257 76 421 154 225 31 473 109 444 115 21 126 81 169 93 235 438 56
308 180 318 54 486 335 88 370 253 389 282 288 446 151 12 228 91 148 226 155 160 111 347 435 375 299 250 206 50 490 137 94 144 79 48 182 195 480 431 258 310 177 268 426 371 55 166 205
287 259 452 51 84 60 361 142 181 135 82 212 44 65 28 382 410 290 62 34 214 433 434 401 241 427 73 233 352 68 337 123 246 408 450 333 13 149 280 248 6 104 432 171 146 58 475 172 439
185 113 424 204 80 18 164 261 106 133 211 387 492 221 436 332 45 22 476 25 188 406 99 418 449 338 193 141 324 437 321 240 9 344 456 442 493 271 83 472 220 252 251 86 236 112 416 191 77 114 267 101 339 89
474 69 330 199 395 359 121 300 38 396 303 425 489 74 128 35 487 117 118 122 247 41 260 496 471 159 317 481 468 162 469 244 216 46 264 380 192 346 362 10 354 363 479 179 464 237 270 19 107 239 285 369 95
17 136 373 219 409 366 306 66 174 110 447 27 294 263 87 208 15 398 213 157 184 279 482 454 32 120 304 302 281 238 488 266 466 340 36 386 183 3 484 274 314 297 383 39 391 384 402 440
