18844
185 474 69 330 51 84 60 361 142 278 336 498 283 139 263 462 12 415 91 148 226 155 160 312 342 481 468 162 375 244 216 46 264 94 144 83 472 220 249 343 307 167 326 21 126 426 371 161 475 402
17 136 80 18 164 359 350 335 88 40 61 389 27 294 272 25 459 400 201 411 159 26 256 241 32 120 485 356 7 202 276 266 466 340 36 386 183 3 484 274 314 297 383 114 391 49 339 89 2
287 259 452 242 108 420 453 500 370 253 181 128 35 487 316 42 37 99 418 16 465 214 141 184 197 437 30 59 1 467 443 116 380 192 246 408 378 10 473 109 444 231 393 286 455 323 77 39 285 369 205
265 284 477 199 395 261 106 133 211 351 110 447 291 412 372 417 217 117 243 228 497 495 127 348 315 317 401 327 392 429 262 72 190 230 271 79 428 252 251 86 236 112 416 191 177 81 119 175 470 101 147 56
255 203 328 234 165 134 168 170 153 320 289 33 224 425 489 82 212 44 390 87 57 388 449 338 193 279 454 105 187 325 456 442 493 76 90 346 362 354 363 479 179 104 432 163 207 107 239 55 166 95
158 11 368 129 103 98 491 419 194 75 292 458 360 229 186 188 382 379 410 247 41 260 496 422 223 414 240 9 344 304 302 281 313 210 355 319 445 198 124 301 275 441 268 169 93 394 448 23
308 180 318 298 366 306 66 174 70 189 156 483 47 151 28 78 208 8 329 269 145 173 407 324 347 152 499 353 296 24 460 405 245 215 254 130 334 365 132 115 310 309 461 178 384 150
277 29 64 341 293 54 486 311 92 200 74 322 135 332 45 22 71 176 122 196 290 62 34 157 433 222 14 43 427 73 299 250 206 50 490 238 488 450 333 13 149 280 248 6 464 237 413 171 146 457 100 440
143 85 373 219 409 121 300 38 396 303 492 345 282 288 446 131 385 331 377 15 97 376 471 111 482 138 364 305 374 451 63 404 257 381 67 154 225 31 195 480 431 258 423 4 5 270 19 53 58 235 349 439
113 424 204 102 397 463 140 478 494 387 218 221 436 399 125 476 65 118 406 367 398 213 227 434 430 321 232 435 469 233 352 68 337 123 137 421 48 182 403 209 96 20 52 273 357 358 267 438 172 295
