21399
277 85 373 219 420 121 300 311 92 40 224 74 336 282 399 139 151 331 377 379 497 495 127 227 434 414 327 392 325 456 216 271 333 13 149 280 479 444 179 464 237 357 461 178 89 439
255 203 328 234 165 134 168 491 419 200 75 291 412 372 263 25 459 99 418 449 338 260 160 422 184 324 43 241 32 262 72 190 230 137 421 450 466 340 198 132 112 21 126 81 119 309 391 235 349 440
17 136 80 18 298 366 306 66 174 303 492 389 27 294 487 186 406 15 97 376 111 482 347 152 499 353 296 24 460 405 381 67 154 225 31 195 480 248 6 104 432 163 383 114 470 49 100 295
265 284 477 242 108 261 106 320 289 278 181 135 82 212 44 243 228 8 329 398 157 312 437 374 451 63 404 46 264 238 488 266 428 10 251 86 236 115 310 177 323 77 39 457 369 205
308 180 143 199 395 359 463 140 478 494 387 218 322 189 156 483 417 316 42 390 87 57 16 465 213 348 315 317 14 240 9 73 299 250 206 50 490 94 144 346 362 252 473 109 3 20 52 273 413 171 146
158 424 204 318 54 486 500 38 33 221 436 332 45 22 476 65 462 188 382 415 148 226 155 214 471 222 401 321 232 435 427 344 485 356 7 76 90 83 472 220 445 249 354 363 431 258 423 4 5 270 19 53 58 394 147 95
474 69 330 102 84 453 133 211 351 110 345 128 35 288 229 272 385 118 122 410 290 62 34 496 433 342 256 30 59 1 257 442 493 245 215 79 48 182 334 365 124 301 231 393 286 455 371 358 175 55 166 56
185 113 29 64 341 293 397 98 170 153 396 370 253 292 283 446 117 28 78 208 91 367 269 145 173 141 159 223 430 454 105 187 120 304 467 443 116 380 355 319 403 343 307 167 484 274 314 297 107 161 475 172 448 23
11 368 129 103 350 335 88 194 70 447 498 125 217 131 37 196 247 41 193 279 481 468 162 375 244 302 281 202 192 246 254 130 209 96 326 416 191 207 169 93 267 101 438 402 2
287 259 452 51 164 409 60 361 142 61 425 489 458 360 47 71 176 12 388 400 201 411 407 197 26 138 364 305 429 469 233 352 68 337 123 313 210 276 408 378 36 386 183 275 441 268 426 239 285 384 339 150
