18812
143 85 51 84 366 311 92 40 61 447 498 283 139 117 243 459 415 388 400 201 160 471 312 223 482 327 435 375 244 485 356 443 337 123 271 192 154 225 149 280 248 6 484 52 273 357 53 58 49 349 150
308 180 318 298 453 500 110 336 27 294 131 385 188 57 16 465 193 141 279 430 454 105 187 325 63 404 46 116 313 246 254 130 334 365 132 112 416 191 177 81 119 175 55 339 402 440
277 424 204 373 219 409 486 491 419 200 181 135 82 212 263 118 228 449 338 260 496 407 342 347 152 499 304 302 281 202 380 346 362 31 198 124 301 275 441 268 426 371 285 369 2
287 259 452 242 108 420 121 300 38 396 194 70 345 399 125 217 476 331 406 196 247 41 411 222 437 232 32 120 456 442 216 421 450 333 13 209 96 20 104 413 309 461 178 235 438 172 295
185 113 29 64 341 293 54 60 361 142 278 218 221 436 332 45 22 151 382 208 410 290 62 34 214 111 414 321 240 9 344 352 68 460 405 245 215 67 83 472 220 445 195 480 431 258 423 4 5 270 19 107 239 394 147 89 439
158 11 368 129 103 350 306 66 174 303 389 282 288 446 186 28 78 497 495 127 348 434 401 364 305 392 429 262 72 7 493 76 144 408 48 182 251 86 236 115 21 432 171 146 470 475 205
255 203 328 234 165 134 168 170 153 320 289 33 224 425 489 74 128 35 487 316 44 65 462 122 99 148 226 155 227 433 324 481 468 162 469 233 190 230 238 79 428 10 473 109 444 231 393 286 455 323 358 114 391 384 448 23
474 69 330 102 397 98 335 88 370 75 291 412 372 417 42 390 37 379 91 367 269 145 173 422 184 197 14 138 374 451 353 296 24 257 210 276 266 466 340 36 386 183 3 310 274 314 77 39 457 56
265 284 477 199 395 261 106 133 211 351 253 292 458 360 229 272 25 87 12 418 8 329 398 213 157 159 317 43 241 427 73 299 250 206 50 490 137 94 90 378 252 403 343 307 167 326 126 297 383 93 267 101 100
17 136 80 18 164 359 463 140 478 494 387 492 322 189 156 483 47 71 176 377 15 97 376 315 26 256 30 59 1 467 264 381 488 355 319 249 354 363 479 179 464 237 163 207 169 161 166 95
