876 154 336 724 362 989 954 227 881 464 956 800 423 725 637 855 292 220 892 925 582 414 856 376 827 392 889 821 326 871 41 9 699 449 159 720 130 250 922 627 619 117 628 77 520 110 528 974 18 315 34 514 523 499 645 607 420 745 467 231 107 46 594 857 360 62 849 904 866 934 901 500 48 964 357 103 
838 78 403 655 491 965 104 680 131 289 903 80 100 999 114 850 809 558 976 342 814 512 59 295 318 134 702 811 445 207 521 312 918 287 753 115 798 217 63 958 834 118 136 153 839 851 844 946 49 711 562 52 843 304 214 440 727 603 917 213 262 38 771 686 636 26 931 460 980 885 55 858 792 723 101 218 982 658 486 397 459 529 
975 497 740 201 572 6 588 466 327 235 28 780 5 119 569 215 343 511 927 721 596 666 300 652 649 643 454 854 875 408 84 309 728 583 611 778 463 845 228 282 783 701 305 192 639 172 129 316 905 919 653 525 490 385 873 57 738 665 244 99 795 128 707 383 253 907 302 870 815 776 332 239 846 188 313 
257 823 492 149 592 888 715 417 750 509 419 373 916 729 330 932 15 186 0 2 698 669 590 113 345 577 301 882 663 54 913 899 762 547 860 504 840 200 561 933 634 864 567 208 705 651 433 506 450 421 737 993 920 377 472 661 285 589 763 265 772 928 480 389 940 921 677 673 808 638 912 89 597 631 168 393 165 998 
157 29 86 650 430 197 656 364 968 761 387 209 43 505 893 781 10 366 623 123 924 276 977 949 943 288 485 813 51 206 574 996 679 960 448 482 232 770 356 468 700 550 112 559 66 191 563 868 689 87 70 162 691 469 76 473 363 820 664 786 799 398 848 181 898 828 887 994 524 784 143 963 703 321 428 959 687 
443 867 163 606 549 824 941 764 777 355 825 797 630 566 410 418 457 427 929 710 368 548 193 774 394 878 351 434 995 438 314 670 323 832 508 260 515 167 775 409 794 741 279 540 125 787 195 693 281 697 874 816 371 465 612 654 451 902 877 81 269 614 659 240 
3 722 769 773 391 807 219 184 127 970 759 47 412 545 895 836 732 290 519 328 733 804 33 406 452 21 381 98 694 896 58 859 897 573 790 747 488 744 370 344 618 11 178 50 641 957 259 311 306 498 233 31 516 629 910 681 221 748 388 719 425 532 317 938 349 
536 36 862 53 140 446 211 435 161 526 676 400 685 338 667 936 535 90 481 805 752 274 139 675 709 4 405 241 210 45 7 923 766 695 171 879 190 166 170 375 616 352 447 116 754 245 598 96 205 264 648 951 353 267 779 696 833 379 475 987 869 
230 156 404 223 437 348 900 67 708 716 133 254 30 60 891 613 688 494 256 390 225 346 510 948 278 27 829 94 493 760 224 12 793 22 151 690 610 179 105 586 331 17 138 831 148 991 557 484 20 329 617 915 431 668 662 930 600 608 
537 495 890 863 507 293 68 135 354 546 830 496 158 801 731 837 942 283 378 396 280 796 380 971 155 85 742 56 746 180 424 755 111 782 1 252 955 580 914 706 216 717 852 82 926 299 333 609 817 471 442 835 367 730 541 909 935 620 243 984 
75 335 384 530 553 865 534 718 644 477 802 894 202 126 83 212 169 564 187 967 674 142 803 422 818 69 483 660 962 303 141 249 25 319 372 102 73 788 988 527 602 234 672 441 248 284 551 983 339 986 298 518 806 198 247 470 640 176 847 683 560 347 
137 601 861 340 150 261 726 853 266 462 365 489 625 255 16 263 14 474 341 632 502 880 576 785 571 554 657 765 72 226 310 439 622 173 229 908 966 595 979 307 95 386 884 361 735 42 268 79 251 286 633 277 841 237 199 322 678 822 671 91 621 819 
382 542 23 8 997 624 767 503 402 144 939 358 456 591 109 196 429 973 768 714 258 749 604 246 334 478 812 826 204 236 842 952 950 416 436 120 19 37 350 538 682 712 177 972 160 395 296 944 453 174 981 88 978 93 599 531 
953 407 587 647 164 175 24 40 183 222 906 242 501 945 579 271 605 203 533 584 883 401 132 189 543 886 734 461 272 182 194 487 751 575 692 739 325 615 273 565 32 415 270 291 122 308 736 432 369 937 413 522 35 757 513 810 13 64 684 578 911 555 106 544 359 
872 552 992 476 124 146 39 646 337 92 97 635 320 44 743 985 789 791 758 585 297 458 581 238 642 65 568 704 71 556 593 570 121 74 294 324 275 152 61 145 399 185 455 479 947 626 961 411 756 517 426 108 374 713 539 990 969 147 444 
