877 155 337 725 363 990 955 891 151 176 220 185 801 971 726 677 115 134 293 221 264 15 475 857 377 828 393 890 822 544 872 819 735 462 450 729 721 131 251 242 833 846 229 566 516 789 611 640 173 975 19 441 35 515 524 500 646 370 286 590 746 468 232 108 47 595 987 265 14 995 850 905 935 902 501 49 965 660 241
839 79 404 656 862 150 966 589 467 681 132 290 904 81 101 1000 717 497 810 559 977 343 815 513 583 512 319 135 703 812 446 208 522 313 919 288 754 963 73 827 311 898 628 26 320 373 103 568 707 596 521 111 528 422 215 332 958 683 214 263 610 818 472 941 886 56 618 793 724 102 910 219 983 659 487 398 460 530
976 498 741 493 341 607 447 808 328 236 41 781 6 401 120 339 668 272 565 321 296 379 597 667 301 653 650 644 347 605 247 335 310 218 643 756 64 779 119 137 154 840 283 845 706 696 276 153 62 906 539 171 526 491 386 874 58 739 252 100 796 129 708 682 254 908 303 632 991 970 688 985
954 408 824 573 164 593 889 716 998 751 510 243 917 730 331 933 16 187 1 3 329 197 430 114 346 578 302 575 997 455 42 876 710 160 505 752 576 705 464 225 934 635 745 50 217 292 20 38 351 51 642 196 921 378 473 43 269 421 764 266 773 929 396 757 842 922 330 807 375 714 598 867 834 777 333 94 601 358 314
158 87 651 431 198 657 365 969 762 388 210 44 506 894 782 338 93 159 624 124 925 277 978 950 670 591 711 503 881 133 190 22 680 961 435 116 799 233 205 509 560 67 192 564 295 193 980 88 71 163 728 692 654 77 474 364 821 665 787 246 412 758 911 829 888 368 248 144 964 704 322 429 960
444 868 588 553 993 477 392 825 901 40 709 420 374 11 580 631 411 606 60 458 428 930 974 769 804 423 10 99 582 239 315 671 569 923 237 843 953 909 967 168 271 410 795 742 280 541 126 737 260 312 918 938 80 698 32 755 984 637 27 932 858 809 639 452 389 816 92 615 148 445
4 602 383 770 774 882 25 765 463 366 413 546 896 837 733 732 520 204 342 734 805 34 402 275 327 887 750 658 695 897 59 66 324 835 574 791 489 951 852 209 702 652 989 507 718 179 146 18 307 499 552 800 517 630 899 443 384 655 731 89 871 720 533 318 939 350
537 37 863 54 141 262 727 854 267 778 356 145 255 31 893 937 536 415 45 806 790 792 759 855 879 352 449 5 406 95 250 211 46 8 261 915 691 121 529 451 387 853 788 376 617 353 448 117 817 278 981 674 354 268 903 270 847 988 870
231 385 531 866 105 418 957 162 527 831 851 256 802 592 943 699 689 495 257 391 577 786 572 555 743 949 279 28 830 112 562 13 748 629 784 152 371 345 434 106 317 309 400 362 736 139 832 149 992 558 36 340 21 836 109 916 90 540 979 556 931 107 545 532
258 538 492 543 554 550 212 294 69 136 355 547 203 940 359 291 344 110 944 289 486 397 281 797 381 972 156 86 409 900 273 548 181 425 771 357 469 2 253 956 23 33 776 172 880 738 235 83 927 300 334 523 599 97 945 678 649 361 982 785 542 697 936 621 244 104
157 7 864 438 349 436 803 895 502 856 84 213 170 892 534 585 884 143 775 395 511 763 439 304 612 440 551 113 571 865 74 869 437 563 123 191 920 673 442 249 285 875 687 481 390 811 299 519 63 913 780 878 82 169 848 684 189
138 723 228 535 719 645 478 424 760 48 946 127 367 216 419 188 968 369 549 194 140 382 700 766 747 584 860 959 623 174 230 924 75 712 619 12 603 885 433 694 282 666 245 287 634 297 518 613 175 679 823 669 380 622 820 360
873 648 24 9 465 68 768 504 403 826 798 570 567 61 838 284 633 814 52 207 715 259 676 298 85 479 813 227 494 783 620 594 794 122 767 306 325 53 308 96 167 186 456 713 178 973 161 399 849 182 461 238 859 199 749 432 177 663 600 609
76 336 496 224 508 942 128 184 223 907 638 686 98 457 926 91 482 675 407 453 883 586 70 484 661 996 183 195 488 841 201 701 740 118 78 947 690 180 844 305 587 994 608 480 414 234 39 772 372 466 206 427 952 222 65 685 579 912 394 166 999
30 202 405 165 125 147 29 625 647 490 626 17 636 614 928 722 744 986 753 226 664 55 914 459 57 483 861 142 761 693 72 557 326 616 274 581 417 416 130 316 470 604 662 948 627 962 485 514 454 200 323 525 471 641 672 426 240 476 561 348