876 154 336 724 362 989 954 227 881 464 956 800 970 725 637 685 126 292 220 892 410 605 203 474 856 376 827 392 889 649 543 206 41 734 461 449 159 720 130 250 241 832 845 839 864 567 844 946 775 610 520 110 528 974 18 315 34 514 523 499 645 369 479 589 745 467 231 107 46 594 986 887 360 62 849 904 866 934 901 500 48 964 188 
838 78 403 655 861 149 965 588 900 680 131 289 903 80 100 999 114 945 579 558 976 342 814 512 582 511 318 134 702 811 445 207 521 312 918 287 753 115 798 232 826 310 897 627 25 325 7 260 515 966 167 595 562 52 122 421 214 61 308 469 185 682 213 262 609 245 411 636 26 931 460 980 885 55 858 792 723 101 909 218 982 658 486 397 459 529 
975 497 740 201 495 606 549 466 327 235 28 780 5 365 400 119 338 667 271 564 320 295 481 596 813 390 752 791 574 996 871 604 246 334 309 728 829 94 859 778 561 136 153 488 950 851 783 706 305 695 639 172 129 316 905 919 653 525 490 385 873 57 738 665 244 99 795 128 707 442 681 253 907 88 870 815 776 332 93 600 357 313 
953 407 823 492 572 163 592 888 715 437 146 750 509 419 373 10 255 729 330 60 15 186 0 2 328 196 429 113 345 577 301 882 663 913 742 84 272 482 860 504 751 575 704 236 842 228 565 788 49 291 19 350 50 920 377 472 42 268 420 333 522 817 756 841 921 329 174 374 713 597 631 168 990 969 106 544 984 
157 29 86 650 430 197 656 364 968 761 387 40 43 505 893 781 337 92 158 623 123 924 276 977 949 669 590 743 502 880 132 189 21 679 960 448 995 238 642 755 356 468 700 550 112 559 66 191 563 689 979 87 70 162 440 727 691 76 473 363 820 664 786 799 633 848 181 940 828 199 322 524 784 143 963 703 321 428 959 444 
443 867 587 552 992 476 391 824 348 209 67 777 355 825 797 366 30 925 59 457 427 929 710 368 51 803 571 155 85 408 899 660 962 72 314 922 71 319 952 908 32 415 270 409 794 741 279 540 125 787 195 603 917 937 79 697 874 816 371 471 517 612 13 994 451 89 696 833 269 614 147 
3 601 382 769 773 175 24 127 764 462 47 412 545 895 836 732 290 519 613 414 44 804 33 401 274 326 774 394 381 699 581 896 58 65 568 834 573 45 372 73 208 701 192 120 433 506 717 178 641 432 311 306 498 38 771 516 629 898 857 108 981 302 176 425 532 317 938 349 
872 536 36 862 53 140 726 435 161 526 676 144 569 456 936 535 109 943 805 652 821 643 675 878 351 709 4 405 141 249 210 933 628 282 766 690 988 450 190 166 170 375 616 352 447 116 686 598 96 205 264 648 951 353 267 779 877 81 239 475 987 869 
75 335 384 404 164 446 807 219 184 39 708 716 916 254 566 731 837 942 698 688 494 256 452 785 886 749 98 948 278 27 226 840 200 118 12 747 955 580 416 151 370 344 275 105 586 331 399 361 735 138 831 148 991 557 484 20 835 808 638 748 388 978 555 930 846 998 
257 537 530 553 865 104 211 293 68 135 354 546 830 202 939 358 215 343 90 288 485 396 280 796 380 971 818 69 657 56 547 180 424 770 111 782 1 252 923 74 294 436 179 843 152 737 234 82 926 299 763 265 772 395 296 944 677 673 654 730 541 911 935 620 243 103 
230 156 340 150 534 718 644 477 802 894 501 855 83 212 169 891 533 584 674 142 225 585 297 434 762 438 303 63 958 463 508 634 744 705 651 171 879 386 852 736 259 672 441 248 284 551 983 277 810 298 518 806 198 247 470 640 671 379 687 659 240 
137 722 890 863 261 417 266 759 489 625 809 16 263 14 187 967 883 548 193 139 554 458 765 746 583 611 439 622 173 229 102 22 711 618 11 602 884 693 281 251 160 398 757 513 237 678 822 719 91 621 819 359 
491 542 23 8 997 624 767 503 402 496 630 635 283 632 973 768 714 258 454 854 510 478 812 204 619 593 570 121 914 324 307 95 37 538 993 455 712 177 972 286 928 465 910 426 617 915 431 668 662 599 608 
6 223 507 941 183 222 906 242 133 97 932 418 341 733 378 666 300 406 576 422 346 875 483 182 194 487 493 760 739 790 793 77 868 216 527 145 957 607 285 413 233 31 754 480 389 453 221 64 684 578 165 531 
647 124 853 423 646 850 801 591 927 721 985 789 758 54 9 694 217 670 323 692 224 556 615 273 117 304 17 661 947 626 961 35 339 383 367 912 902 539 393 847 683 560 347 
