876 154 336 724 362 989 954 865 881 464 956 800 970 725 637 119 126 292 220 892 410 605 203 474 44 743 368 392 889 649 643 675 510 762 728 720 130 250 241 704 463 508 952 783 775 610 520 110 528 974 18 586 331 499 645 607 420 745 467 231 107 339 20 835 264 253 62 849 904 866 934 901 500 48 964 357 188 
975 78 403 861 149 965 588 900 680 131 289 903 80 100 999 114 945 579 342 814 512 0 328 318 134 702 811 445 207 521 312 554 753 115 798 232 840 249 25 325 615 121 515 966 294 689 122 421 214 61 145 170 185 682 213 262 609 245 411 636 26 931 460 885 55 858 792 723 101 870 719 425 532 486 397 459 529 
838 230 740 201 404 606 549 466 327 235 40 624 462 365 685 338 667 290 519 511 927 721 596 813 51 301 574 996 454 854 287 709 84 547 182 424 826 310 897 118 136 153 839 908 695 639 618 304 386 852 523 490 385 873 57 738 665 244 99 795 594 828 887 108 981 88 776 332 93 600 147 
3 823 492 572 163 592 888 715 184 750 509 419 373 10 255 729 330 731 15 186 613 196 429 113 345 577 821 882 663 54 913 458 765 746 405 751 922 561 12 793 864 914 788 49 711 291 19 37 350 50 641 993 311 661 285 589 763 265 772 471 277 612 174 374 713 597 631 168 393 620 106 544 313 
157 29 86 650 655 656 364 968 761 348 505 893 781 337 92 158 623 924 276 977 949 669 590 710 502 880 132 189 543 679 960 448 995 438 642 755 356 468 700 550 112 559 66 191 563 868 216 979 307 95 440 727 691 469 76 473 363 820 664 786 754 799 928 46 389 940 237 199 322 524 784 143 963 703 321 428 959 444 
443 867 587 552 992 476 175 387 209 219 127 764 906 242 825 797 630 60 418 457 427 929 973 768 576 785 571 155 9 699 962 72 314 670 323 236 842 228 282 22 32 415 270 409 171 741 279 540 125 736 375 369 831 697 874 816 395 296 921 329 518 806 638 267 902 539 671 269 614 659 240 
497 335 601 382 769 773 437 417 780 5 47 412 545 895 836 732 932 564 942 414 856 804 401 274 326 886 604 246 581 896 58 65 568 834 573 790 372 102 567 844 701 192 988 506 450 190 787 195 920 377 472 306 498 31 817 598 96 910 383 808 907 678 822 815 658 317 938 349 
536 36 862 53 140 391 824 941 43 161 526 676 400 144 569 456 936 535 320 90 481 805 33 789 714 258 878 351 899 449 159 504 778 210 45 7 260 74 208 690 120 70 162 905 919 616 352 447 116 686 480 517 677 648 951 353 451 779 877 81 218 982 239 475 987 869 
953 407 384 722 227 446 807 24 39 708 716 916 558 976 801 263 14 698 688 494 256 390 803 422 749 461 272 238 63 200 627 845 747 488 950 851 151 370 324 179 105 316 308 399 361 735 138 712 148 991 557 484 442 681 617 915 89 555 930 599 608 
257 197 491 542 553 104 211 293 68 135 354 546 830 202 939 358 215 343 59 943 288 485 396 280 796 380 971 818 69 657 56 278 27 829 94 493 760 739 319 628 565 706 305 433 843 152 737 653 525 82 926 299 333 38 771 516 629 205 980 673 654 730 541 696 978 935 243 103 
75 537 495 890 150 534 718 644 477 802 894 501 855 97 123 591 582 533 584 883 652 791 758 585 381 98 694 482 860 141 575 692 1 252 955 580 77 705 436 562 879 315 538 234 672 441 248 284 522 398 756 841 453 994 247 470 640 176 91 969 687 531 
137 430 340 863 261 726 853 266 759 489 625 809 83 212 169 837 283 378 376 827 548 193 139 918 297 434 180 303 611 439 622 173 229 923 766 52 11 166 17 603 917 937 79 251 286 633 757 513 810 13 198 748 431 833 379 621 819 359 
872 530 23 8 997 67 767 503 402 850 366 566 925 2 187 967 985 752 206 774 394 85 408 334 309 217 194 487 859 958 832 224 933 634 73 946 651 794 527 178 34 514 693 281 177 972 160 371 465 707 944 426 360 912 388 668 662 683 984 
6 223 507 435 183 222 646 133 254 30 271 891 295 341 632 666 300 406 452 21 346 875 742 948 4 583 770 111 782 619 117 273 744 167 595 275 172 129 602 957 259 42 268 947 551 983 848 181 898 986 298 221 64 684 578 911 990 165 998 
156 647 164 124 146 28 423 777 355 496 16 635 109 733 674 142 225 871 41 734 483 660 478 812 226 204 71 556 593 570 416 344 87 717 884 432 455 479 413 233 626 961 35 128 857 367 302 909 847 846 560 347 
