877 155 337 725 363 990 955 866 882 465 957 801 971 726 638 120 127 293 221 893 411 606 204 475 45 744 369 393 890 650 644 676 511 763 729 721 131 251 242 705 464 509 953 784 776 611 521 111 529 975 19 587 332 500 646 608 421 746 468 232 108 340 21 836 265 254 63 850 905 867 935 902 501 49 965 358 189
976 79 404 862 150 966 589 901 681 132 290 904 81 101 1000 115 946 580 343 815 513 1 329 319 135 703 812 446 208 522 313 555 754 116 799 233 841 250 26 326 616 122 516 967 295 690 123 422 215 62 146 171 186 683 214 263 610 246 412 637 27 932 461 886 56 859 793 724 102 871 720 426 533 487 398 460 530
839 231 741 202 405 607 550 467 328 236 41 625 463 366 686 339 668 291 520 512 928 722 597 814 52 302 575 997 455 855 288 710 85 548 183 425 827 311 898 119 137 154 840 909 696 640 619 305 387 853 524 491 386 874 58 739 666 245 100 796 595 829 888 109 982 89 777 333 94 601 148
4 824 493 573 164 593 889 716 185 751 510 420 374 11 256 730 331 732 16 187 614 197 430 114 346 578 822 883 664 55 914 459 766 747 406 752 923 562 13 794 865 915 789 50 712 292 20 38 351 51 642 994 312 662 286 590 764 266 773 472 278 613 175 375 714 598 632 169 394 621 107 545 314
158 30 87 651 656 657 365 969 762 349 506 894 782 338 93 159 624 925 277 978 950 670 591 711 503 881 133 190 544 680 961 449 996 439 643 756 357 469 701 551 113 560 67 192 564 869 217 980 308 96 441 728 692 470 77 474 364 821 665 787 755 800 929 47 390 941 238 200 323 525 785 144 964 704 322 429 960 445
444 868 588 553 993 477 176 388 210 220 128 765 907 243 826 798 631 61 419 458 428 930 974 769 577 786 572 156 10 700 963 73 315 671 324 237 843 229 283 23 33 416 271 410 172 742 280 541 126 737 376 370 832 698 875 817 396 297 922 330 519 807 639 268 903 540 672 270 615 660 241
498 336 602 383 770 774 438 418 781 6 48 413 546 896 837 733 933 565 943 415 857 805 402 275 327 887 605 247 582 897 59 66 569 835 574 791 373 103 568 845 702 193 989 507 451 191 788 196 921 378 473 307 499 32 818 599 97 911 384 809 908 679 823 816 659 318 939 350
537 37 863 54 141 392 825 942 44 162 527 677 401 145 570 457 937 536 321 91 482 806 34 790 715 259 879 352 900 450 160 505 779 211 46 8 261 75 209 691 121 71 163 906 920 617 353 448 117 687 481 518 678 649 952 354 452 780 878 82 219 983 240 476 988 870
954 408 385 723 228 447 808 25 40 709 717 917 559 977 802 264 15 699 689 495 257 391 804 423 750 462 273 239 64 201 628 846 748 489 951 852 152 371 325 180 106 317 309 400 362 736 139 713 149 992 558 485 443 682 618 916 90 556 931 600 609
258 198 492 543 554 105 212 294 69 136 355 547 831 203 940 359 216 344 60 944 289 486 397 281 797 381 972 819 70 658 57 279 28 830 95 494 761 740 320 629 566 707 306 434 844 153 738 654 526 83 927 300 334 39 772 517 630 206 981 674 655 731 542 697 979 936 244 104
76 538 496 891 151 535 719 645 478 803 895 502 856 98 124 592 583 534 585 884 653 792 759 586 382 99 695 483 861 142 576 693 2 253 956 581 78 706 437 563 880 316 539 235 673 442 249 285 523 399 757 842 454 995 248 471 641 177 92 970 688 532
138 431 341 864 262 727 854 267 760 490 626 810 84 213 170 838 284 379 377 828 549 194 140 919 298 435 181 304 612 440 623 174 230 924 767 53 12 167 18 604 918 938 80 252 287 634 758 514 811 14 199 749 432 834 380 622 820 360
873 531 24 9 998 68 768 504 403 851 367 567 926 3 188 968 986 753 207 775 395 86 409 335 310 218 195 488 860 959 833 225 934 635 74 947 652 795 528 179 35 515 694 282 178 973 161 372 466 708 945 427 361 913 389 669 663 684 985
7 224 508 436 184 223 647 134 255 31 272 892 296 342 633 667 301 407 453 22 347 876 743 949 5 584 771 112 783 620 118 274 745 168 596 276 173 130 603 958 260 43 269 948 552 984 849 182 899 987 299 222 65 685 579 912 991 166 999
157 648 165 125 147 29 424 778 356 497 17 636 110 734 675 143 226 872 42 735 484 661 479 813 227 205 72 557 594 571 417 345 88 718 885 433 456 480 414 234 627 962 36 129 858 368 303 910 848 847 561 348