876 154 336 724 552 992 476 881 464 956 800 970 725 637 119 126 558 976 801 932 837 533 584 196 813 51 206 714 258 554 742 948 159 504 751 922 845 559 66 766 270 794 527 421 315 514 523 375 607 479 589 745 467 231 107 46 594 921 677 648 617 915 904 866 671 425 48 846 544 531 
838 78 403 655 861 149 965 588 507 644 68 80 100 999 114 850 579 342 591 203 474 318 134 702 811 445 207 225 346 297 899 660 478 812 826 310 897 627 622 173 229 121 966 701 595 520 87 70 162 905 538 234 672 79 697 874 816 371 465 26 931 460 885 55 367 730 723 101 909 218 393 847 964 459 
975 497 740 201 404 164 466 327 235 40 780 5 830 202 338 97 290 343 977 481 929 113 392 300 652 649 543 886 85 246 334 309 728 720 130 250 323 834 463 550 136 153 488 950 851 783 305 436 275 172 129 214 61 145 170 490 385 873 57 738 665 244 99 795 128 707 857 951 353 451 779 911 532 317 240 
953 407 823 492 572 163 592 888 437 417 750 509 419 373 10 729 330 410 605 0 2 328 283 378 376 827 548 193 574 996 454 854 408 84 272 482 860 141 575 692 71 556 593 228 74 946 433 105 316 308 736 920 377 472 42 268 420 763 265 772 928 480 329 174 374 713 597 990 969 659 938 349 
230 86 650 430 197 656 364 223 175 387 209 127 505 893 781 337 92 158 623 123 924 276 109 669 590 710 368 889 521 312 918 960 448 995 238 829 94 859 778 561 112 570 102 567 844 705 711 171 974 18 737 645 369 937 820 664 786 799 516 629 828 887 108 981 784 143 963 703 321 428 959 687 
443 867 587 340 606 549 824 941 43 903 423 777 355 496 809 836 220 892 936 535 341 429 973 768 139 818 351 753 962 72 314 670 958 236 842 952 580 73 208 294 651 120 741 279 540 125 361 603 917 712 947 31 817 471 986 264 13 994 912 89 696 934 269 614 147 529 
157 29 601 647 140 715 24 764 759 47 412 545 366 732 635 613 414 856 804 33 401 274 326 774 394 381 657 694 896 58 642 65 568 704 573 790 839 282 167 775 610 988 506 450 852 787 195 311 306 251 522 395 756 841 426 199 322 524 88 176 555 930 106 987 444 
872 536 36 862 150 391 680 131 289 624 526 676 400 685 895 667 814 512 320 457 427 596 666 752 821 643 679 69 709 4 303 63 249 210 45 7 260 914 370 344 291 122 440 34 957 259 693 352 447 116 686 598 96 940 835 808 638 267 902 539 719 91 239 475 357 103 
75 335 384 989 954 227 446 807 219 184 39 708 716 916 254 30 60 564 942 698 688 494 256 390 576 785 571 155 9 98 56 278 27 755 840 200 118 12 747 628 923 191 706 192 409 110 528 304 602 993 735 138 831 148 991 557 35 296 517 612 360 62 849 388 668 662 599 608 
257 537 530 553 865 104 211 293 135 354 546 825 797 569 566 731 15 186 59 90 288 485 396 280 796 380 971 749 604 461 449 547 182 424 226 611 439 1 252 955 416 151 690 179 843 152 190 919 432 616 926 299 333 609 245 411 636 910 944 383 253 907 302 631 168 379 621 819 
3 722 53 534 718 435 802 894 144 83 212 169 891 582 949 943 805 789 791 758 878 734 483 180 405 770 204 832 508 634 744 49 562 52 717 178 884 76 455 441 248 284 551 983 339 20 442 237 221 247 470 640 815 776 93 600 188 313 
137 495 890 863 261 726 853 161 906 242 501 945 255 16 263 14 187 967 883 880 803 422 675 510 762 217 194 487 111 224 933 372 908 563 788 216 879 586 331 399 499 473 363 413 972 160 398 757 513 810 298 518 806 198 678 822 978 935 620 243 984 
156 6 23 8 997 67 767 503 402 855 630 215 519 295 44 632 985 345 577 301 882 663 54 913 458 581 438 241 760 25 319 793 864 77 868 324 19 37 350 50 166 17 82 281 177 233 286 633 848 389 980 673 654 748 431 833 332 486 397 359 869 
382 769 773 761 348 900 477 183 222 646 133 292 271 418 927 721 743 502 406 132 189 871 41 875 699 765 746 583 493 782 619 117 22 32 415 689 979 307 95 727 691 469 185 661 285 498 38 771 754 277 898 453 64 684 578 870 901 500 165 998 
362 491 542 968 124 146 28 266 462 365 489 625 939 358 456 925 511 733 674 142 452 21 585 287 434 115 798 232 356 468 700 739 325 615 273 565 515 695 639 618 11 386 641 653 525 682 213 262 626 961 484 181 205 681 858 792 541 877 81 982 658 683 560 347 
