877 155 337 725 363 990 955 228 727 436 971 726 638 120 127 293 221 732 838 15 475 857 377 828 393 890 650 575 997 872 735 484 661 160 505 251 242 628 846 261 784 50 325 111 529 975 19 441 35 515 524 500 646 370 480 590 746 468 232 108 47 595 987 888 361 63 850 905 867 935 902 49 965 358 314
839 79 404 862 150 966 589 467 681 132 290 81 101 1000 374 11 580 570 291 606 512 319 135 703 812 446 208 522 313 919 288 754 116 799 861 66 324 835 26 320 953 951 516 967 168 596 276 123 422 215 62 146 196 186 683 214 263 610 246 412 637 27 932 461 886 56 859 793 724 102 82 219 394 92 244 460 530
976 498 741 202 648 165 392 825 465 128 781 6 366 401 686 68 977 802 592 943 379 597 667 301 653 194 453 22 347 876 743 85 310 729 830 95 494 201 562 137 154 794 852 845 947 696 640 173 451 317 906 539 994 491 386 874 58 739 666 245 100 796 129 708 945 384 254 908 679 823 816 777 333 240 601 189
954 408 824 493 573 164 593 889 716 438 147 29 267 778 356 946 256 730 331 61 16 187 60 296 928 722 430 114 346 578 302 883 664 55 914 409 900 273 483 233 841 576 705 464 72 557 326 616 274 745 295 217 20 38 351 51 642 171 921 378 473 43 269 421 764 266 773 929 396 757 842 330 175 375 714 598 871 991 970 107 545 985
158 30 87 651 431 198 657 365 969 762 388 210 506 894 547 338 93 159 624 124 925 277 699 670 591 744 503 407 133 190 680 961 449 996 239 643 771 357 469 551 113 560 192 564 869 690 980 88 71 163 728 692 654 77 474 364 821 665 787 800 399 849 390 941 238 200 323 525 785 144 964 704 322 429 960 445
444 868 588 553 993 477 176 328 236 41 69 136 355 717 826 798 837 733 411 419 458 428 930 711 369 549 207 544 572 156 605 700 963 73 315 671 569 237 843 373 909 33 416 271 410 795 742 280 541 126 788 18 604 918 938 80 698 875 817 755 472 613 14 995 452 90 697 834 270 615 148
4 602 383 770 774 882 25 765 463 243 413 546 896 213 216 520 614 415 45 805 34 402 275 327 775 395 382 710 5 59 752 898 574 791 840 865 74 209 702 193 121 434 507 718 179 853 737 433 312 307 499 234 32 772 517 630 899 858 109 982 89 177 426 533 621 318 939 350
873 537 37 863 54 141 447 808 349 901 904 510 677 782 497 940 457 937 536 321 950 944 806 753 822 644 676 879 511 582 183 425 756 64 250 211 46 8 67 767 691 989 528 316 470 376 617 353 448 117 687 599 97 206 981 674 354 268 780 878 632 169 380 476 988 870
76 336 385 405 607 550 220 185 751 803 895 917 255 31 272 892 1 3 689 495 257 391 577 786 887 86 247 949 279 28 131 205 701 225 13 748 489 581 417 152 371 345 172 880 587 332 400 736 139 832 149 992 558 485 182 443 682 809 639 749 389 979 848 663 931 847 999
258 538 496 554 866 105 212 294 40 527 831 203 339 668 170 344 110 91 289 486 397 281 797 381 972 819 352 459 57 548 181 406 112 783 2 253 956 78 437 563 53 844 153 738 235 83 927 300 334 39 818 297 922 678 649 655 731 542 936 487 398 104
231 157 341 535 719 645 801 709 115 851 559 367 815 513 583 534 585 675 143 226 586 298 435 763 439 304 142 959 620 118 629 924 915 706 611 180 106 387 167 260 673 442 249 285 552 984 278 811 299 519 807 199 248 471 641 672 556 688 660 241
138 723 891 864 262 418 957 424 760 490 626 810 17 893 636 188 968 884 881 140 555 658 766 747 584 612 761 693 623 174 230 122 75 707 306 521 305 603 885 526 694 282 252 287 634 758 514 836 265 618 303 910 501 622 820 360
492 543 24 9 998 625 768 504 403 502 145 631 264 978 329 284 633 974 769 715 259 455 855 70 335 479 813 827 311 440 740 594 229 283 23 776 308 96 191 920 456 713 178 973 161 372 466 911 427 368 916 432 669 94 600 609
656 7 224 508 942 478 162 907 420 48 134 98 359 567 933 565 482 197 814 52 804 423 750 462 450 218 195 488 860 779 833 509 635 103 568 652 619 12 309 958 362 608 286 414 523 481 518 454 952 222 65 685 579 912 166 532
531 151 125 854 44 184 223 647 856 84 343 926 204 342 734 986 790 792 759 42 10 99 695 897 721 227 923 119 934 571 566 789 712 292 130 662 948 627 962 36 340 21 829 913 903 540 720 983 659 684 561 348