6101
158 30 202 723 770 774 392 825 465 29 267 355 717 134 559 977 802 926 583 415 45 744 986 753 302 140 676 382 754 116 799 861 66 923 2 253 956 581 417 690 123 317 515 524 491 386 874 821 746 468 232 108 47 595 829 888 109 850 579 912 219 848 965 660 939 350 
444 404 656 492 543 969 508 436 781 504 403 826 798 256 940 359 567 61 16 187 1 950 670 591 711 369 890 792 759 586 298 435 766 747 28 643 752 576 693 740 594 230 924 767 371 345 521 742 280 38 642 958 186 456 480 300 334 610 818 472 518 922 678 649 175 375 714 598 867 834 394 92 970 358 532 
79 651 531 151 105 681 132 290 904 510 638 203 17 636 60 296 342 633 393 790 822 644 961 449 5 406 771 205 705 620 118 629 103 23 33 416 652 795 975 19 441 728 692 470 500 646 370 282 178 558 485 182 911 330 809 908 679 823 669 663 931 600 609 
493 648 165 438 418 957 801 81 101 1000 115 946 127 367 124 732 892 3 699 689 495 257 391 226 819 605 459 582 183 425 64 959 628 509 635 865 915 706 696 292 130 191 920 654 43 938 414 973 100 796 129 708 613 200 519 807 639 268 903 632 169 684 189 314 
954 157 363 341 477 882 25 128 971 760 11 580 837 733 291 520 204 188 968 675 143 381 972 156 86 409 900 273 483 233 612 469 119 137 154 840 745 784 152 217 111 529 451 316 35 18 608 58 739 285 552 984 758 514 811 299 222 749 389 82 777 333 94 601 148 530 
258 602 383 54 141 447 808 349 41 40 709 420 374 413 546 339 668 272 565 475 857 377 667 301 653 650 575 997 455 750 710 996 439 756 242 833 846 373 852 611 173 308 96 163 167 171 604 918 214 263 627 962 412 637 206 461 384 323 685 432 935 983 429 960 445 
76 336 725 990 955 891 593 125 147 478 162 527 48 497 810 84 343 815 513 943 284 379 486 814 52 207 544 572 555 484 160 59 95 860 779 562 113 571 909 209 295 50 640 619 12 179 51 994 673 442 249 698 875 817 372 466 899 836 254 199 248 471 641 704 991 166 545 360 870 
873 824 657 365 224 762 388 210 220 424 726 677 686 896 98 457 592 928 722 597 503 407 453 883 664 55 735 462 450 548 181 304 112 26 320 229 283 967 168 776 410 172 153 351 853 400 526 683 713 149 992 523 278 27 932 454 618 65 905 177 380 622 244 985 
839 868 588 553 993 554 866 467 328 236 44 506 894 547 831 851 213 893 411 419 329 197 430 114 812 446 208 522 313 919 288 700 763 239 830 227 142 250 211 46 8 192 691 53 880 215 62 906 539 921 378 473 307 448 117 687 599 97 941 682 995 452 780 697 816 322 240 847 999 
138 431 198 164 864 262 727 854 625 6 782 917 631 170 606 91 482 806 346 577 786 872 42 10 99 57 729 721 131 251 324 835 464 225 934 261 845 271 980 88 71 541 126 788 260 312 662 286 948 39 772 517 630 858 361 982 785 89 902 659 318 241 
877 155 337 862 150 228 535 719 294 69 136 778 356 338 93 255 31 264 15 110 944 289 884 402 275 327 887 914 743 85 279 584 494 761 237 13 748 489 568 869 193 121 434 106 387 146 737 433 694 927 80 666 245 287 634 849 987 265 14 63 913 90 540 672 270 615 104 
537 37 863 966 889 716 185 68 768 907 243 502 145 730 331 937 536 321 458 319 135 703 828 549 194 775 395 879 352 658 695 897 505 841 201 701 551 843 953 951 74 702 325 180 528 422 587 332 736 139 832 665 787 800 396 297 945 427 952 354 525 303 871 501 49 476 561 348 
231 741 405 24 9 998 751 803 895 856 293 221 925 277 978 534 585 397 281 797 804 423 855 876 247 335 479 813 827 311 440 72 557 326 616 274 566 516 564 707 437 276 507 718 309 235 83 269 421 252 161 399 757 842 981 674 655 731 724 144 964 979 936 487 820 
976 498 87 538 496 607 550 212 645 184 223 647 490 626 159 624 933 838 614 428 930 974 769 578 133 190 22 347 511 949 963 73 315 671 569 898 574 791 560 67 75 789 306 712 563 844 305 603 885 362 77 474 364 590 764 266 773 929 481 390 443 238 859 793 542 878 720 556 398 460 688 
4 408 385 573 7 589 176 901 942 765 463 366 401 120 570 216 344 512 734 805 34 881 715 259 680 70 661 310 218 195 488 357 783 623 174 794 122 78 947 596 989 20 738 196 376 617 353 499 234 32 755 246 36 340 21 886 56 368 916 102 910 426 533 621 107 988 
