876 154 336 724 989 954 227 881 464 956 800 970 725 637 945 809 16 892 635 474 856 376 827 548 206 714 258 871 41 753 896 504 250 958 832 508 372 908 966 151 595 171 450 316 50 787 259 645 369 937 589 745 467 231 107 46 594 944 453 174 62 849 904 866 934 901 500 48 964 357 188 313 
3 407 655 647 164 507 435 80 100 999 114 850 579 558 976 342 814 512 109 318 134 702 811 445 207 521 312 918 287 461 449 159 58 94 859 897 627 25 319 228 102 32 705 436 179 122 421 214 440 538 195 693 213 262 626 961 411 636 26 931 460 885 55 858 792 723 431 671 982 658 486 397 459 529 
975 497 740 201 722 890 863 466 327 235 40 764 462 365 119 338 97 358 566 731 605 977 283 378 485 396 280 796 301 574 996 454 749 604 246 334 478 217 194 583 204 704 118 136 153 793 22 216 520 110 527 61 905 919 653 525 490 385 363 57 738 665 244 286 398 757 513 383 253 907 678 822 833 425 332 93 600 359 869 
838 230 823 492 572 163 592 888 437 417 509 419 373 10 255 729 732 60 15 186 0 2 328 196 429 113 392 406 132 189 21 854 875 408 84 272 812 670 568 71 556 325 615 273 950 580 77 701 695 879 602 884 377 42 268 420 763 265 772 928 480 898 442 835 108 374 713 597 81 168 379 475 544 984 
29 86 650 430 197 656 364 968 761 348 900 67 893 781 337 92 366 623 123 924 276 698 688 494 256 390 225 679 960 899 660 995 180 303 356 468 463 550 112 559 66 74 167 651 979 87 70 162 727 691 523 499 472 873 285 299 664 786 799 395 756 841 980 673 808 981 541 696 703 321 428 959 687 
443 867 587 552 992 476 391 824 941 127 266 759 830 202 126 939 169 891 320 457 427 929 710 502 880 576 785 422 818 351 483 309 728 720 751 922 236 842 260 914 415 270 409 794 741 279 386 852 17 82 926 79 697 874 816 371 465 986 264 13 198 912 89 963 719 269 614 103 
137 382 769 773 124 146 28 780 5 47 412 545 330 925 613 414 733 804 33 401 274 326 886 878 510 115 798 232 63 323 834 573 790 952 282 73 208 294 344 988 506 717 350 641 234 375 607 413 233 31 771 516 629 517 612 199 994 524 302 870 815 393 847 239 846 659 240 
872 536 36 862 53 140 715 24 477 161 526 676 400 685 895 667 215 519 203 949 943 288 883 345 774 54 913 448 4 405 314 141 575 692 619 117 628 565 515 844 946 775 610 172 974 18 34 957 361 76 616 352 447 116 754 245 598 296 857 951 353 267 779 218 91 621 317 938 349 
257 404 606 549 807 219 184 39 708 716 855 569 410 418 341 481 805 752 791 758 585 69 657 56 278 27 642 755 840 249 700 224 12 747 488 744 690 120 528 152 540 125 736 735 138 831 148 991 557 795 128 707 810 298 518 221 784 143 877 631 935 819 
157 156 362 340 553 865 446 211 293 68 135 354 546 496 630 456 936 535 90 596 813 51 380 971 554 434 765 746 424 826 310 782 1 252 955 567 706 49 433 843 304 308 469 185 682 661 820 333 609 817 471 921 677 648 617 915 101 668 532 620 243 608 
78 403 149 965 534 718 644 750 802 894 916 83 212 271 564 533 584 674 142 452 882 663 85 742 948 962 72 226 611 778 210 45 7 923 191 563 868 324 275 105 586 514 672 441 248 284 551 983 277 910 329 322 247 470 640 176 990 165 998 
75 335 537 495 150 104 680 131 289 624 767 503 402 489 625 292 220 263 14 187 967 368 889 649 643 346 297 458 762 438 130 241 760 739 593 570 864 416 788 305 192 639 618 11 178 331 399 473 281 251 522 686 96 205 426 806 638 748 388 978 969 147 
601 861 491 542 23 8 997 903 423 646 501 144 158 801 591 942 44 632 973 768 577 803 394 734 709 482 860 65 439 622 173 839 689 291 129 315 145 432 603 917 712 177 972 160 484 181 828 887 360 451 902 539 662 930 599 531 
953 384 530 588 175 387 209 43 183 222 906 242 133 254 30 932 837 59 295 927 721 743 666 300 652 193 139 675 381 699 581 547 182 487 493 200 561 933 634 851 783 711 562 52 19 37 737 993 920 311 306 498 99 35 339 20 681 367 64 684 578 911 776 683 560 347 
6 223 261 726 853 505 777 355 825 797 836 290 343 582 511 669 590 985 789 821 543 571 155 9 98 694 238 829 770 111 845 229 121 766 370 307 95 190 166 170 455 479 947 38 633 848 389 940 237 654 730 88 909 555 106 987 444 
