6279
877 155 337 725 990 955 228 882 465 957 801 971 726 638 11 580 17 893 926 204 857 377 828 549 715 259 872 819 754 897 505 251 959 833 509 373 909 967 152 596 276 130 317 51 788 260 646 608 590 746 468 232 108 47 595 945 454 175 63 850 905 867 935 902 501 49 965 358 189 314 
4 408 656 648 165 508 436 81 101 1000 115 851 810 559 977 343 815 513 110 319 135 703 812 446 208 522 313 919 288 462 450 160 59 95 860 898 628 26 320 229 103 33 706 437 180 123 422 215 441 539 196 673 214 263 627 962 412 637 27 932 461 886 56 859 793 724 432 672 983 659 487 398 148 
976 498 741 202 723 891 864 467 328 236 41 765 463 366 120 339 98 359 567 732 606 3 699 379 197 486 397 281 797 302 575 997 455 750 605 247 335 479 218 195 488 205 705 119 137 154 840 745 217 521 111 106 906 920 654 526 491 386 364 58 739 666 245 287 399 758 514 384 254 908 679 823 834 426 333 94 601 360 870 
839 231 824 493 573 164 593 889 438 418 510 420 374 946 256 730 733 61 16 187 943 342 430 114 393 407 133 190 22 855 876 743 85 273 813 671 569 464 72 557 326 616 274 951 581 78 702 696 434 742 280 603 885 378 43 269 421 764 266 773 929 481 899 443 836 109 375 714 598 82 169 380 476 545 985 
30 87 651 431 198 657 365 969 762 349 901 68 894 782 338 93 367 624 124 925 277 978 329 689 495 257 391 226 680 961 435 766 181 304 357 469 551 113 560 67 75 707 652 980 88 71 163 728 692 524 500 473 874 286 300 665 787 800 396 757 842 981 674 809 982 89 704 322 429 960 
444 868 588 553 993 477 392 825 942 128 267 760 831 203 127 940 170 892 1 458 428 597 503 881 577 786 423 70 484 661 310 729 721 752 923 237 843 953 915 416 50 121 529 451 387 642 18 83 927 80 698 875 817 372 466 987 265 14 199 913 90 964 720 270 615 104 
138 383 770 774 125 147 29 781 6 48 413 546 331 636 614 415 734 805 34 402 275 327 887 879 511 116 799 861 66 324 835 574 791 261 283 74 209 295 345 989 507 718 351 853 235 376 370 938 414 234 32 772 517 630 518 613 200 995 525 303 871 816 394 848 240 847 660 241 
873 537 37 863 54 141 716 25 478 162 527 677 401 686 896 668 216 520 950 944 289 884 346 381 972 555 449 5 406 315 142 576 693 620 118 629 566 516 845 947 776 611 173 975 19 35 958 362 77 617 353 448 117 755 246 599 297 390 858 952 354 268 903 540 219 92 622 318 939 350 
258 405 607 550 808 220 185 40 709 717 856 570 411 419 91 482 806 753 792 759 586 352 658 57 279 28 643 756 64 250 701 225 13 748 489 23 691 172 305 541 126 737 736 139 832 149 992 558 796 129 708 811 299 519 222 785 144 878 632 936 820 
158 157 363 341 554 866 447 212 294 69 136 355 547 497 631 457 937 536 321 284 633 814 52 207 775 395 914 900 747 584 494 783 2 253 956 568 168 271 410 844 153 62 309 470 186 683 662 821 334 610 818 472 922 678 649 618 916 102 669 533 621 244 460 530 
79 404 150 966 535 719 645 751 803 895 917 84 213 272 565 534 585 675 143 453 883 664 55 86 409 949 963 73 227 612 779 211 46 8 924 192 564 869 325 795 528 587 515 694 442 249 285 552 984 278 911 330 323 248 471 641 177 991 166 999 
76 336 538 496 151 105 681 132 290 625 768 504 403 490 626 293 221 264 15 188 968 711 369 890 650 644 347 298 459 763 439 131 242 761 740 594 571 865 417 789 306 193 640 619 12 179 332 400 474 282 252 523 687 97 206 427 807 639 749 389 979 970 688 532 
602 862 492 543 24 9 998 904 424 647 502 145 159 802 592 296 45 930 974 769 578 804 42 735 710 996 483 233 827 311 440 623 174 794 690 292 880 316 146 433 604 918 713 178 973 161 485 182 829 888 361 452 780 697 663 931 600 609 
954 385 531 589 176 388 210 44 184 223 907 243 134 255 31 933 838 60 475 928 722 744 667 301 653 194 140 676 382 700 582 548 183 425 841 201 562 934 635 852 784 712 563 53 20 38 738 994 921 312 307 499 100 36 340 21 682 368 65 685 579 912 777 684 561 348 
7 224 262 727 854 506 778 356 826 798 837 291 344 583 512 670 591 986 790 822 544 572 156 10 99 695 239 830 771 112 846 230 122 767 371 308 96 191 167 171 456 480 948 39 634 849 941 238 655 731 542 910 556 107 988 445 
