876 154 336 724 362 989 954 227 726 435 970 725 637 119 126 292 220 731 837 14 474 856 376 827 392 889 649 574 996 871 734 483 660 159 504 250 241 627 845 260 783 49 324 110 528 974 18 440 34 514 523 499 645 369 479 589 745 467 231 107 46 594 986 887 360 62 849 904 866 934 901 48 964 357 313 
838 78 403 861 149 965 588 466 680 131 289 80 100 999 373 10 579 569 290 605 511 318 134 702 811 445 207 521 312 918 287 753 115 798 860 65 323 834 25 319 952 950 515 966 167 595 275 122 421 214 61 145 195 185 682 213 262 609 245 411 636 26 931 460 885 55 858 792 723 101 81 218 393 91 243 459 529 
975 497 740 201 647 164 391 824 464 127 780 5 365 400 685 67 976 801 591 942 378 596 666 300 652 193 452 21 346 875 742 84 309 728 829 94 493 200 561 136 153 793 851 844 946 695 639 172 450 316 905 538 993 490 385 873 57 738 665 244 99 795 128 707 944 383 253 907 678 822 815 776 332 239 600 188 
953 407 823 492 572 163 592 888 715 437 146 28 266 777 355 945 255 729 330 60 15 186 59 295 927 721 429 113 345 577 301 882 663 54 913 408 899 272 482 232 840 575 704 463 71 556 325 615 273 744 294 216 19 37 350 50 641 170 920 377 472 42 268 420 763 265 772 928 395 756 841 329 174 374 713 597 870 990 969 106 544 984 
157 29 86 650 430 197 656 364 968 761 387 209 505 893 546 337 92 158 623 123 924 276 698 669 590 743 502 406 132 189 679 960 448 995 238 642 770 356 468 550 112 559 191 563 868 689 979 87 70 162 727 691 653 76 473 363 820 664 786 799 398 848 389 940 237 199 322 524 784 143 963 703 321 428 959 444 
443 867 587 552 992 476 175 327 235 40 68 135 354 716 825 797 836 732 410 418 457 427 929 710 368 548 206 543 571 155 604 699 962 72 314 670 568 236 842 372 908 32 415 270 409 794 741 279 540 125 787 17 603 917 937 79 697 874 816 754 471 612 13 994 451 89 696 833 269 614 147 
3 601 382 769 773 881 24 764 462 242 412 545 895 212 215 519 613 414 44 804 33 401 274 326 774 394 381 709 4 58 751 897 573 790 839 864 73 208 701 192 120 433 506 717 178 852 736 432 311 306 498 233 31 771 516 629 898 857 108 981 88 176 425 532 620 317 938 349 
872 536 36 862 53 140 446 807 348 900 903 509 676 781 496 939 456 936 535 320 949 943 805 752 821 643 675 878 510 581 182 424 755 63 249 210 45 7 66 766 690 988 527 315 469 375 616 352 447 116 686 598 96 205 980 673 353 267 779 877 631 168 379 475 987 869 
75 335 384 404 606 549 219 184 750 802 894 916 254 30 271 891 0 2 688 494 256 390 576 785 886 85 246 948 278 27 130 204 700 224 12 747 488 580 416 151 370 344 171 879 586 331 399 735 138 831 148 991 557 484 181 442 681 808 638 748 388 978 847 662 930 846 998 
257 537 495 553 865 104 211 293 39 526 830 202 338 667 169 343 109 90 288 485 396 280 796 380 971 818 351 458 56 547 180 405 111 782 1 252 955 77 436 562 52 843 152 737 234 82 926 299 333 38 817 296 921 677 648 654 730 541 935 486 397 103 
230 156 340 534 718 644 800 708 114 850 558 366 814 512 582 533 584 674 142 225 585 297 434 762 438 303 141 958 619 117 628 923 914 705 610 179 105 386 166 259 672 441 248 284 551 983 277 810 298 518 806 198 247 470 640 671 555 687 659 240 
137 722 890 863 261 417 956 423 759 489 625 809 16 892 635 187 967 883 880 139 554 657 765 746 583 611 760 692 622 173 229 121 74 706 305 520 304 602 884 525 693 281 251 286 633 757 513 835 264 617 302 909 500 621 819 359 
491 542 23 8 997 624 767 503 402 501 144 630 263 977 328 283 632 973 768 714 258 454 854 69 334 478 812 826 310 439 739 593 228 282 22 775 307 95 190 919 455 712 177 972 160 371 465 910 426 367 915 431 668 93 599 608 
655 6 223 507 941 477 161 906 419 47 133 97 358 566 932 564 481 196 813 51 803 422 749 461 449 217 194 487 859 778 832 508 634 102 567 651 618 11 308 957 361 607 285 413 522 480 517 453 951 221 64 684 578 911 165 531 
530 150 124 853 43 183 222 646 855 83 342 925 203 341 733 985 789 791 758 41 9 98 694 896 720 226 922 118 933 570 565 788 711 291 129 661 947 626 961 35 339 20 828 912 902 539 719 982 658 683 560 347 
