876 137 724 362 989 476 888 715 417 956 764 462 365 685 254 30 892 410 276 187 967 674 652 649 643 785 663 913 461 309 217 194 487 250 922 627 845 842 273 117 844 705 275 974 18 315 34 514 523 499 645 369 479 738 665 244 972 99 598 296 986 887 951 221 64 904 866 168 393 847 662 930 600 188 313 
975 497 403 655 861 149 965 588 900 680 464 903 80 767 906 999 716 916 558 342 512 605 511 318 134 702 811 445 207 189 996 454 381 709 4 303 611 493 200 463 71 325 7 260 567 208 294 49 324 52 122 737 432 603 917 937 262 609 817 471 26 931 460 329 617 792 723 101 870 815 776 332 239 683 984 
838 740 201 552 542 968 466 327 235 28 780 100 676 400 496 809 83 212 271 564 942 414 283 632 813 51 206 574 886 875 246 334 746 765 94 859 778 236 550 136 153 793 565 783 706 305 711 520 110 527 316 905 538 170 525 490 385 873 57 177 233 38 633 128 940 453 253 907 678 822 81 658 964 459 529 
953 601 992 364 23 391 24 164 509 419 373 10 338 976 220 169 519 2 328 196 429 973 768 577 132 882 679 510 948 896 504 751 249 210 561 615 923 914 563 788 695 794 741 95 37 350 50 691 469 920 472 42 268 420 333 626 961 398 756 841 921 885 55 353 684 578 911 621 243 544 531 
157 29 823 492 656 890 549 824 941 43 505 893 777 501 850 579 630 123 814 14 474 943 288 368 889 452 21 918 960 448 995 159 720 755 356 468 619 12 228 744 167 436 291 279 540 884 473 363 820 148 991 286 928 339 20 442 681 322 524 784 541 143 963 703 321 428 959 687 
443 867 587 954 227 534 718 435 802 242 825 797 729 456 936 535 320 427 929 827 548 803 521 346 434 962 72 670 575 700 224 556 952 950 580 515 415 689 105 440 727 787 361 377 661 285 589 284 551 816 371 96 517 612 994 451 779 696 176 990 165 998 
3 407 382 769 773 881 146 800 423 759 47 412 545 895 97 215 15 186 457 44 743 985 752 274 326 774 394 287 699 581 238 314 63 958 834 118 933 372 908 966 701 651 979 506 129 214 125 736 311 306 498 31 771 516 629 395 264 648 108 748 431 934 218 532 317 938 349 
78 536 36 862 53 140 150 104 211 131 289 970 725 637 144 569 566 60 837 977 698 688 485 710 256 345 758 854 878 351 753 115 182 829 141 760 692 622 173 747 628 282 77 690 562 172 450 162 641 234 693 281 745 467 772 848 181 898 383 199 518 806 367 267 902 877 668 379 475 357 103 
335 384 404 865 446 807 219 184 40 39 5 781 202 16 731 418 949 669 590 805 789 791 258 871 54 9 98 899 449 798 232 826 204 1 252 955 74 151 775 610 179 19 586 331 399 735 138 831 251 160 484 389 835 808 374 713 539 978 555 106 987 444 
257 537 340 491 223 761 348 477 135 354 546 830 855 939 358 925 203 90 481 494 113 280 796 380 675 69 408 56 278 482 58 424 770 111 782 508 559 66 766 270 409 433 307 602 993 82 926 299 763 265 522 795 594 944 677 673 654 730 88 719 91 486 819 359 
230 156 197 647 553 175 507 644 68 183 222 894 119 625 255 801 263 891 0 533 584 502 142 301 139 585 297 458 762 547 180 27 130 241 832 45 488 851 32 868 192 120 528 304 386 852 653 259 607 61 441 248 697 874 754 983 465 707 980 13 198 247 470 640 671 935 846 659 869 
75 336 722 530 437 387 209 127 624 503 402 114 133 366 732 290 924 109 733 804 33 401 821 225 543 818 734 657 694 438 642 226 840 439 790 839 102 22 370 639 618 11 178 145 195 375 616 352 79 664 786 799 480 757 513 237 858 638 849 388 901 982 969 48 560 347 
872 430 572 6 863 8 997 750 708 355 945 158 623 635 582 341 378 396 880 390 714 312 155 85 742 272 860 65 568 704 573 112 570 121 416 344 988 152 190 919 76 455 712 947 447 231 107 46 205 426 298 915 597 631 269 614 147 
86 650 495 592 124 293 266 646 489 126 836 330 932 343 59 295 856 376 666 300 406 576 971 749 604 483 660 478 812 405 310 897 739 593 229 191 216 171 843 717 421 308 957 185 682 413 557 35 636 277 857 360 981 302 833 425 93 599 608 
154 163 606 261 726 853 67 161 526 337 92 292 667 591 613 927 721 596 392 883 193 422 571 554 41 84 728 583 323 25 319 634 864 73 946 595 87 70 879 166 17 672 213 116 245 411 686 910 828 810 174 62 912 89 909 500 620 397 240 
