876 154 336 724 362 989 954 227 881 464 956 800 970 725 637 202 292 220 892 410 605 59 295 856 376 666 752 803 422 155 85 434 449 159 720 65 323 692 845 839 567 844 946 775 610 520 110 528 974 18 315 34 514 523 499 645 607 479 589 745 467 231 107 46 594 986 887 360 62 849 578 934 901 500 48 964 357 147 347 
838 78 403 655 861 149 965 588 900 680 131 289 903 80 100 999 47 945 579 558 976 342 814 512 582 511 318 134 702 811 445 207 521 312 918 287 753 115 798 217 130 250 922 627 25 319 793 121 515 966 167 595 120 129 421 214 440 852 399 185 917 285 498 31 817 636 26 931 460 980 885 55 858 792 723 101 909 218 982 658 486 397 459 529 
975 497 740 201 495 606 549 466 327 235 28 780 5 365 400 119 338 667 271 837 320 457 427 596 813 51 132 574 996 871 749 604 246 694 438 94 859 778 561 136 153 488 950 851 783 706 305 651 639 172 307 905 919 653 525 490 385 873 57 738 665 244 99 795 128 707 442 681 253 907 88 870 815 776 332 93 600 188 
953 407 823 492 572 163 592 888 715 437 146 509 419 373 10 569 215 15 186 0 2 328 196 429 113 345 577 301 882 663 54 913 742 84 272 482 860 504 840 575 704 463 619 117 628 923 74 788 49 216 291 19 37 350 50 641 993 920 377 472 42 268 79 763 265 772 928 395 756 841 921 329 174 374 713 597 631 168 990 969 106 544 984 
157 29 86 650 430 197 656 364 968 761 387 209 423 646 114 850 126 366 623 169 276 977 949 669 590 710 502 880 189 679 960 448 309 728 583 770 356 468 118 112 559 66 191 563 868 689 979 87 95 162 727 691 469 76 473 363 820 664 786 799 398 848 181 944 426 199 322 524 784 143 963 719 321 428 959 
443 867 587 552 992 476 391 824 348 40 43 624 893 777 825 797 255 16 731 519 203 474 44 929 827 392 889 821 543 571 554 483 660 962 72 826 310 897 700 550 842 228 908 32 415 270 409 794 741 279 540 125 787 195 369 281 697 874 816 754 471 517 612 13 994 451 89 696 833 269 614 531 
3 601 382 769 773 175 24 127 764 183 355 412 545 895 836 732 290 924 613 341 481 804 33 401 274 326 774 394 381 699 581 896 58 751 568 834 573 790 372 102 73 208 701 192 433 105 316 308 736 432 311 306 420 233 38 771 516 629 898 857 108 981 302 671 425 239 846 659 938 349 
872 536 36 862 53 140 726 435 161 526 676 685 456 936 535 109 378 943 805 652 649 643 206 878 351 709 4 405 314 493 760 210 45 7 260 766 690 988 506 450 190 166 170 375 616 352 262 61 116 686 598 96 205 264 648 951 353 267 779 877 81 379 475 987 869 
75 335 384 404 164 446 807 219 184 39 708 716 916 254 30 925 942 698 688 494 256 390 576 785 886 510 995 238 829 226 141 958 236 12 747 580 416 151 370 344 275 11 602 957 361 735 138 831 148 991 557 484 20 835 808 638 748 431 978 555 930 599 
257 537 340 553 865 104 211 293 68 135 354 546 830 496 939 358 566 564 90 288 485 396 280 796 380 971 818 69 657 56 278 27 642 755 111 782 1 252 955 914 705 436 179 843 152 737 234 82 926 299 333 626 961 411 757 677 673 654 730 541 866 668 532 620 243 103 
230 156 530 150 534 718 644 477 802 894 501 855 83 212 635 891 533 584 674 142 225 585 875 408 948 812 670 249 508 634 282 77 294 695 171 879 386 145 259 672 441 248 284 551 983 277 810 298 518 806 198 247 470 640 176 935 317 240 
137 722 890 863 261 417 266 759 489 625 809 729 330 263 14 187 967 973 768 193 139 675 297 458 765 746 424 611 439 622 173 229 864 22 562 52 717 70 586 884 682 213 251 286 633 296 389 940 237 367 678 822 703 393 91 621 819 359 444 
491 542 23 8 997 750 767 503 402 337 92 630 123 60 343 283 632 368 548 714 258 454 854 334 478 180 303 204 739 325 615 273 565 324 527 538 455 712 177 972 160 371 465 910 828 617 915 904 911 662 687 608 
6 223 507 941 67 222 906 242 133 97 932 418 414 733 883 300 406 452 21 346 734 461 182 194 487 63 200 71 556 593 952 744 711 122 178 331 17 693 937 413 609 245 480 513 453 221 64 684 388 165 998 
647 124 853 505 462 781 144 158 801 591 927 721 743 985 789 791 758 41 9 98 899 762 547 232 241 832 224 933 570 618 304 603 661 947 447 522 35 339 383 912 902 539 847 683 560 313 
