876 154 336 724 362 989 954 890 150 175 219 184 800 970 725 676 114 133 292 220 263 14 474 856 376 827 392 889 821 543 871 818 734 461 449 728 720 130 250 241 832 845 228 565 515 788 610 639 172 974 18 440 34 514 523 499 645 369 285 589 745 467 231 107 46 594 986 264 13 994 849 904 934 901 500 48 964 659 240 
838 78 403 655 861 149 965 588 466 680 131 289 903 80 100 999 716 496 809 558 976 342 814 512 582 511 318 134 702 811 445 207 521 312 918 287 753 962 72 826 310 897 627 25 319 372 102 567 706 595 520 110 527 421 214 331 957 682 213 262 609 817 471 940 885 55 617 792 723 101 909 218 982 658 486 397 459 529 
975 497 740 492 340 606 446 807 327 235 40 780 5 400 119 338 667 271 564 320 295 378 596 666 300 652 649 643 346 604 246 334 309 217 642 755 63 778 118 136 153 839 282 844 705 695 275 152 61 905 538 170 525 490 385 873 57 738 251 99 795 128 707 681 253 907 302 631 990 969 687 984 
953 407 823 572 163 592 888 715 997 750 509 242 916 729 330 932 15 186 0 2 328 196 429 113 345 577 301 574 996 454 41 875 709 159 504 751 575 704 463 224 933 634 744 49 216 291 19 37 350 50 641 195 920 377 472 42 268 420 763 265 772 928 395 756 841 921 329 806 374 713 597 866 833 776 332 93 600 357 313 
157 86 650 430 197 656 364 968 761 387 209 43 505 893 781 337 92 158 623 123 924 276 977 949 669 590 710 502 880 132 189 21 679 960 434 115 798 232 204 508 559 66 191 563 294 192 979 87 70 162 727 691 653 76 473 363 820 664 786 245 411 757 910 828 887 367 247 143 963 703 321 428 959 
443 867 587 552 992 476 391 824 900 39 708 419 373 10 579 630 410 605 59 457 427 929 973 768 803 422 9 98 581 238 314 670 568 922 236 842 952 908 966 167 270 409 794 741 279 540 125 736 259 311 917 937 79 697 31 754 983 636 26 931 857 808 638 451 388 815 91 614 147 444 
3 601 382 769 773 881 24 764 462 365 412 545 895 836 732 731 519 203 341 733 804 33 401 274 326 886 749 657 694 896 58 65 323 834 573 790 488 950 851 208 701 651 988 506 717 178 145 17 306 498 551 799 516 629 898 442 383 654 730 88 870 719 532 317 938 349 
536 36 862 53 140 261 726 853 266 777 355 144 254 30 892 936 535 414 44 805 789 791 758 854 878 351 448 4 405 94 249 210 45 7 260 914 690 120 528 450 386 852 787 375 616 352 447 116 816 277 980 673 353 267 902 269 846 987 869 
230 384 530 865 104 417 956 161 526 830 850 255 801 591 942 698 688 494 256 390 576 785 571 554 742 948 278 27 829 111 561 12 747 628 783 151 370 344 433 105 316 308 399 361 735 138 831 148 991 557 35 339 20 835 108 915 89 539 978 555 930 106 544 531 
257 537 491 542 553 549 211 293 68 135 354 546 202 939 358 290 343 109 943 288 485 396 280 796 380 971 155 85 408 899 272 547 180 424 770 356 468 1 252 955 22 32 775 171 879 737 234 82 926 299 333 522 598 96 944 677 648 360 981 784 541 696 935 620 243 103 
156 6 863 437 348 435 802 894 501 855 83 212 169 891 533 584 883 142 774 394 510 762 438 303 611 439 550 112 570 864 73 868 436 562 122 190 919 672 441 248 284 874 686 480 389 810 298 518 62 912 779 877 81 168 847 683 188 
137 722 227 534 718 644 477 423 759 47 945 126 366 215 418 187 967 368 548 193 139 381 699 765 746 583 859 958 622 173 229 923 74 711 618 11 602 884 432 693 281 665 244 286 633 296 517 612 174 678 822 668 379 621 819 359 
872 647 23 8 464 67 767 503 402 825 797 569 566 60 837 283 632 813 51 206 714 258 675 297 84 478 812 226 493 782 619 593 793 121 766 305 324 52 307 95 166 185 455 712 177 972 160 398 848 181 460 237 858 198 748 431 176 662 599 608 
75 335 495 223 507 941 127 183 222 906 637 685 97 456 925 90 481 674 406 452 882 585 69 483 660 995 182 194 487 840 200 700 739 117 77 946 689 179 843 304 586 993 607 479 413 233 38 771 371 465 205 426 951 221 64 684 578 911 393 165 998 
29 201 404 164 124 146 28 624 646 489 625 16 635 613 927 721 743 985 752 225 663 54 913 458 56 482 860 141 760 692 71 556 325 615 273 580 416 415 129 315 469 603 661 947 626 961 484 513 453 199 322 524 470 640 671 425 239 475 560 347 
