5774
877 155 337 725 363 990 955 228 176 220 185 801 971 726 638 11 127 293 221 893 411 838 614 415 857 377 828 549 194 644 455 42 735 462 450 160 505 612 779 833 846 571 283 516 845 947 776 611 521 111 529 451 422 316 35 515 362 491 646 370 480 590 746 468 232 108 47 595 829 888 361 63 850 905 867 935 902 501 49 965 660 241 
839 30 87 651 656 862 150 966 589 901 681 132 290 904 81 101 1000 115 851 580 559 977 343 815 513 60 512 319 135 703 812 446 275 140 676 382 754 116 799 218 195 488 771 898 701 740 594 230 122 967 168 50 217 563 53 528 215 62 906 539 196 186 683 214 263 32 755 246 412 637 27 932 461 886 56 859 793 724 102 910 219 983 659 621 244 609 
976 498 336 431 198 341 165 447 808 349 436 781 6 401 120 896 98 359 567 732 606 321 296 342 633 986 346 578 302 575 997 750 605 247 335 310 729 721 756 860 959 835 119 137 154 489 951 581 23 209 306 696 276 173 130 317 642 654 526 386 874 58 739 666 245 558 36 340 206 981 674 995 913 90 598 871 816 777 333 94 600 532 
79 824 493 573 164 593 889 716 25 41 69 136 355 420 374 946 810 730 331 61 565 110 197 430 974 769 208 226 664 55 914 743 85 273 483 861 227 841 576 693 623 174 748 629 566 78 869 345 292 20 38 351 51 692 18 921 378 473 43 269 421 334 610 818 472 941 922 330 368 982 303 632 169 394 92 970 688 985 
158 408 385 657 365 866 105 388 210 128 506 894 782 338 93 367 624 124 925 277 978 950 670 591 667 301 653 133 190 22 855 876 409 900 661 996 183 425 357 469 551 113 560 67 192 564 789 596 980 308 96 163 441 728 788 77 474 364 821 665 787 800 399 758 514 836 200 323 525 785 144 964 720 322 429 960 
873 202 553 993 477 392 825 236 957 765 778 356 826 798 255 31 926 1 458 428 930 711 369 890 650 544 572 156 86 99 949 963 73 315 671 569 705 237 843 953 909 33 416 271 410 434 742 280 541 126 524 604 918 938 80 698 875 817 278 899 454 175 916 432 82 270 615 104 
954 537 383 770 774 882 465 625 768 907 243 413 546 837 733 291 520 204 475 734 805 34 790 792 775 395 879 352 700 582 897 59 827 205 574 791 840 103 74 702 193 121 12 179 853 737 433 312 307 499 234 39 772 517 630 443 427 519 222 452 714 177 426 533 318 939 350 
444 404 37 863 54 141 262 727 854 162 527 677 502 134 570 457 937 536 91 482 806 753 453 883 347 449 548 233 142 250 211 46 8 261 784 152 691 180 123 191 167 171 376 617 353 448 117 687 599 97 518 613 952 354 268 780 878 834 991 240 847 988 870 
76 588 723 969 438 418 40 709 717 917 631 216 16 187 3 699 689 495 257 391 804 423 555 710 279 28 830 752 923 628 2 253 956 417 371 712 106 587 332 994 736 139 832 149 992 523 396 757 842 238 618 731 89 669 663 931 601 358 189 
741 538 648 554 550 212 762 44 510 547 831 856 84 213 264 892 583 329 944 289 486 397 281 797 381 972 819 70 459 57 181 304 112 464 620 118 274 75 295 690 172 844 153 738 235 83 282 764 266 100 796 129 708 945 678 649 655 542 697 704 936 487 398 460 530 
231 157 531 151 535 719 645 751 803 895 203 339 170 15 534 585 884 402 822 327 680 961 435 763 439 131 251 242 761 225 934 373 915 706 437 88 71 387 885 260 673 442 249 285 773 929 481 811 299 807 199 248 471 641 672 380 476 561 348 
138 602 496 891 864 467 328 942 68 760 48 497 17 933 344 928 722 597 814 52 207 715 259 872 288 658 766 747 406 95 494 783 509 635 924 767 652 989 507 718 19 920 694 927 300 252 287 634 297 390 858 254 908 679 823 979 622 820 360 
4 868 492 543 24 9 998 478 424 504 403 145 940 636 188 968 114 393 881 522 313 919 10 484 479 813 66 324 26 320 794 865 568 707 325 795 975 146 958 500 456 713 178 973 161 372 466 911 682 809 639 749 389 848 684 148 445 
258 7 224 508 294 184 223 647 686 256 668 272 419 284 379 675 143 759 586 511 5 584 64 201 562 13 229 745 640 619 305 309 470 608 286 414 552 984 849 182 987 265 14 65 685 579 912 166 999 
405 607 125 147 29 267 463 366 490 626 159 802 592 943 45 744 503 407 577 786 887 298 695 239 643 311 440 72 557 326 616 852 880 603 400 662 948 627 962 485 21 384 109 375 903 540 556 107 545 314 
