16740
877 155 337 725 363 990 955 228 882 465 957 801 971 726 638 686 127 293 221 893 411 606 204 475 857 377 828 393 890 650 544 872 42 735 462 450 160 721 131 251 242 833 846 840 865 568 845 947 776 611 521 111 529 975 19 316 35 515 524 500 646 370 480 590 746 468 232 108 47 595 987 888 361 63 850 905 867 935 902 501 49 965 358 314 
839 79 404 656 862 150 966 589 901 681 132 290 904 81 101 1000 115 946 580 559 977 343 815 513 583 512 319 135 703 812 446 208 522 313 919 288 754 116 799 218 827 311 898 628 26 326 8 122 516 967 168 596 563 53 123 422 215 62 309 470 186 683 214 263 610 246 412 637 27 932 461 981 886 56 859 793 724 102 910 219 983 659 487 398 460 530 
976 498 741 202 496 607 550 467 328 236 29 781 6 366 401 120 339 668 272 565 321 296 482 597 814 391 753 792 575 997 750 605 247 335 310 729 830 95 860 779 562 137 154 489 951 852 784 707 306 696 640 173 130 317 906 920 654 526 491 386 874 58 739 666 245 100 796 129 708 443 682 254 908 89 871 816 777 333 94 601 189 
954 408 824 493 573 164 593 889 716 438 147 751 510 420 374 11 256 730 331 61 16 187 1 3 329 197 430 114 346 578 302 883 664 55 914 743 85 273 483 861 505 752 576 705 464 72 118 629 229 566 78 789 50 217 292 20 38 351 51 642 994 921 378 473 43 269 421 764 266 523 396 757 842 922 330 175 375 714 598 632 169 991 970 107 545 985 
158 30 87 651 431 198 657 365 969 762 388 41 44 506 894 782 338 93 159 624 124 925 277 978 950 670 591 744 503 881 133 190 22 680 961 449 996 239 643 756 357 469 701 551 113 560 67 192 564 869 690 980 88 71 163 441 728 692 196 77 474 364 821 665 787 800 399 849 182 941 829 200 323 525 785 144 964 704 322 429 960 445 
444 868 588 553 993 477 392 825 349 210 68 778 356 826 798 367 31 926 60 458 428 930 711 369 52 804 572 156 86 409 900 661 963 73 315 671 569 923 237 843 953 909 33 416 271 410 795 742 280 541 126 788 18 604 918 938 80 698 875 817 755 472 518 613 14 995 452 90 697 834 270 615 148 
4 602 383 770 774 176 25 128 765 463 48 413 546 896 837 733 291 520 614 415 45 805 34 402 275 327 775 395 382 700 582 897 59 66 324 835 574 791 373 103 74 209 702 193 121 434 507 718 179 146 737 433 312 307 499 234 32 772 517 630 899 858 109 982 303 177 426 533 621 318 939 350 
873 537 37 863 54 141 727 436 162 527 677 145 570 457 937 536 110 379 944 806 653 822 644 676 879 352 710 5 406 142 761 211 46 261 283 767 691 989 451 191 167 171 376 617 353 448 117 687 599 97 206 265 649 952 354 268 780 878 82 380 476 988 870 
76 336 385 405 165 447 808 220 185 40 709 717 917 255 567 732 838 943 699 689 495 257 301 453 786 887 876 99 949 279 28 227 841 201 119 13 748 956 581 417 152 371 345 276 106 587 332 400 362 736 139 832 149 992 558 485 21 836 809 639 749 389 979 556 931 847 999 
258 538 531 554 866 105 212 294 69 136 355 547 831 203 940 359 216 344 91 289 486 397 281 797 381 972 819 70 658 57 548 181 425 771 112 783 2 253 924 75 295 437 180 844 153 738 235 83 927 300 334 39 818 340 945 678 674 655 731 542 912 394 848 240 244 104 
231 157 341 151 535 719 645 478 803 895 502 856 84 213 170 892 534 585 675 143 226 586 298 435 763 439 304 64 959 509 635 745 706 652 172 880 387 853 260 673 442 249 285 552 984 278 811 299 519 807 199 248 471 641 672 936 688 660 241 
138 723 891 864 262 418 267 760 490 626 810 17 264 15 188 968 207 549 194 140 555 459 766 747 584 612 440 623 174 230 23 712 619 12 603 885 694 282 252 287 634 758 514 238 368 679 823 720 92 622 820 360 
492 543 24 9 998 625 768 504 403 497 631 636 284 633 974 769 715 259 455 855 511 479 813 205 620 594 571 915 325 308 96 539 456 713 178 973 161 372 466 911 427 618 916 432 669 663 600 609 
7 224 508 942 184 223 907 243 134 98 933 419 342 734 884 667 407 577 423 347 484 183 195 488 494 693 740 320 794 528 958 608 286 414 773 929 481 390 454 222 65 685 579 166 532 
648 125 854 424 647 851 802 592 928 722 986 790 759 10 695 233 250 225 934 557 616 274 305 662 948 627 962 36 297 384 913 903 540 684 561 348 
