876 154 336 724 362 989 954 104 417 956 800 970 725 637 685 126 292 220 892 410 605 203 856 376 827 392 889 649 543 554 449 159 720 755 250 241 832 845 793 864 567 844 946 775 610 520 110 129 315 34 514 523 645 607 479 589 745 467 231 107 46 594 835 885 322 638 849 904 866 934 901 500 48 964 357 531 
838 78 403 655 861 149 965 588 900 680 131 289 903 80 100 999 114 850 579 558 976 342 814 512 511 318 134 702 811 445 207 521 571 155 85 753 115 798 217 642 310 897 627 25 325 260 515 966 167 595 562 52 122 421 214 61 331 957 185 682 213 262 609 245 411 636 26 931 460 677 55 858 792 723 101 909 218 982 658 486 397 459 529 
975 497 740 201 404 606 549 466 327 235 28 780 5 400 119 16 932 343 582 187 967 985 752 791 574 996 454 749 604 246 334 309 728 829 94 859 778 561 136 153 488 950 851 783 706 651 639 172 527 316 905 919 653 525 490 385 873 57 738 665 244 99 795 128 707 980 673 907 88 776 332 93 600 188 
953 407 823 492 572 163 592 888 715 184 750 509 419 373 10 945 809 729 330 60 15 186 0 2 328 196 429 113 345 577 301 882 663 54 913 742 84 272 482 860 504 751 575 704 463 224 933 372 908 32 705 979 87 70 350 50 641 993 920 377 472 42 268 420 251 522 395 756 841 921 329 174 374 713 597 631 165 544 984 
157 29 86 650 430 197 656 364 968 437 387 209 43 505 893 781 337 92 158 623 924 276 977 949 669 590 743 502 880 132 189 312 734 461 238 770 356 468 118 112 559 66 914 788 305 192 120 307 95 162 440 727 691 469 76 473 363 820 664 786 799 398 848 389 940 237 199 994 524 784 143 963 703 321 428 959 687 
443 867 587 552 992 476 391 824 348 40 39 777 355 825 797 366 30 271 564 320 457 427 929 710 368 51 803 394 422 408 899 660 962 72 314 670 568 236 842 952 102 415 270 409 171 741 279 37 602 884 432 603 917 937 79 697 874 816 754 471 517 810 13 353 451 89 696 833 269 614 147 444 
3 601 382 769 773 881 24 127 764 759 47 412 545 895 836 732 290 519 613 414 44 804 33 401 274 326 774 918 287 657 694 896 58 65 323 834 573 790 839 117 208 701 436 433 506 11 178 145 17 311 661 285 413 233 38 771 516 629 181 944 453 108 981 302 176 425 532 620 106 938 349 
872 536 36 53 140 211 435 161 526 676 496 801 936 535 109 943 288 206 548 821 643 679 960 448 4 405 141 958 210 45 7 565 766 690 988 450 190 166 170 375 616 352 447 116 686 598 96 205 264 648 951 267 779 877 81 168 239 475 987 869 
75 335 384 862 227 446 807 293 624 708 716 916 254 566 731 837 698 688 494 256 390 576 785 886 510 948 180 424 226 63 200 700 550 12 747 628 416 151 370 324 275 105 308 399 361 735 138 831 148 991 557 484 20 442 426 253 617 748 388 978 555 930 846 998 
257 537 340 553 865 175 219 853 68 135 354 546 830 202 338 97 358 456 925 59 927 721 596 813 396 280 796 380 971 818 69 458 56 278 27 130 611 493 760 1 252 955 191 294 695 179 843 152 540 125 787 195 82 926 299 333 286 633 296 612 654 730 541 911 393 847 243 103 
230 156 495 890 150 534 718 644 477 423 462 365 501 144 83 212 169 14 533 584 674 142 758 585 297 434 762 438 303 922 508 634 923 77 49 216 291 879 386 538 259 672 441 248 284 551 983 339 986 298 518 806 198 247 470 640 671 935 317 240 
137 647 863 261 726 464 802 894 855 939 123 263 891 295 283 378 883 652 193 139 675 381 699 765 746 583 111 782 622 173 229 282 22 689 794 717 18 586 736 499 369 947 31 817 277 898 828 887 221 678 822 719 990 969 659 347 
491 542 23 8 997 67 767 503 402 489 630 635 942 733 973 768 714 258 854 878 351 483 478 812 204 692 619 593 570 121 74 868 344 19 737 455 712 177 972 160 371 465 910 681 367 915 431 815 662 599 608 
6 223 507 941 761 183 222 906 242 133 569 215 418 474 341 632 485 666 300 406 452 21 346 875 709 995 182 194 487 840 439 739 319 228 744 711 618 304 852 234 693 281 763 265 772 928 480 857 808 64 684 578 870 668 379 621 819 359 
722 530 124 146 164 266 646 625 255 667 591 90 481 805 789 225 871 41 9 98 581 547 232 826 249 71 556 615 273 580 73 563 528 974 306 498 626 961 35 757 513 383 360 62 912 902 539 91 683 560 313 
