877 155 337 725 363 990 955 228 882 465 957 801 971 726 638 686 293 221 893 411 419 475 857 377 828 393 890 822 883 455 42 10 462 450 160 721 131 251 242 833 846 230 924 78 702 596 521 111 529 975 19 738 524 491 646 370 480 590 746 468 232 108 297 518 427 200 519 63 850 905 867 935 902 501 49 965 358 189
839 79 404 656 862 150 966 589 901 681 132 290 904 81 101 1000 831 851 580 559 977 343 815 513 583 512 319 135 703 812 446 208 522 313 919 288 754 116 799 218 195 488 771 357 469 628 26 326 616 274 283 967 168 50 563 53 123 422 215 62 309 470 186 683 938 414 234 627 396 758 461 981 886 56 859 793 724 102 871 816 659 487 398 460 530
976 498 741 202 341 866 467 328 236 128 781 6 782 203 256 17 264 892 614 928 722 597 667 301 407 133 190 22 676 382 700 582 73 315 112 562 137 154 794 865 915 789 306 193 121 434 106 317 906 920 654 526 386 874 58 739 764 266 100 796 129 708 443 682 254 908 89 910 777 333 240 847 660 241
954 408 824 493 164 593 889 716 438 147 29 510 420 374 11 127 730 331 61 16 187 1 3 342 430 114 346 578 226 664 55 914 743 85 279 861 205 705 464 72 557 840 852 845 706 217 292 308 96 163 51 642 18 921 378 473 43 269 421 252 523 984 757 842 922 330 809 375 714 598 169 991 970 107 545 985
158 30 87 651 431 198 657 365 969 762 388 210 44 625 768 894 403 338 93 159 624 124 925 277 950 670 591 744 503 881 544 572 555 484 661 996 183 425 756 64 324 693 509 560 67 74 564 869 690 980 844 305 441 728 692 994 474 364 821 665 787 800 372 466 514 829 175 525 785 144 964 704 322 429 960 688
444 868 588 553 993 477 392 825 349 41 40 778 356 826 798 255 31 937 536 321 296 45 633 974 769 577 423 156 70 658 963 505 860 779 237 843 953 909 33 416 325 507 451 351 35 515 433 604 662 80 285 552 817 755 472 27 613 14 995 452 90 912 270 615 148 445
4 602 383 770 774 176 220 185 765 760 48 413 546 339 668 170 15 329 482 805 34 402 275 327 775 395 86 99 695 897 59 66 959 835 574 791 373 103 23 209 295 652 989 528 71 387 853 788 77 456 442 249 698 32 772 517 630 932 858 109 982 303 632 426 533 318 939 350
873 537 37 863 54 141 447 727 854 162 527 677 115 946 940 457 926 60 458 944 884 653 650 644 347 710 5 406 95 250 211 46 8 261 767 691 611 180 12 167 171 376 617 353 448 117 687 599 97 206 265 649 952 354 268 780 878 669 380 476 988 870
258 405 607 550 808 25 478 709 717 856 98 359 216 565 943 699 689 495 257 391 804 855 879 511 766 747 28 830 841 201 119 13 748 489 951 417 152 371 345 276 173 130 587 332 958 362 736 139 832 149 992 558 485 390 836 323 639 749 389 556 931 601 609
76 648 554 105 212 294 69 136 355 547 401 134 570 567 732 606 204 91 289 486 397 281 797 302 575 997 680 352 459 57 239 643 494 761 2 253 118 784 707 437 795 153 191 235 83 927 300 334 610 818 47 595 678 674 655 731 542 697 177 848 244 104
231 157 573 492 543 151 535 719 645 751 803 895 502 145 84 213 636 978 534 585 197 814 52 207 715 259 872 876 409 949 439 671 569 898 620 594 571 122 75 947 712 172 880 541 126 737 260 312 307 499 39 634 849 182 899 811 299 807 199 248 471 641 672 936 621 684 314
138 723 891 864 262 418 267 647 490 626 810 367 733 291 520 188 968 675 143 381 972 819 735 900 763 548 181 304 752 923 623 174 229 745 696 640 619 603 885 694 282 666 245 287 246 412 637 941 238 222 679 823 834 394 92 622 820 360
336 385 7 24 9 998 68 506 504 497 631 272 838 428 930 711 369 549 453 786 887 750 605 247 335 479 813 227 142 576 701 551 113 956 581 568 271 20 316 146 673 713 178 973 161 399 278 987 888 368 916 432 720 663 600 532
531 224 508 942 184 223 907 243 917 802 933 344 415 284 379 806 753 792 759 961 449 310 729 584 612 440 740 320 629 192 776 410 742 280 38 400 608 286 263 773 929 481 911 945 454 618 65 685 579 82 219 983 166 999
538 496 165 125 436 424 463 366 120 896 837 592 110 734 986 790 194 140 586 298 435 273 483 233 827 311 783 225 934 635 566 516 88 718 179 539 196 500 918 214 948 875 962 36 340 21 384 361 913 903 540 979 94 561 348