5990
839 202 723 770 774 392 825 465 29 267 355 717 946 580 559 977 802 636 415 45 744 986 753 140 586 382 754 116 799 861 66 923 2 253 956 581 767 345 521 130 126 524 491 386 874 286 948 468 232 108 47 595 829 888 63 850 579 912 219 848 965 660 939 350 
444 404 656 492 543 969 508 436 781 504 403 826 798 367 216 520 950 670 591 711 369 890 822 544 872 914 459 766 747 28 643 752 576 693 740 594 230 852 845 371 690 742 280 38 351 146 737 186 456 480 300 334 610 818 472 518 922 678 649 109 375 714 598 867 834 394 92 970 688 360 870 
79 537 531 151 105 681 132 290 904 510 638 917 940 124 815 513 60 296 342 633 393 790 792 759 961 449 5 406 771 205 705 620 118 629 103 23 33 691 276 975 19 728 692 470 500 646 370 282 178 558 485 182 911 427 809 908 679 823 669 663 931 600 609 
138 493 648 165 438 418 957 801 81 101 1000 115 851 256 17 732 16 187 943 699 689 495 257 391 226 156 86 247 582 183 425 756 64 959 628 509 635 924 915 696 292 880 191 920 654 683 938 414 973 100 796 129 708 613 200 519 807 639 452 903 632 322 684 358 189 314 
954 157 363 341 477 882 25 971 760 11 896 837 733 291 606 1 3 188 968 675 143 381 972 819 605 462 273 483 233 612 469 119 137 154 840 745 152 50 217 111 529 451 316 35 958 260 473 43 58 739 285 552 984 758 514 811 299 222 749 389 816 777 333 94 601 148 530 
258 602 383 54 141 447 808 349 41 40 709 420 374 413 546 339 668 170 565 475 857 377 667 301 653 577 786 572 555 710 996 439 242 833 846 261 78 947 611 173 308 96 163 603 885 604 918 214 263 627 962 412 637 932 461 330 323 685 432 935 983 429 960 445 
76 824 725 990 955 891 593 125 147 478 162 527 48 856 84 343 926 204 284 379 486 814 52 207 715 259 455 855 876 743 85 160 59 95 860 779 562 113 571 865 568 295 271 640 619 12 179 51 515 235 673 442 249 698 875 817 372 466 443 682 254 199 248 471 641 704 169 991 166 545 985 
873 538 657 365 224 762 388 210 220 424 726 677 686 98 359 457 592 614 928 722 597 503 407 453 883 664 55 10 435 450 548 181 304 112 26 320 229 283 967 168 776 410 795 153 309 400 526 608 713 149 992 523 278 836 618 65 102 177 380 622 244 532 
976 498 336 588 553 993 554 866 467 328 236 128 506 894 547 831 497 810 213 893 411 419 329 197 430 114 812 446 208 522 313 919 288 700 763 239 830 227 142 250 211 46 8 417 416 596 563 53 123 215 62 906 539 171 378 307 448 117 687 599 97 206 454 175 268 780 697 82 240 847 999 
198 164 864 262 727 854 44 625 6 782 203 127 631 272 892 583 91 482 806 346 650 644 42 735 99 57 729 721 131 251 324 835 464 225 934 373 909 209 193 980 88 71 317 853 788 433 312 662 821 746 39 772 517 630 899 858 361 982 785 89 659 318 241 
877 155 337 862 150 228 535 719 294 69 136 778 356 338 93 255 31 264 15 110 944 289 884 402 275 327 887 750 409 335 279 584 494 761 237 13 748 489 192 869 121 434 106 387 642 18 921 694 927 80 666 245 287 634 297 987 265 14 995 913 90 540 672 270 615 104 
868 37 863 966 889 716 185 68 768 907 243 502 145 730 331 937 536 321 458 319 135 703 828 549 194 775 395 879 352 658 695 897 505 841 201 701 551 843 953 951 784 702 325 180 528 422 587 332 196 736 139 832 665 787 800 399 849 27 945 384 952 354 525 303 871 902 501 49 476 561 348 
231 741 405 24 9 998 751 803 895 134 293 221 925 277 978 534 585 397 281 797 804 423 676 298 900 479 813 827 311 440 72 557 326 616 274 566 516 564 707 437 989 507 718 441 83 269 421 252 161 396 757 842 981 674 655 731 724 144 964 979 936 487 820 
158 30 87 651 431 496 607 550 212 645 184 223 647 490 626 159 624 933 838 428 930 974 769 578 133 190 22 680 511 949 963 73 315 671 569 898 574 791 560 67 75 789 306 712 172 844 305 541 167 362 77 474 364 590 764 266 773 929 481 390 941 238 859 793 542 878 720 556 398 460 
4 408 385 573 7 589 176 901 942 765 463 366 401 120 570 567 61 344 512 734 805 34 881 302 575 997 347 70 484 661 310 218 195 488 357 783 623 174 794 122 74 706 652 20 738 994 376 617 353 499 234 32 755 246 36 340 21 886 56 368 916 905 910 426 533 621 107 988 
