876 154 336 724 362 989 954 227 881 464 956 800 970 725 637 685 292 220 892 410 418 474 856 376 827 392 889 821 882 454 41 9 461 449 159 720 130 250 241 832 845 229 923 77 701 595 520 110 528 974 18 737 523 490 645 369 479 589 745 467 231 107 296 517 426 199 518 62 849 904 866 934 901 500 48 964 357 188 
838 78 403 655 861 149 965 588 900 680 131 289 903 80 100 999 830 850 579 558 976 342 814 512 582 511 318 134 702 811 445 207 521 312 918 287 753 115 798 217 194 487 770 356 468 627 25 325 615 273 282 966 167 49 562 52 122 421 214 61 308 469 185 682 937 413 233 626 395 757 460 980 885 55 858 792 723 101 870 815 658 486 397 459 529 
975 497 740 201 340 865 466 327 235 127 780 5 781 202 255 16 263 891 613 927 721 596 666 300 406 132 189 21 675 381 699 581 72 314 111 561 136 153 793 864 914 788 305 192 120 433 105 316 905 919 653 525 385 873 57 738 763 265 99 795 128 707 442 681 253 907 88 909 776 332 239 846 659 240 
953 407 823 492 163 592 888 715 437 146 28 509 419 373 10 126 729 330 60 15 186 0 2 341 429 113 345 577 225 663 54 913 742 84 278 860 204 704 463 71 556 839 851 844 705 216 291 307 95 162 50 641 17 920 377 472 42 268 420 251 522 983 756 841 921 329 808 374 713 597 168 990 969 106 544 984 
157 29 86 650 430 197 656 364 968 761 387 209 43 624 767 893 402 337 92 158 623 123 924 276 949 669 590 743 502 880 543 571 554 483 660 995 182 424 755 63 323 692 508 559 66 73 563 868 689 979 843 304 440 727 691 993 473 363 820 664 786 799 371 465 513 828 174 524 784 143 963 703 321 428 959 687 
443 867 587 552 992 476 391 824 348 40 39 777 355 825 797 254 30 936 535 320 295 44 632 973 768 576 422 155 69 657 962 504 859 778 236 842 952 908 32 415 324 506 450 350 34 514 432 603 661 79 284 551 816 754 471 26 612 13 994 451 89 911 269 614 147 444 
3 601 382 769 773 175 219 184 764 759 47 412 545 338 667 169 14 328 481 804 33 401 274 326 774 394 85 98 694 896 58 65 958 834 573 790 372 102 22 208 294 651 988 527 70 386 852 787 76 455 441 248 697 31 771 516 629 931 857 108 981 302 631 425 532 317 938 349 
872 536 36 862 53 140 446 726 853 161 526 676 114 945 939 456 925 59 457 943 883 652 649 643 346 709 4 405 94 249 210 45 7 260 766 690 610 179 11 166 170 375 616 352 447 116 686 598 96 205 264 648 951 353 267 779 877 668 379 475 987 869 
257 404 606 549 807 24 477 708 716 855 97 358 215 564 942 698 688 494 256 390 803 854 878 510 765 746 27 829 840 200 118 12 747 488 950 416 151 370 344 275 172 129 586 331 957 361 735 138 831 148 991 557 484 389 835 322 638 748 388 555 930 600 608 
75 647 553 104 211 293 68 135 354 546 400 133 569 566 731 605 203 90 288 485 396 280 796 301 574 996 679 351 458 56 238 642 493 760 1 252 117 783 706 436 794 152 190 234 82 926 299 333 609 817 46 594 677 673 654 730 541 696 176 847 243 103 
230 156 572 491 542 150 534 718 644 750 802 894 501 144 83 212 635 977 533 584 196 813 51 206 714 258 871 875 408 948 438 670 568 897 619 593 570 121 74 946 711 171 879 540 125 736 259 311 306 498 38 633 848 181 898 810 298 806 198 247 470 640 671 935 620 683 313 
137 722 890 863 261 417 266 646 489 625 809 366 732 290 519 187 967 674 142 380 971 818 734 899 762 547 180 303 751 922 622 173 228 744 695 639 618 602 884 693 281 665 244 286 245 411 636 940 237 221 678 822 833 393 91 621 819 359 
335 384 6 23 8 997 67 505 503 496 630 271 837 427 929 710 368 548 452 785 886 749 604 246 334 478 812 226 141 575 700 550 112 955 580 567 270 19 315 145 672 712 177 972 160 398 277 986 887 367 915 431 719 662 599 531 
530 223 507 941 183 222 906 242 916 801 932 343 414 283 378 805 752 791 758 960 448 309 728 583 611 439 739 319 628 191 775 409 741 279 37 399 607 285 262 772 928 480 910 944 453 617 64 684 578 81 218 982 165 998 
537 495 164 124 435 423 462 365 119 895 836 591 109 733 985 789 193 139 585 297 434 272 482 232 826 310 782 224 933 634 565 515 87 717 178 538 195 499 917 213 947 874 961 35 339 20 383 360 912 902 539 978 93 560 347 
