254 202 327 233 394 358 349 499 37 32 69 74 290 411 124 138 70 175 117 405 7 328 268 144 410 470 406 341 137 363 304 29 498 484 205 49 115 312 89 153 224 339 35 385 182 325 125 190 76 38 390 206 165 447 22 
184 112 423 28 340 292 396 452 132 310 91 39 60 73 321 188 155 482 21 486 185 242 11 409 246 40 259 226 432 221 453 428 450 352 455 441 263 380 214 66 47 181 197 131 95 103 431 170 145 456 368 401 
286 258 451 17 97 169 152 395 419 109 335 497 228 130 384 77 387 14 397 212 156 311 323 436 320 231 434 374 119 303 301 489 136 93 143 82 471 219 194 479 430 257 422 3 4 269 18 357 266 100 348 439 
473 68 329 50 163 408 260 105 418 193 424 488 81 211 315 43 64 36 195 399 200 159 110 400 326 31 298 249 6 492 237 449 332 12 148 279 247 166 483 273 313 412 162 118 113 370 146 88 1 
264 283 203 79 101 218 485 490 319 288 277 180 134 457 398 46 150 27 121 414 90 448 337 33 495 421 222 481 255 239 8 72 62 189 67 404 244 265 465 444 248 353 362 5 111 415 272 267 425 174 469 48 204 
307 179 372 133 59 360 141 199 388 26 282 41 330 376 378 496 494 61 154 213 314 196 25 104 186 324 295 23 459 75 487 345 361 251 402 208 235 114 20 51 80 168 160 234 437 94 
142 476 63 317 297 462 334 477 493 386 491 344 127 34 359 293 262 461 227 15 464 192 278 13 42 240 426 243 229 201 379 191 245 407 377 333 364 123 300 230 392 285 454 308 460 177 393 99 294 
16 135 198 107 167 139 210 350 223 446 281 287 445 116 187 381 207 289 126 347 158 433 480 391 161 468 232 351 256 215 420 354 318 30 342 306 2 19 309 176 356 52 57 474 171 438 
276 84 241 164 53 120 299 87 369 252 291 371 416 216 475 24 86 56 417 147 225 172 316 413 346 151 343 261 71 355 403 45 280 270 78 427 9 472 108 443 274 440 322 106 238 284 383 338 55 
157 10 367 128 102 83 365 305 65 173 302 217 220 435 331 44 271 389 458 98 366 96 375 140 183 429 467 373 58 0 466 442 336 122 209 275 253 129 250 85 478 178 463 236 296 382 92 54 149 
