157 10 367 128 102 349 305 65 173 199 73 446 26 293 486 185 117 227 7 328 225 154 213 140 221 25 480 467 161 468 232 352 295 205 67 336 280 201 379 153 224 35 385 182 230 392 285 454 162 425 113 469 48 348 204 
184 112 423 28 340 292 53 260 105 132 310 91 39 60 321 188 155 482 46 130 24 56 399 200 159 421 311 323 436 239 8 343 455 441 215 237 487 407 47 181 333 364 131 114 309 273 170 52 54 165 401 1 
254 202 327 233 164 97 169 152 319 288 32 109 344 127 34 287 445 116 389 86 11 98 417 90 246 397 212 347 316 13 137 320 231 434 374 243 49 115 312 82 471 219 251 402 208 95 5 422 51 272 269 18 145 456 146 88 22 
473 68 179 79 17 163 408 120 299 37 395 302 335 497 124 41 27 121 414 409 289 61 33 156 314 196 413 363 304 391 428 298 249 6 492 270 449 332 12 148 279 247 111 415 176 267 370 106 177 368 94 
264 283 203 317 297 452 210 350 252 290 411 371 416 216 475 36 496 494 126 226 183 278 429 255 240 426 72 261 484 355 403 256 136 143 78 427 248 353 362 430 19 3 4 356 357 57 234 338 55 
307 329 50 133 167 490 418 223 180 134 81 282 138 271 384 242 330 405 448 40 410 470 158 433 481 453 104 186 324 62 23 459 404 244 89 345 361 30 194 479 235 257 103 431 80 168 92 266 313 294 
142 476 63 372 218 419 462 139 477 493 386 491 424 488 44 21 70 175 458 387 15 464 192 432 400 326 31 119 303 301 489 209 275 354 318 444 197 123 300 274 440 322 76 38 390 100 437 171 447 
16 135 198 394 358 485 499 193 69 74 291 457 211 315 262 77 207 14 96 375 406 222 346 151 498 351 45 263 380 214 66 377 9 342 306 166 325 125 296 382 174 393 99 439 
276 84 101 396 365 334 87 369 388 281 398 43 64 461 187 381 378 195 366 268 144 172 341 373 450 71 189 229 75 420 253 129 472 108 2 483 20 190 118 206 238 284 383 149 
286 258 451 241 107 83 59 360 141 277 217 220 435 331 359 228 150 376 147 337 259 495 110 42 29 58 0 466 442 122 93 191 245 265 465 339 250 85 478 443 178 463 236 412 308 460 160 474 438 
