184 112 202 367 317 297 452 499 37 109 344 497 124 262 389 7 328 225 154 159 432 222 42 304 373 450 352 295 205 67 122 312 209 89 407 47 181 35 385 182 2 463 236 412 170 145 57 393 146 447 22 
286 258 327 233 164 133 167 310 91 39 277 217 321 188 155 482 416 216 185 27 405 409 289 61 33 156 323 255 239 8 343 455 441 215 237 487 253 129 250 85 235 483 20 190 176 80 118 52 456 401 439 
157 10 451 101 396 97 169 152 395 288 32 223 291 282 445 130 384 242 330 376 246 397 212 347 421 311 341 436 320 231 426 72 298 249 6 492 136 93 82 471 219 402 342 306 166 325 19 3 4 269 18 106 238 284 383 338 94 
473 68 329 198 394 120 299 360 369 252 180 134 457 359 293 486 150 77 207 195 399 200 410 470 406 196 13 480 240 31 119 263 23 459 380 214 66 245 449 332 12 148 279 247 178 309 273 313 76 38 390 437 171 294 
16 135 79 17 163 358 485 490 418 141 199 74 290 411 371 41 24 381 14 96 375 221 25 453 151 498 303 301 489 244 143 265 465 339 197 123 300 422 51 272 356 174 469 48 99 1 
264 283 476 241 107 419 365 305 65 173 60 73 335 26 398 46 70 175 86 11 227 496 494 126 226 110 400 363 104 186 324 62 49 404 420 345 361 30 208 95 257 103 431 162 206 168 92 266 368 
254 179 128 102 462 139 477 493 386 69 446 127 34 287 228 116 117 121 414 387 15 464 213 140 158 429 137 467 161 374 243 484 355 45 336 280 201 379 191 377 9 353 362 478 5 114 285 454 322 357 113 234 204 
276 423 28 340 292 53 260 105 132 210 350 424 488 81 211 315 43 64 36 378 147 337 259 495 183 278 481 326 391 428 261 71 189 229 75 275 354 318 444 248 194 479 430 274 440 308 460 160 474 88 438 
142 84 50 83 59 319 302 491 388 281 138 271 461 187 56 98 366 268 144 172 433 413 346 434 468 232 351 403 256 270 78 427 251 472 108 443 230 392 125 296 382 177 100 348 149 
307 203 63 372 218 408 349 334 87 193 220 435 331 44 21 475 458 417 90 448 40 192 314 316 29 58 0 466 442 115 153 224 333 364 131 111 415 267 425 370 54 165 55 
