184 112 202 367 128 233 394 349 305 319 193 109 335 26 371 70 24 86 227 7 328 225 154 159 470 158 316 13 42 304 391 498 352 6 67 404 93 89 265 181 35 385 182 325 392 125 431 80 382 38 234 437 171 447 22 
276 423 28 340 292 408 218 260 105 132 310 91 39 277 217 321 188 155 127 486 416 216 116 389 381 207 409 289 61 33 213 140 406 341 413 373 450 71 355 403 45 280 201 379 407 47 30 197 131 178 309 236 412 170 145 456 368 401 1 
157 10 451 101 396 97 169 152 395 369 252 388 411 34 287 445 130 384 242 330 376 387 14 96 375 421 311 323 480 231 434 374 298 62 301 380 209 191 245 82 471 224 339 353 362 430 257 422 3 4 269 18 106 238 284 383 338 88 438 
473 68 329 50 163 358 120 299 65 288 141 223 446 290 482 211 43 175 458 378 448 40 259 495 432 221 25 346 151 343 249 205 49 489 244 143 449 332 12 148 279 247 230 415 273 322 52 176 92 54 165 204 
264 283 203 79 17 164 133 365 499 360 419 69 74 134 331 44 271 117 121 90 147 337 192 314 436 320 239 8 72 119 189 229 336 122 270 153 465 444 248 342 306 166 103 296 357 174 469 313 348 149 
254 179 198 476 485 490 418 350 60 180 497 228 73 41 27 77 417 496 494 126 347 110 400 363 104 186 324 303 455 492 263 237 487 345 361 251 402 208 95 274 440 206 168 160 48 294 
142 84 102 53 59 477 493 32 491 220 435 398 124 138 475 64 461 187 56 15 464 410 183 196 481 255 29 426 243 484 441 215 136 420 253 427 333 364 123 300 19 285 454 356 460 177 393 55 
16 135 241 107 167 139 173 302 291 457 359 293 315 262 11 414 195 246 397 212 226 433 429 453 428 58 232 351 256 75 275 354 318 9 472 108 443 114 111 162 425 370 57 474 
307 63 317 297 462 334 87 386 344 281 21 185 405 366 268 144 172 222 137 240 31 261 295 23 459 312 78 219 129 194 479 235 5 483 51 272 267 118 308 390 99 439 
286 258 327 372 83 452 210 37 199 424 488 81 282 46 150 36 98 399 200 156 278 326 467 468 161 0 466 442 115 214 66 377 250 85 478 2 463 20 190 76 113 266 100 146 94 
