184 112 202 476 233 163 358 349 152 395 260 419 109 446 26 138 262 24 27 381 378 417 15 464 159 432 183 196 25 255 29 498 189 229 263 78 47 181 35 385 430 103 431 80 118 113 390 437 171 447 
276 28 63 340 292 372 218 485 490 319 288 32 223 180 188 371 416 41 86 376 90 246 144 126 406 341 363 304 373 58 232 351 256 215 312 89 82 471 224 30 197 131 274 440 412 162 106 160 234 338 401 439 
157 10 367 128 102 97 334 87 37 199 388 281 445 486 185 330 98 14 40 154 226 421 278 436 231 434 468 455 441 489 136 93 143 354 318 333 364 123 300 230 415 269 18 145 238 54 165 55 
264 283 135 50 408 120 299 310 91 39 491 424 290 127 34 155 293 315 43 389 36 409 328 397 212 347 221 429 453 31 119 303 466 442 336 122 270 245 407 449 332 12 208 95 309 273 111 356 52 57 474 294 
307 203 198 394 167 79 365 360 193 335 411 73 44 271 384 242 77 195 399 375 448 259 213 314 316 13 480 467 161 450 249 6 492 244 214 153 465 444 248 353 362 182 2 19 51 272 170 382 456 313 348 149 
254 179 317 83 59 305 65 173 302 74 291 482 46 130 117 405 496 494 337 495 140 158 400 320 104 186 324 62 49 75 66 377 402 342 306 5 422 3 4 206 168 370 393 146 88 438 204 
16 258 451 17 297 105 132 477 493 386 69 488 457 359 228 70 175 11 227 147 225 61 192 311 323 326 391 428 261 71 205 67 0 379 191 253 129 250 85 235 257 125 267 425 177 100 99 
142 84 241 164 53 452 499 369 252 220 435 398 124 216 116 187 56 366 268 33 156 433 481 137 239 8 343 484 355 403 45 115 404 380 209 275 219 251 194 479 247 166 483 236 296 357 174 469 48 22 
473 68 329 101 396 462 139 210 350 60 344 497 282 21 475 64 461 458 207 7 96 410 470 110 413 346 151 374 298 352 295 23 459 237 487 265 427 9 472 108 443 114 392 285 190 176 308 460 92 266 368 94 
286 423 327 107 133 169 418 141 277 217 321 134 331 287 81 211 150 121 414 387 289 200 172 222 42 240 426 72 243 301 280 201 420 345 361 339 148 279 478 178 463 20 325 454 322 76 38 284 383 1 
