184 112 202 367 128 233 476 485 305 65 173 60 344 281 282 138 262 86 11 417 7 328 225 154 213 140 158 316 13 42 240 29 498 62 403 45 263 380 209 89 153 181 35 385 443 230 392 103 176 322 76 38 390 234 437 171 447 22 
286 423 28 340 292 408 218 59 132 310 91 39 277 217 321 188 155 482 416 216 475 64 461 187 381 207 409 289 61 259 159 470 406 341 480 239 450 71 6 492 75 420 407 47 224 30 197 131 178 309 273 412 170 145 456 368 401 1 
10 451 101 396 97 169 152 395 288 32 220 435 457 287 445 130 384 242 330 376 378 14 397 212 226 183 323 436 320 231 434 374 298 352 303 301 489 136 93 143 245 82 471 219 318 9 472 247 235 257 422 3 4 269 18 106 238 284 383 338 88 438 
473 68 329 50 163 349 105 418 350 223 424 488 73 127 81 211 315 43 389 36 98 195 399 200 156 432 221 25 255 467 161 31 249 256 441 23 244 214 78 332 12 148 279 2 325 415 190 118 52 54 165 94 
264 283 203 79 17 164 358 452 499 141 37 69 74 290 411 371 41 117 121 414 387 448 337 33 495 314 196 481 453 428 8 72 119 189 229 270 449 465 444 248 353 362 182 95 483 51 272 267 425 174 469 313 348 149 
254 179 142 198 394 102 299 87 193 109 335 497 124 185 27 405 496 494 126 347 110 400 104 186 324 455 355 459 215 404 66 345 361 251 402 208 479 430 19 431 162 206 168 160 48 55 
307 63 317 297 120 334 477 493 386 491 388 331 44 21 70 175 458 15 464 192 278 429 137 363 304 426 243 49 336 280 201 379 191 377 333 364 123 300 111 285 454 308 460 177 393 99 294 
16 135 241 107 419 462 139 210 369 252 180 134 359 293 228 271 24 77 246 40 410 433 413 326 391 468 232 351 295 237 487 253 129 194 306 166 463 236 296 357 57 474 204 
276 84 53 133 167 490 319 302 291 34 486 116 227 90 366 268 144 172 421 311 222 346 151 343 261 484 205 67 122 312 275 354 339 342 108 274 440 356 92 266 100 146 439 
157 258 327 372 83 365 360 260 199 446 26 398 46 150 56 147 96 375 373 58 0 466 442 115 265 427 250 85 478 5 114 20 125 80 382 113 370 
