18624
158 11 477 242 108 420 453 500 303 492 425 489 74 128 35 487 316 131 385 390 87 57 99 418 8 329 226 155 160 471 159 434 430 138 321 232 152 499 353 456 442 493 245 144 246 408 450 333 13 473 109 3 20 52 273 268 426 371 267 101 438 172 448 23 
265 284 204 80 18 298 366 311 92 40 278 218 322 189 156 483 417 217 476 65 462 188 382 415 91 449 41 260 496 422 184 197 401 364 305 392 429 262 72 190 230 238 488 355 319 445 249 334 365 124 301 115 310 274 357 461 178 235 147 89 2 
185 113 424 368 129 103 98 170 153 320 289 33 224 389 27 294 263 25 28 78 208 196 367 269 145 173 312 223 414 347 435 375 244 216 46 264 313 210 276 83 472 220 252 403 209 96 258 423 4 5 270 19 107 239 285 384 339 402 440 
143 85 373 219 409 121 300 38 396 370 253 181 135 82 212 44 243 12 228 16 465 193 141 407 26 256 240 451 250 206 50 490 137 94 90 378 149 280 248 6 104 432 81 119 53 58 394 95 
308 180 318 54 463 335 88 387 70 75 291 412 372 42 459 379 410 290 62 34 214 315 317 437 30 162 9 344 296 24 460 405 381 192 346 362 31 195 480 431 484 21 191 77 39 457 369 205 
255 203 328 234 165 134 168 140 478 494 110 345 399 125 139 186 331 377 388 247 398 213 157 433 279 482 454 105 187 325 304 302 281 202 380 266 466 340 36 386 183 112 416 177 309 314 161 49 349 439 
17 136 102 397 261 106 133 211 351 336 498 283 47 151 406 148 338 227 342 14 43 241 427 73 299 63 404 257 271 428 198 132 231 393 286 455 323 358 114 391 100 295 
287 259 452 51 164 359 486 491 419 194 292 458 360 229 272 118 497 495 127 348 222 481 468 469 233 352 68 337 123 421 254 130 343 307 167 326 126 297 383 175 470 56 
474 69 330 199 395 350 306 66 174 200 447 282 288 446 117 122 15 97 376 324 327 32 120 485 356 7 76 67 154 225 10 251 86 236 275 441 171 146 475 150 
277 29 64 341 293 84 60 361 142 61 221 436 332 45 22 71 176 37 400 201 411 111 374 59 1 467 443 116 215 79 48 182 354 363 479 444 179 464 237 413 163 207 169 93 55 166 
