307 179 142 198 394 120 299 310 91 39 277 344 398 124 138 70 175 86 11 207 409 246 397 212 226 406 323 436 231 426 72 298 249 205 49 93 143 78 427 251 353 362 430 19 3 4 269 18 106 238 206 393 146 94 
157 10 451 17 164 133 365 305 65 173 302 73 335 26 46 150 187 56 378 90 366 200 156 432 278 413 320 239 8 232 351 67 122 136 420 265 465 402 342 85 300 114 309 176 80 118 92 266 100 99 294 
264 283 476 317 218 97 169 418 141 199 74 290 281 287 445 185 117 227 496 494 126 421 183 196 255 467 161 468 243 215 45 336 280 201 379 449 332 12 208 95 483 273 454 322 357 177 234 338 88 22 
276 28 63 102 163 260 419 152 395 386 491 220 134 457 359 293 43 242 330 405 289 61 259 159 470 110 481 453 428 450 352 455 441 492 244 214 66 253 129 333 364 123 235 257 103 431 370 145 456 368 401 439 
16 135 203 79 101 396 462 334 87 193 69 291 482 416 216 116 458 414 14 96 192 314 25 346 434 374 119 303 301 489 237 245 82 471 219 35 385 182 306 111 20 125 296 382 113 390 48 348 1 
258 327 372 83 105 132 319 288 32 109 446 435 331 44 21 475 64 27 381 387 147 337 33 495 311 222 42 104 186 324 62 189 229 75 487 377 9 148 279 478 443 230 415 267 425 174 54 165 204 
254 202 340 53 297 167 139 210 369 217 321 188 155 127 34 486 315 41 24 77 417 15 464 448 410 158 316 13 480 151 343 261 71 6 263 89 407 47 224 30 194 479 247 166 274 440 356 168 57 383 447 
184 112 84 241 107 358 485 490 360 60 424 488 81 211 282 130 384 376 98 375 268 144 172 341 240 29 58 0 466 442 115 312 209 191 153 181 472 108 2 325 392 285 190 76 38 284 437 55 
286 423 367 128 233 408 349 499 37 350 252 180 497 228 271 389 36 195 399 40 213 140 433 429 137 363 304 373 31 295 23 459 404 380 275 354 318 444 248 250 5 422 51 272 412 308 460 160 474 171 438 
473 68 329 50 292 59 452 477 493 223 388 411 371 262 461 121 7 328 225 154 347 221 400 326 391 498 484 355 403 256 270 345 361 339 197 131 178 463 236 162 170 52 469 313 149 
