184 473 68 179 128 102 83 59 360 141 277 335 497 282 138 271 117 376 14 397 212 156 432 221 326 426 72 298 249 205 49 489 136 93 143 78 427 251 194 479 430 257 325 415 162 118 92 266 100 146 88 438 
286 258 327 233 164 133 167 105 132 210 350 60 217 321 188 155 482 46 70 175 458 98 417 90 448 337 192 110 480 240 31 119 455 441 215 270 153 224 30 197 131 178 463 236 412 170 145 456 368 
254 202 340 292 396 97 169 152 319 193 388 281 287 445 130 384 242 330 405 147 225 154 159 406 222 413 346 434 374 303 301 280 201 209 89 47 181 402 342 306 2 19 3 4 269 76 38 284 383 55 
276 28 329 50 163 260 310 91 223 424 488 73 127 34 486 315 185 27 121 414 399 200 410 470 158 433 453 104 186 324 62 403 256 244 275 407 449 332 12 148 279 247 166 274 440 322 357 113 390 393 99 439 
264 283 203 79 17 297 452 499 369 252 446 26 293 262 36 387 15 464 213 140 278 481 373 450 71 6 492 75 191 245 265 465 339 333 364 123 300 111 20 125 296 382 174 469 48 338 94 
142 84 101 476 365 334 87 199 74 290 411 371 416 41 461 187 378 496 494 126 226 421 311 323 436 320 231 151 498 352 295 23 459 404 380 214 66 253 129 208 95 483 273 431 80 18 106 238 54 165 447 22 
112 423 367 317 53 462 139 477 493 386 69 344 398 124 216 116 389 56 409 289 61 33 347 314 316 400 363 304 391 428 243 484 355 45 263 237 487 345 361 9 472 108 443 230 392 285 454 308 460 177 234 437 171 294 
157 10 451 241 107 419 120 299 37 395 288 32 109 291 457 359 228 150 77 195 366 96 375 183 196 25 137 467 161 468 232 351 67 336 122 420 354 318 444 248 353 362 478 5 114 309 176 356 52 57 348 204 
16 135 198 394 358 485 490 418 39 180 134 81 211 43 64 86 381 207 7 328 268 144 172 429 255 239 8 343 261 189 229 379 377 35 385 182 422 51 272 267 425 370 313 149 
307 63 372 218 408 349 305 65 173 302 491 220 435 331 44 21 475 24 11 227 246 40 259 495 341 13 42 29 58 0 466 442 115 312 82 471 219 250 85 235 103 190 206 168 160 474 401 1 
