184 112 28 327 233 394 358 485 419 65 141 60 424 134 331 282 138 262 24 86 381 417 7 328 225 154 159 314 316 13 42 240 29 498 484 355 6 75 89 153 224 30 194 306 2 19 103 296 382 38 390 437 171 447 22 
473 68 340 292 107 260 105 132 310 91 39 277 217 321 188 457 359 293 228 475 64 36 387 147 464 192 140 406 341 255 428 8 261 71 256 441 215 115 420 407 47 181 148 279 247 5 114 236 412 162 118 206 456 368 401 439 
157 10 423 372 218 97 169 152 395 288 252 446 290 155 497 445 130 384 330 376 409 246 397 212 226 421 311 323 453 104 186 119 455 189 67 201 379 191 82 471 219 129 333 479 430 422 3 51 269 18 106 238 284 383 338 88 
307 329 50 83 452 499 319 32 109 335 26 371 271 389 77 98 399 40 259 347 221 429 363 304 434 374 298 249 205 49 489 244 214 66 345 361 9 472 364 123 300 111 415 272 356 357 174 54 99 1 
16 135 203 79 17 163 408 120 299 87 37 199 388 281 486 116 27 121 414 448 337 213 158 481 320 231 426 72 62 229 93 354 248 353 235 274 440 267 425 177 234 348 294 
254 202 367 241 164 297 167 490 418 350 223 344 127 34 124 315 41 461 458 378 195 494 61 33 495 183 196 25 480 346 151 324 303 301 280 312 78 427 251 402 342 108 257 309 4 80 168 92 266 100 146 438 
142 476 63 317 396 462 139 210 193 491 488 482 416 216 287 150 11 207 14 15 126 375 222 436 31 243 403 45 122 270 245 449 332 12 208 362 182 230 392 285 454 176 308 460 160 48 149 
264 283 451 101 128 349 334 477 493 386 69 180 411 73 44 21 185 242 56 90 366 96 410 470 433 137 467 373 58 232 352 295 23 459 404 380 209 275 265 318 444 197 131 95 483 273 190 76 113 370 165 204 
276 84 53 133 59 305 173 302 74 291 81 211 43 187 405 496 268 144 172 432 278 413 239 450 343 351 442 336 492 136 143 377 35 385 166 325 125 322 52 57 469 474 94 
286 258 179 198 102 365 360 369 220 435 398 46 70 175 117 227 289 200 156 110 400 326 391 468 161 0 466 263 237 487 253 465 339 250 85 478 443 178 463 20 431 170 145 313 393 55 
