254 202 327 233 164 133 59 305 65 419 277 344 26 293 262 24 227 7 328 268 144 172 314 196 13 480 29 498 189 229 93 143 78 47 181 35 385 182 111 415 412 170 145 313 146 204 
286 423 203 317 83 365 310 91 39 60 217 321 134 331 44 21 475 64 461 187 381 378 417 90 147 337 192 432 183 25 453 428 8 343 62 403 256 122 487 153 224 248 342 306 2 325 125 176 80 168 92 266 368 401 1 
184 10 367 128 102 97 169 152 395 288 32 223 291 34 486 315 185 389 86 11 414 387 366 225 154 159 406 341 436 320 239 450 352 295 23 459 404 244 214 66 245 82 471 219 251 402 208 95 19 3 4 269 18 106 238 284 383 338 94 
473 68 329 50 163 120 299 173 302 424 488 73 127 81 211 43 405 98 195 246 397 213 221 481 346 151 324 455 441 215 270 449 332 12 148 279 478 5 114 309 273 322 357 113 390 48 
157 135 79 17 297 452 499 319 193 109 335 497 282 138 271 384 117 121 409 289 61 33 495 140 278 137 231 426 72 298 249 205 49 201 380 209 275 265 465 339 353 362 430 257 422 51 272 267 425 370 54 165 55 
112 28 63 340 292 53 485 490 418 37 199 446 281 287 445 116 242 330 376 496 494 126 226 470 110 413 363 104 186 119 303 301 489 136 89 345 361 30 197 131 178 103 431 162 118 206 160 234 348 149 
307 179 142 198 394 358 462 139 477 493 386 74 290 155 482 46 70 175 458 15 464 212 156 311 323 42 304 434 374 243 484 355 45 263 237 253 129 333 364 123 300 230 392 285 454 308 460 177 393 171 447 22 
16 258 451 101 396 349 360 141 491 220 435 398 124 41 36 448 40 259 347 421 222 400 326 391 161 468 232 351 67 336 280 379 191 407 377 194 479 247 166 274 440 356 52 57 474 88 438 
276 84 372 218 408 260 334 87 369 69 388 411 371 416 216 130 27 77 207 14 96 375 433 255 240 31 261 71 6 492 75 420 354 318 444 472 108 443 463 236 296 382 174 469 100 437 439 
264 283 476 241 107 167 105 132 210 350 252 180 188 457 359 228 150 56 399 200 410 158 316 429 467 373 58 0 466 442 115 312 427 9 250 85 235 483 20 190 76 38 456 99 294 
