276 84 101 297 167 490 418 350 60 424 488 81 211 150 27 77 387 15 464 159 470 406 323 480 391 450 71 355 6 237 487 265 465 444 333 364 131 178 463 236 412 308 460 177 383 149 
264 283 203 79 17 164 133 365 499 477 493 252 321 134 331 359 46 130 384 242 56 147 337 259 156 311 222 413 346 151 498 303 62 301 244 253 427 9 208 95 2 483 273 454 322 76 113 54 99 1 
157 258 327 372 83 59 360 386 217 220 188 457 287 228 475 24 11 227 496 494 126 221 429 363 104 186 324 455 441 492 379 191 471 377 251 194 479 247 166 325 392 103 296 106 238 393 171 438 
473 68 329 50 163 485 299 37 395 369 446 290 155 127 34 445 116 330 405 90 289 61 33 213 278 255 240 426 72 298 249 256 49 404 93 78 219 318 35 472 108 114 285 190 382 38 390 100 338 94 313 
286 423 28 340 292 396 260 105 87 223 74 291 482 21 70 175 187 378 14 96 212 226 110 481 137 467 373 58 0 466 442 336 280 201 380 214 66 345 361 30 148 279 478 443 19 440 370 357 174 469 474 88 22 
254 10 451 53 97 169 152 319 288 32 109 435 398 124 315 41 117 376 98 417 375 268 144 172 140 158 433 42 304 29 161 468 232 351 403 489 136 209 275 354 339 353 362 5 257 422 3 51 272 267 425 206 160 234 146 204 
307 179 198 394 349 305 65 141 199 388 411 371 416 216 486 185 389 36 7 328 225 154 347 421 183 13 320 239 119 484 189 229 75 143 245 407 449 332 12 250 85 235 430 309 4 269 18 145 57 48 348 294 
184 112 202 367 128 233 408 102 462 139 210 193 69 180 26 293 262 121 399 200 410 314 196 25 453 428 8 343 261 263 23 459 270 153 224 248 385 182 274 125 80 118 92 266 437 447 
142 476 63 317 218 419 452 132 310 91 39 277 335 281 282 138 271 86 381 414 409 246 397 448 495 432 341 436 231 434 374 243 215 45 115 420 82 129 402 342 306 230 415 176 356 168 456 368 401 439 
16 135 241 107 358 120 334 173 302 491 344 497 73 44 43 64 461 458 207 195 366 40 192 316 400 326 31 352 295 205 67 122 312 89 47 181 197 123 300 111 20 431 162 170 52 284 165 55 
