184 112 202 327 233 133 452 499 319 32 223 73 335 26 282 21 475 461 381 98 417 7 328 225 154 159 470 158 316 13 42 304 29 498 352 295 205 67 336 122 312 209 89 153 181 35 385 182 230 392 103 322 357 113 390 238 437 171 447 22 
286 28 63 340 292 408 394 485 490 310 91 39 277 217 321 188 155 497 138 216 116 86 56 378 496 494 61 33 213 406 341 480 239 450 343 455 441 492 75 420 407 47 224 30 197 131 178 309 273 412 162 170 145 57 393 146 55 
254 10 367 101 396 97 169 152 395 369 252 388 281 287 445 130 384 242 330 376 387 14 96 212 421 323 436 320 231 434 374 298 62 403 45 215 93 143 245 82 471 219 427 402 342 235 114 3 4 269 18 106 160 474 88 438 
473 68 329 50 163 358 120 299 360 37 199 424 488 81 211 315 43 64 36 195 399 200 226 432 278 255 240 31 249 256 49 489 244 214 66 449 12 148 279 247 166 325 415 176 356 52 284 383 338 94 
157 135 79 17 297 167 305 65 288 69 74 290 411 371 416 41 389 458 414 90 147 337 259 495 314 196 481 453 428 8 72 71 189 229 270 191 265 465 444 248 353 362 2 483 51 272 267 425 174 469 313 348 149 
276 423 142 476 198 107 59 418 141 60 446 127 34 124 262 27 77 207 15 126 347 110 400 363 104 186 324 303 466 263 237 487 345 361 251 208 95 257 422 440 206 168 92 54 165 401 1 
16 283 203 317 53 260 105 132 477 493 386 491 344 398 46 70 175 121 289 172 375 221 429 137 391 161 468 243 301 280 201 380 78 332 318 333 364 123 300 306 111 285 454 308 460 266 100 99 439 
264 84 241 164 419 462 139 173 302 180 134 457 359 293 486 150 187 405 246 40 192 140 433 413 326 426 232 351 442 115 404 275 354 339 194 479 430 19 236 296 382 177 234 294 
307 179 372 218 349 210 350 109 291 482 228 185 117 227 366 268 144 464 410 183 25 346 151 119 261 484 355 6 136 253 129 472 108 443 274 125 190 76 38 456 368 204 
258 451 128 102 83 365 334 87 193 220 435 331 44 271 24 11 409 397 448 156 311 222 467 373 58 0 23 459 379 377 9 250 85 478 5 463 20 431 80 118 370 48 
