184 112 202 367 128 233 394 349 305 65 288 32 223 73 335 26 398 138 262 24 86 56 378 417 7 328 225 154 159 470 158 316 13 42 304 29 498 352 295 205 67 122 312 209 89 265 181 35 385 182 230 392 103 176 322 357 113 390 234 437 171 294 
286 423 28 340 53 408 260 105 132 310 91 39 277 217 321 134 371 416 216 475 64 461 187 381 207 289 126 375 341 413 239 450 455 441 492 75 275 407 47 224 30 197 131 178 309 236 412 162 170 145 456 368 401 1 
157 10 451 101 396 97 169 152 395 369 252 388 411 445 130 384 242 330 376 387 14 96 212 347 421 311 323 436 320 231 434 374 298 249 49 263 93 143 245 82 471 219 251 194 479 235 257 422 3 4 269 18 106 238 284 383 338 88 438 
473 68 329 50 163 358 120 299 477 493 60 424 488 81 211 315 43 389 36 98 195 366 397 448 213 432 221 25 326 31 119 303 301 489 244 214 66 449 332 12 148 279 247 111 415 356 52 54 165 94 
135 203 79 17 164 133 167 499 319 193 69 74 290 127 34 155 44 271 117 121 414 90 147 337 259 226 406 196 481 453 428 8 72 71 189 229 270 191 153 465 444 248 353 362 2 19 51 272 267 425 174 469 48 149 
307 63 198 102 485 490 418 350 446 497 124 41 27 77 496 494 61 33 495 110 400 363 104 186 324 62 23 459 404 380 487 345 361 402 208 95 274 440 206 168 160 474 55 
264 283 476 317 218 59 360 141 109 344 281 287 228 70 175 458 15 464 192 314 429 137 240 426 243 215 45 336 280 201 379 253 129 333 364 123 300 114 285 454 308 460 177 100 99 22 
254 179 142 241 107 419 462 139 210 386 180 188 457 359 293 116 11 227 246 40 410 433 480 391 161 468 232 351 403 256 237 354 318 9 342 306 166 483 273 313 296 382 38 348 204 
276 84 292 297 365 334 173 302 491 291 482 21 486 185 405 409 268 144 172 140 183 278 346 151 343 261 484 355 6 136 78 427 339 472 108 443 325 125 431 80 118 92 266 146 439 
16 258 327 372 83 452 87 37 199 220 435 331 282 46 150 399 200 156 222 255 467 373 58 0 466 442 115 420 377 250 85 478 430 5 463 20 190 76 370 57 393 447 
