45414184
276 28 63 340 292 83 59 132 210 350 223 335 411 371 416 216 130 384 242 330 376 496 494 126 226 406 433 436 239 8 428 455 441 215 270 191 427 251 333 364 131 114 309 296 382 113 390 234 99 294 
307 179 317 396 97 169 152 395 199 180 134 81 211 43 64 27 77 246 40 192 314 196 25 453 151 498 351 67 336 122 66 253 129 35 385 182 2 19 3 4 308 313 160 48 439 
142 84 372 218 419 120 299 360 193 291 457 359 228 475 389 381 414 195 399 200 410 470 221 481 255 467 161 374 298 249 205 49 489 237 487 354 318 9 342 306 166 483 273 454 356 460 177 393 146 55 
16 135 79 17 297 452 499 37 32 109 344 281 287 445 116 86 11 207 90 448 337 259 213 400 320 231 31 261 71 6 492 75 420 82 471 219 444 248 353 362 478 178 463 236 412 162 425 370 54 348 149 
264 283 203 50 163 358 349 305 65 173 302 491 424 488 73 127 34 486 271 461 187 56 378 417 14 96 375 341 326 391 468 243 484 355 45 263 379 407 377 402 208 95 257 422 51 272 269 76 38 456 368 204 
112 423 367 128 233 408 462 139 477 493 386 69 220 435 398 124 315 41 24 121 409 289 61 33 156 432 316 413 346 434 450 343 303 301 280 201 380 209 89 345 361 148 279 247 5 103 431 170 145 469 474 88 438 
286 258 451 241 164 53 485 334 87 369 252 446 497 282 138 262 458 366 397 212 347 421 183 278 13 480 240 426 72 232 352 295 23 459 404 153 224 30 197 123 300 111 415 176 267 18 106 238 284 165 94 
184 473 68 329 101 102 260 105 319 288 388 26 293 150 36 387 15 464 495 140 158 323 137 363 304 104 186 119 189 229 136 93 143 245 265 465 339 194 479 430 274 440 322 357 174 171 447 22 
157 10 476 198 394 167 490 418 141 60 217 321 188 331 44 21 185 227 147 225 154 159 311 222 429 373 58 0 466 442 115 312 275 449 332 12 250 85 235 325 20 125 80 118 52 57 383 338 
