184 112 202 367 128 394 349 499 319 32 223 73 446 290 411 371 262 24 86 56 378 417 7 328 225 154 213 470 158 316 13 42 304 391 498 352 295 205 67 122 312 209 89 265 181 35 385 182 230 392 103 431 80 382 113 390 48 171 447 22 
286 423 28 340 317 53 260 105 132 310 91 39 277 217 321 188 155 44 216 475 64 461 187 381 207 409 289 61 33 495 140 406 341 326 239 450 343 62 23 459 75 420 407 47 224 30 197 131 178 309 236 412 170 145 456 368 401 1 
157 10 451 17 396 97 169 152 395 477 199 344 127 34 287 445 130 242 330 376 14 397 212 347 421 311 222 436 320 231 151 324 303 301 489 244 143 245 354 339 333 5 235 114 3 4 269 18 106 238 284 383 338 88 438 
473 68 329 50 163 102 120 418 141 60 424 488 81 211 315 43 389 36 98 195 399 200 159 432 323 255 467 31 249 256 49 404 214 66 449 332 12 148 279 247 166 325 415 176 356 52 54 165 94 
264 283 203 233 164 133 167 79 365 305 65 288 37 69 74 134 457 398 138 271 384 117 121 414 90 147 96 375 314 196 481 453 428 8 261 71 189 229 270 153 465 444 248 353 362 478 443 422 51 272 267 425 174 469 100 348 149 
254 179 142 198 408 218 485 299 87 193 109 335 497 124 41 27 77 496 494 126 226 110 400 363 104 186 119 484 355 6 237 487 345 361 251 402 208 95 257 19 440 322 370 160 234 146 55 
307 63 101 476 59 490 493 386 388 26 46 70 175 458 387 15 464 192 183 278 429 137 240 426 72 243 215 45 336 280 136 275 253 129 472 364 123 300 111 285 454 162 118 308 460 99 294 
16 135 241 107 358 462 139 210 350 252 180 331 359 293 486 116 11 246 40 410 25 480 29 58 232 351 403 201 380 191 82 471 219 318 194 479 306 2 483 273 313 296 357 177 57 474 
276 84 292 297 419 334 173 302 491 291 482 416 228 185 405 366 268 144 172 433 413 346 434 374 298 455 441 492 263 93 78 427 9 342 108 274 125 206 168 92 266 437 439 
258 327 372 83 452 360 369 220 435 281 282 21 150 227 448 337 259 156 221 373 468 161 0 466 442 115 379 377 250 85 430 463 20 190 76 38 393 204 
