184 112 202 367 128 102 349 319 288 32 223 335 411 371 262 24 86 56 378 417 7 328 225 154 159 470 158 316 13 42 304 391 498 352 295 205 67 122 312 209 89 153 181 35 385 182 230 392 103 431 80 168 160 234 437 171 447 22 
286 423 28 340 292 53 59 132 310 91 39 277 217 321 188 155 127 486 416 216 475 64 461 381 207 409 289 61 33 213 140 406 341 413 326 467 374 298 455 441 492 75 420 407 47 224 30 197 131 178 309 236 412 170 145 456 368 401 1 
254 10 451 101 396 97 169 152 395 369 252 388 281 287 445 130 384 242 330 376 14 96 212 347 421 311 323 436 320 231 151 324 62 49 136 93 143 245 82 471 219 333 5 235 114 3 4 269 18 106 238 284 383 338 88 438 
473 68 329 50 163 358 120 299 360 37 60 424 488 73 81 44 21 185 389 36 98 366 397 448 495 432 221 255 239 450 249 301 489 244 214 66 449 332 12 148 279 247 166 325 415 176 356 52 54 165 204 
264 283 203 79 17 164 133 452 499 141 69 74 290 282 124 116 187 387 147 337 259 226 314 196 481 453 428 8 72 71 189 229 270 354 318 444 248 353 362 478 443 422 51 272 267 425 370 57 48 348 149 
307 179 198 394 485 490 418 350 109 446 497 211 315 41 27 77 227 90 496 494 126 110 400 363 104 186 119 303 6 237 487 345 361 251 402 208 95 257 19 440 322 76 38 206 100 146 55 
142 476 63 317 297 139 477 493 386 491 344 26 46 70 175 458 15 464 192 183 278 137 240 31 243 484 355 45 336 280 201 379 377 9 472 364 123 300 111 285 454 308 460 177 393 99 294 
16 135 241 107 419 462 210 260 199 180 134 34 359 293 43 11 414 195 246 40 410 433 480 29 58 232 351 403 256 215 380 275 265 465 339 194 479 306 2 483 273 313 296 357 174 469 474 94 
276 84 233 408 218 167 105 305 65 173 302 291 457 398 138 271 117 405 375 268 144 172 222 429 346 434 426 343 261 263 23 459 404 78 427 342 108 274 125 162 382 92 266 439 
157 258 327 372 83 365 334 87 193 220 435 331 482 228 150 121 399 200 156 25 373 468 161 0 466 442 115 191 253 129 250 85 430 463 20 190 118 113 390 
