184 112 202 367 128 233 394 349 305 65 288 32 109 344 26 282 21 262 24 86 56 378 417 7 328 225 154 159 470 158 316 13 42 304 29 498 352 295 205 67 336 122 209 89 153 224 339 35 385 182 230 392 103 176 322 76 38 390 234 437 171 447 22 
286 423 28 340 292 396 260 105 132 310 91 39 277 217 321 188 155 127 34 416 216 475 64 461 187 381 207 409 289 61 33 495 140 406 341 480 239 450 455 441 215 404 420 407 47 181 197 131 178 309 236 412 162 118 52 456 368 401 1 
157 10 451 101 476 97 169 152 395 369 252 388 281 287 445 130 384 242 330 376 387 14 397 212 226 421 311 323 436 320 231 151 324 303 301 280 136 93 143 82 471 219 444 333 364 123 300 114 3 4 269 18 106 238 284 383 338 88 438 
473 68 329 50 163 358 120 299 360 141 491 424 488 81 211 315 43 458 98 195 399 200 156 432 221 25 137 467 161 374 298 249 256 49 489 244 214 66 449 332 12 148 279 247 166 325 415 308 460 206 313 94 
264 283 203 79 17 164 133 167 499 319 193 69 74 290 411 371 41 117 121 414 90 448 337 259 213 314 196 481 453 428 8 72 71 189 229 270 191 245 265 465 248 194 479 430 257 422 51 272 267 425 174 469 48 348 149 
254 179 142 198 102 485 490 418 350 223 73 446 497 228 271 27 77 496 494 126 347 110 400 363 104 186 119 6 492 75 487 345 361 251 402 208 362 2 19 440 80 168 160 370 146 55 
307 63 317 83 59 477 493 386 335 398 124 138 70 175 11 227 15 464 192 183 278 429 255 240 426 243 484 355 403 201 379 253 129 250 85 235 111 285 454 356 357 177 393 99 439 
16 135 241 107 419 462 139 210 199 180 134 457 359 293 486 185 36 246 40 410 433 413 326 391 434 468 232 351 45 263 380 275 354 318 353 306 95 483 273 431 170 145 57 474 204 
276 84 53 297 365 334 173 302 220 435 331 44 116 389 405 366 268 144 172 222 346 31 261 343 62 23 459 237 78 427 9 472 108 443 274 125 296 92 266 100 294 
258 327 372 218 408 452 87 37 60 291 482 46 150 147 96 375 373 58 0 466 442 115 312 377 30 342 478 5 463 20 190 382 113 54 165 
