19421
158 11 368 129 103 350 500 38 61 336 399 125 316 42 25 28 122 415 91 148 338 260 227 433 434 437 374 451 344 485 356 7 76 488 266 466 340 251 86 236 112 416 191 77 39 285 384 448 
287 29 64 341 293 84 453 133 211 351 224 75 291 412 372 417 217 476 65 462 188 57 99 449 41 193 141 407 223 430 347 32 120 456 442 493 94 254 130 354 363 479 179 464 237 413 171 53 457 369 402 2 
255 203 328 234 165 134 168 170 153 396 289 33 110 292 458 360 229 71 176 118 406 247 398 213 157 315 317 414 468 162 375 299 63 404 46 264 238 192 246 83 472 220 445 198 124 301 423 52 273 270 19 146 470 475 89 439 
143 85 373 219 409 60 306 66 174 303 425 489 74 128 35 487 186 87 12 208 196 400 201 160 222 26 256 240 9 73 250 206 68 337 123 144 79 428 249 334 365 132 115 21 126 81 169 93 267 101 438 56 
265 284 477 199 395 359 486 311 92 40 70 181 135 82 212 44 228 16 465 411 471 159 401 327 392 429 262 72 190 230 202 380 154 225 31 195 480 431 258 104 432 163 119 114 391 147 205 
277 424 204 102 397 98 491 419 142 200 389 27 294 272 385 390 459 418 497 495 127 348 312 324 454 105 187 325 304 50 490 381 210 276 355 319 10 343 307 167 275 441 268 426 371 207 239 339 95 
308 180 318 54 121 300 361 370 253 447 282 288 446 117 243 78 8 329 226 155 214 422 184 197 43 241 427 244 302 281 137 421 346 362 149 280 248 6 326 20 4 5 309 461 161 49 172 295 
113 136 80 18 298 366 335 88 278 218 221 436 332 45 22 151 382 379 410 290 62 34 496 279 482 138 364 305 152 499 353 296 24 460 405 245 215 67 378 252 403 209 96 231 393 286 455 357 358 58 235 349 150 
17 259 452 242 108 261 106 320 194 345 498 283 139 263 331 377 388 367 269 145 173 111 321 232 435 469 233 352 257 216 271 408 48 182 36 386 183 3 310 177 323 107 178 394 100 23 
185 474 69 330 51 164 420 463 140 478 494 387 492 322 189 156 483 47 131 37 15 97 376 342 14 481 30 59 1 467 443 116 313 90 450 333 13 473 109 444 484 274 314 297 383 175 55 166 440 
