184 112 202 367 63 317 396 349 360 288 32 491 344 281 445 287 41 24 86 11 414 15 154 159 316 42 240 31 249 256 441 215 115 312 209 89 354 339 472 123 300 230 392 103 162 425 238 284 437 171 22 
286 423 28 340 292 101 167 105 132 310 91 39 277 217 321 188 155 127 138 475 64 461 187 381 207 409 289 200 156 406 222 400 239 450 468 62 23 459 75 420 407 47 224 30 194 479 247 5 309 111 176 170 145 456 368 401 1 
10 451 128 97 169 152 395 369 252 180 331 482 228 271 384 242 330 376 387 246 464 226 421 311 341 436 320 231 434 374 298 303 301 489 136 93 449 332 181 35 385 182 95 422 3 4 269 18 106 177 383 338 88 438 
16 258 327 233 163 358 120 299 65 141 199 220 435 398 124 315 262 389 458 98 195 366 225 172 221 25 480 467 373 58 232 352 295 205 67 404 66 345 12 148 279 2 483 415 273 356 52 54 165 94 
254 203 79 17 164 83 365 334 87 193 69 446 497 73 44 216 116 117 121 417 90 448 337 33 213 432 183 196 481 453 428 8 72 119 189 229 336 122 270 191 265 465 251 402 208 235 19 51 272 267 370 357 174 469 48 447 
307 142 476 198 394 102 462 418 350 223 335 26 46 130 27 77 496 494 126 470 110 13 326 391 161 324 455 49 237 487 377 353 362 430 257 20 325 454 322 76 160 234 146 55 
157 283 329 53 133 59 452 477 493 386 424 290 134 81 282 21 70 175 56 378 14 397 212 192 140 158 323 137 363 104 186 243 484 355 442 45 280 244 143 153 361 248 333 364 306 166 274 125 296 382 38 206 348 149 
135 241 107 260 139 210 37 109 488 457 359 293 486 185 36 399 40 410 433 413 304 29 498 351 403 201 380 275 82 471 219 318 444 197 131 114 236 412 308 460 113 390 474 204 
276 264 84 50 297 419 305 173 302 74 291 34 211 43 405 7 328 268 144 61 259 347 314 346 151 343 261 71 6 492 214 78 427 9 342 108 313 440 190 118 92 266 100 99 439 
473 68 179 372 218 408 485 490 499 319 60 388 411 371 416 150 227 147 96 375 495 278 429 255 426 0 466 263 379 245 253 129 250 85 478 443 178 463 285 431 80 168 57 393 294 
