157 10 367 128 102 349 499 319 193 424 488 81 211 315 43 64 461 187 381 378 417 7 328 225 154 213 140 406 341 42 304 29 498 352 295 23 459 404 153 224 30 197 131 230 392 103 176 322 76 38 284 383 149 
286 423 203 79 17 163 260 105 132 310 91 39 277 217 321 188 155 486 416 216 116 56 409 289 144 172 183 323 436 320 239 8 72 455 441 492 75 420 47 181 402 342 306 166 274 440 170 145 456 368 401 1 
254 202 327 233 164 133 167 169 152 395 288 32 223 73 388 26 293 271 242 330 376 98 14 397 212 347 421 311 222 13 137 363 104 186 324 303 301 280 136 93 143 245 82 471 219 444 208 95 19 3 4 269 18 174 469 100 348 438 
473 68 329 50 419 120 299 87 369 252 446 127 34 287 445 130 384 77 387 399 200 159 432 278 255 467 161 374 298 249 205 67 336 122 270 449 332 12 148 279 247 5 325 415 190 118 52 57 48 94 
264 283 476 317 297 365 305 65 141 60 74 290 411 371 41 24 86 11 207 90 448 337 259 156 314 196 481 453 428 450 62 49 489 380 209 89 354 318 248 353 362 430 257 422 51 272 267 425 370 266 338 88 22 
307 179 142 198 394 358 485 490 418 109 335 497 282 138 262 458 496 494 61 33 495 110 400 240 31 119 484 355 6 237 487 345 361 35 385 182 2 483 20 431 80 168 92 474 55 
276 28 63 340 292 53 462 139 477 493 386 69 344 281 398 124 185 389 36 147 96 375 221 25 480 231 434 426 243 215 45 263 312 275 407 377 251 333 364 123 300 111 285 454 162 206 106 238 54 165 294 
16 258 451 241 107 83 59 360 37 199 180 134 457 359 228 70 175 117 405 246 40 410 470 413 326 391 468 232 351 403 256 244 214 66 265 465 339 194 479 235 114 309 273 296 382 113 390 393 99 439 
184 112 84 101 396 97 334 173 302 291 482 46 150 27 121 414 195 366 268 126 226 433 346 151 343 261 71 189 229 201 78 427 9 472 108 443 313 125 356 357 177 234 437 171 204 
135 372 218 408 452 210 350 491 220 435 331 44 21 475 227 15 464 192 158 316 429 373 58 0 466 442 115 379 191 253 129 250 85 478 178 463 236 412 308 460 160 146 447 
