184 112 202 367 241 164 394 349 305 65 288 32 109 344 127 34 211 271 24 187 381 378 417 7 328 225 154 213 140 158 316 13 42 304 29 498 352 295 205 67 336 404 380 209 89 153 181 35 385 182 230 392 103 176 322 76 38 456 171 447 22 
286 423 28 340 292 408 218 260 105 132 477 493 386 73 321 188 155 486 416 315 43 64 458 207 409 289 61 448 495 432 221 481 255 239 450 71 6 492 263 420 407 47 224 30 197 131 178 463 236 412 162 170 145 57 474 401 439 
157 258 142 128 396 97 169 152 395 252 446 281 331 287 445 130 384 242 330 376 387 14 397 212 33 226 470 311 323 436 320 231 434 374 298 62 49 45 136 93 143 245 82 471 219 129 333 5 235 309 4 269 18 106 238 284 383 338 88 438 
473 68 329 50 163 358 120 299 310 91 39 223 424 488 81 282 138 185 389 36 98 195 399 200 159 406 341 480 467 161 31 249 256 441 489 244 214 66 449 332 12 148 279 247 166 325 415 431 80 118 52 54 165 94 
264 283 203 233 101 476 167 79 365 499 319 193 69 74 290 411 371 41 86 121 414 90 147 337 259 156 314 196 25 453 428 8 72 119 189 229 237 354 318 444 248 353 362 2 19 3 51 272 267 425 174 469 48 348 149 
254 179 198 102 485 334 87 369 335 497 228 475 461 77 496 494 126 347 400 363 104 186 324 303 455 215 487 345 361 251 402 208 95 257 422 440 356 382 160 100 146 55 
10 451 17 372 419 490 418 37 491 388 26 44 21 70 175 117 15 464 192 183 278 429 137 240 426 243 301 280 201 379 191 377 9 472 364 123 300 306 111 285 454 370 460 177 393 99 1 
307 63 317 297 462 452 210 350 60 199 180 134 457 359 293 262 11 227 246 40 410 222 326 391 468 232 351 403 75 275 265 465 194 479 430 483 273 313 296 357 266 368 294 
276 84 53 133 139 173 302 217 220 435 398 124 216 116 27 405 268 144 172 421 433 413 346 151 343 261 484 355 23 459 270 253 339 250 85 478 443 274 125 308 113 390 234 437 204 
16 135 327 107 83 59 360 141 277 291 482 46 150 56 366 96 375 110 373 58 0 466 442 115 312 122 78 427 342 108 114 20 190 206 168 92 
