19095
158 11 477 242 108 350 306 66 174 61 425 489 74 128 35 288 229 272 385 390 87 57 99 418 8 329 226 155 160 471 159 434 430 138 321 232 152 325 456 442 493 245 144 246 408 378 10 473 109 3 20 52 273 268 426 371 267 101 438 172 448 23 
265 284 204 80 18 298 366 311 92 40 218 322 189 156 483 417 217 476 65 462 188 382 415 91 449 41 260 496 433 184 197 414 364 305 32 262 72 190 230 238 488 355 319 445 249 334 365 124 301 115 310 274 357 461 178 394 147 89 439 
185 113 424 368 129 103 98 170 153 320 289 33 224 389 282 487 316 131 25 28 406 196 367 269 145 173 422 223 482 347 435 375 244 216 46 264 313 210 276 83 472 220 252 403 209 96 258 423 4 5 270 19 107 161 235 339 205 
143 85 373 219 420 121 300 38 396 370 253 181 135 82 212 44 243 12 228 148 338 193 141 111 437 240 451 250 206 50 490 137 94 90 450 333 13 149 280 248 179 104 432 81 119 53 58 49 100 2 
308 180 318 54 463 335 88 387 70 75 291 412 372 42 459 379 410 290 62 34 214 317 327 392 162 9 344 353 296 24 460 405 381 192 346 362 31 195 480 431 464 237 297 383 39 457 369 402 440 
255 203 328 234 165 134 168 140 478 494 200 345 399 125 139 263 331 377 388 247 398 213 157 315 401 105 187 120 304 302 281 202 380 428 36 386 183 112 416 191 177 77 239 55 166 95 
17 136 102 397 261 106 133 211 351 110 336 498 283 47 151 208 16 465 411 279 14 43 241 427 73 299 63 404 257 271 266 466 340 198 132 231 393 286 455 309 114 391 349 295 
287 259 452 51 164 409 486 491 419 194 492 292 458 360 446 186 78 497 495 127 348 222 26 454 429 469 233 352 68 337 123 421 254 130 343 307 167 275 441 323 358 175 470 475 150 
474 69 330 199 395 359 60 361 142 278 447 27 294 117 118 122 15 97 376 312 324 481 30 499 485 356 7 76 67 154 225 251 86 236 326 126 171 146 314 384 56 
277 29 64 341 293 84 453 500 303 221 436 332 45 22 71 176 37 400 201 227 407 342 256 468 374 59 1 467 443 116 215 79 48 182 354 363 479 444 6 484 21 413 163 207 169 93 285 
