184 112 202 327 233 394 485 305 65 288 32 223 109 291 371 416 216 475 64 86 381 417 7 328 225 154 159 470 158 316 13 42 304 29 498 352 295 205 67 428 380 209 89 153 224 35 385 443 230 392 103 176 322 76 113 390 234 437 171 447 22 
286 423 28 340 292 372 83 105 132 310 91 39 277 217 321 188 155 482 46 130 24 27 77 207 409 448 96 495 140 406 25 346 434 450 71 6 336 122 275 47 181 197 131 178 415 412 162 425 370 206 368 401 439 
10 451 101 396 97 169 152 395 260 199 344 127 81 287 445 185 242 330 405 98 14 397 212 347 421 323 436 320 231 151 374 261 303 301 280 136 93 143 82 471 219 129 342 306 257 422 3 4 269 18 106 238 54 383 338 88 438 
473 68 329 50 163 358 120 299 360 141 37 424 488 457 211 315 43 389 36 387 289 61 33 156 311 222 481 453 31 298 249 256 49 489 404 66 407 449 12 250 85 478 235 111 20 431 80 382 38 284 165 94 
264 283 203 79 17 164 133 167 499 319 193 69 74 290 411 124 138 271 384 458 414 90 147 337 259 213 314 196 255 239 8 72 343 62 189 229 75 420 265 465 444 248 333 364 123 300 483 51 272 170 145 160 48 348 149 
254 63 179 198 476 59 490 418 350 60 73 335 497 228 486 150 11 227 496 494 126 226 110 400 363 104 186 119 455 441 492 459 237 487 345 361 251 402 208 479 430 274 440 267 168 456 146 55 
307 367 317 297 452 210 386 491 388 331 44 21 70 175 117 376 378 15 464 192 432 183 278 429 137 240 426 243 484 355 403 201 379 191 245 253 427 9 353 362 182 2 19 285 454 308 460 177 393 99 1 
157 135 241 107 419 462 139 477 493 252 180 134 34 359 293 262 121 195 246 40 410 433 413 326 391 468 232 351 45 215 270 354 339 194 95 114 309 273 356 52 57 474 204 
276 84 53 408 218 365 334 173 302 446 26 398 41 461 56 366 268 144 172 221 480 467 161 324 263 23 244 214 377 30 472 108 5 325 125 190 118 92 266 100 294 
16 258 142 128 102 349 87 369 220 435 281 282 116 187 399 200 375 341 373 58 0 466 442 115 312 78 332 318 148 279 247 166 463 236 296 357 174 469 313 
