184 112 202 367 128 394 349 305 65 288 32 223 335 26 282 21 262 24 86 56 417 7 328 225 154 159 470 158 316 13 42 304 29 498 352 295 205 67 404 153 181 35 385 182 230 392 103 176 322 76 38 390 234 437 171 447 22 
286 423 28 340 292 53 260 105 132 310 91 39 277 217 321 188 155 127 486 416 216 287 150 11 414 147 96 375 495 140 406 341 255 239 450 455 441 492 136 420 407 47 224 30 197 131 178 309 236 412 170 145 456 99 1 
157 10 451 317 396 97 169 152 395 369 220 435 281 331 445 130 384 242 330 376 387 14 397 213 311 323 436 320 231 434 374 298 303 301 75 143 245 82 471 219 318 333 364 123 300 111 415 269 18 106 238 284 313 88 438 
473 68 329 50 163 358 120 299 360 141 199 424 488 81 211 315 43 389 36 98 195 366 268 61 259 192 221 25 326 31 249 256 49 489 244 214 66 449 332 12 148 279 478 5 325 440 356 52 54 165 94 
307 203 79 17 297 365 499 319 193 69 388 411 73 44 271 117 121 90 448 337 33 226 314 196 481 453 428 8 72 119 189 229 336 122 270 191 265 465 444 248 353 362 2 19 51 272 267 425 206 57 469 48 348 149 
254 179 142 198 408 218 485 490 418 350 109 446 497 228 185 27 77 496 494 126 110 400 363 104 186 324 62 23 459 237 487 345 361 251 402 208 95 257 422 3 4 80 168 160 100 146 55 
264 283 476 63 233 164 133 59 477 493 386 491 344 398 124 138 70 175 458 378 15 464 212 347 421 183 278 429 240 426 243 484 355 45 263 379 354 339 472 108 443 114 285 454 308 460 177 393 294 
16 135 241 107 419 462 139 210 252 180 134 34 359 293 116 227 246 40 410 433 480 391 161 468 232 351 403 280 201 380 209 275 253 129 194 479 247 166 483 273 431 162 357 174 383 338 204 
276 84 101 102 167 334 173 302 291 457 371 41 405 409 289 144 172 432 222 413 346 151 343 261 71 6 215 93 78 427 9 342 306 274 125 296 382 92 266 368 401 439 
258 327 372 83 452 87 37 60 74 290 482 46 475 64 461 187 381 207 399 200 156 137 467 373 58 0 466 442 115 312 89 377 250 85 235 430 463 20 190 118 113 370 474 
