184 112 202 367 128 233 394 349 305 65 288 32 223 73 335 26 44 21 185 389 56 378 7 328 225 154 156 432 222 13 42 240 426 232 352 295 205 67 336 280 201 380 209 89 153 224 339 35 385 443 230 392 103 431 76 382 113 390 234 437 171 447 22 
286 423 28 340 292 408 218 260 105 132 310 91 39 277 217 321 188 155 127 486 416 216 475 64 461 187 381 207 409 289 61 33 495 140 406 341 453 31 119 455 441 492 136 93 143 253 129 194 479 430 483 51 272 412 162 170 456 368 401 1 
254 10 101 396 97 169 152 395 369 252 180 134 457 359 293 130 384 242 330 376 387 14 397 212 226 421 311 323 436 320 231 151 324 303 301 270 245 82 471 219 342 478 178 309 4 269 18 145 238 54 338 88 439 
473 68 329 50 163 120 299 87 60 424 488 81 211 43 36 98 195 399 200 159 470 183 278 255 467 161 374 243 215 45 263 122 214 66 449 332 12 148 279 247 166 274 440 322 106 160 474 294 
264 283 203 79 17 164 133 167 499 319 193 69 74 290 411 371 41 117 121 417 90 448 337 259 213 314 196 25 480 239 8 72 298 249 256 49 237 487 265 465 444 248 353 362 182 2 463 236 267 425 174 469 313 348 149 
307 179 198 102 485 490 418 37 388 281 287 228 271 24 27 405 496 494 126 347 110 400 363 104 186 450 343 62 23 459 404 420 377 251 402 208 95 257 422 3 190 206 168 92 266 100 146 438 
142 476 63 317 297 462 139 477 493 386 491 344 398 124 315 262 282 77 15 464 192 221 429 137 304 373 428 71 189 229 379 191 407 47 181 333 364 123 300 306 19 285 454 308 460 370 393 99 
276 84 241 107 358 452 210 350 109 446 497 445 116 86 11 246 40 410 158 433 413 326 391 498 351 403 489 244 275 354 318 30 197 131 111 415 273 296 357 177 165 55 
16 135 451 53 419 365 334 173 302 291 34 138 70 175 227 366 268 144 172 481 346 434 468 261 484 355 6 75 78 427 472 108 5 325 125 80 118 52 57 48 204 
157 258 327 372 83 59 360 141 199 220 435 331 482 46 150 458 414 147 96 375 316 29 58 0 466 442 115 312 345 361 9 250 85 235 114 20 176 356 38 284 383 94 
