112 202 367 128 233 394 349 499 288 32 223 335 497 282 46 262 389 86 56 378 7 397 448 213 140 158 25 137 363 304 29 498 352 455 441 215 270 191 153 224 35 385 182 230 392 103 431 76 382 113 370 437 171 447 22 
286 423 28 340 53 408 260 105 132 310 91 39 277 217 321 188 155 482 416 216 475 64 461 187 381 207 90 289 61 33 495 406 341 13 480 239 450 71 6 492 312 209 89 407 47 181 197 131 178 309 273 412 162 170 145 456 368 401 1 
254 10 451 101 396 97 169 152 395 369 252 388 411 81 445 130 384 242 330 376 387 14 96 212 226 421 311 323 436 320 231 434 374 298 62 301 136 93 143 245 82 471 465 339 148 279 478 443 114 3 4 269 18 106 238 284 383 338 88 438 
473 68 329 50 163 358 120 299 87 386 491 424 488 73 127 34 211 43 117 405 195 399 200 375 432 221 413 326 31 249 205 49 489 244 214 66 449 332 12 250 85 235 325 415 190 118 52 57 234 94 
264 283 203 79 17 164 133 167 305 65 173 302 74 290 281 287 228 271 24 11 98 147 337 259 159 314 196 481 453 428 8 72 119 189 229 75 420 253 30 342 108 2 19 51 272 267 425 206 469 48 348 149 
307 179 198 102 485 490 418 37 199 446 26 486 116 27 77 417 496 494 126 347 222 429 255 104 186 324 303 466 263 237 487 345 361 251 402 208 95 257 422 440 80 168 160 100 146 55 
184 142 476 63 317 218 59 360 141 109 344 398 124 138 70 175 36 15 464 192 183 278 42 240 426 243 484 355 403 45 280 201 379 265 427 9 472 123 300 111 285 454 308 460 177 393 99 294 
16 135 241 107 419 462 139 210 350 60 291 457 359 293 315 185 458 246 40 410 470 433 391 161 468 232 351 442 115 380 275 354 318 444 248 333 364 306 166 483 20 176 322 92 266 313 204 
276 84 292 297 365 334 477 493 69 180 134 371 41 121 414 409 328 268 144 172 110 346 151 343 261 295 23 122 78 219 129 353 362 430 274 125 296 357 174 54 165 439 
157 258 327 372 83 452 319 193 220 435 331 44 21 150 227 366 225 154 156 316 400 467 373 58 0 256 67 336 459 404 377 194 479 247 5 463 236 356 38 390 474 
