184 112 202 367 128 102 349 499 319 32 223 73 335 26 44 21 262 24 86 56 378 417 7 328 225 154 159 470 158 316 13 42 304 29 498 352 295 205 67 122 312 209 89 153 181 35 385 182 230 392 103 176 322 357 113 390 234 437 171 447 22 
286 423 28 340 292 408 260 105 132 310 91 39 277 217 321 188 155 486 416 216 475 64 461 187 381 207 409 289 61 33 213 140 406 341 255 239 450 71 355 6 75 420 407 47 224 30 197 131 178 309 236 412 162 170 145 456 368 401 1 
157 10 451 101 396 97 169 152 395 288 199 290 127 34 211 130 384 242 330 376 387 14 397 212 347 421 311 323 436 320 231 434 374 298 249 301 136 93 143 245 82 471 219 333 5 235 19 3 4 269 18 106 238 284 383 338 88 438 
473 68 329 50 163 358 120 299 87 37 60 424 488 81 287 445 116 389 36 98 147 96 375 495 432 221 25 326 31 62 49 489 244 214 66 449 332 12 148 279 247 166 325 125 356 52 54 165 94 
307 203 79 17 233 133 167 305 65 141 69 220 435 281 331 228 271 117 121 414 90 448 337 259 226 314 196 481 453 428 8 72 119 484 189 229 270 191 354 318 444 248 353 362 478 443 274 440 267 425 370 57 48 348 149 
254 179 198 394 485 490 418 350 109 446 497 282 41 27 77 496 494 126 110 400 363 104 186 324 455 441 492 263 237 487 345 361 251 402 208 95 257 422 51 272 80 168 160 100 146 55 
142 476 63 317 297 462 139 477 493 386 491 344 398 124 138 70 175 458 15 464 192 183 278 429 137 240 426 243 215 45 336 280 201 379 253 129 472 364 123 300 114 285 454 308 460 177 393 99 294 
264 283 135 372 218 419 452 210 369 252 180 134 457 359 293 315 43 11 227 246 40 410 433 480 467 373 58 232 351 403 256 380 275 265 465 339 194 479 306 2 483 273 313 296 382 174 469 474 204 
276 84 241 164 53 365 334 173 302 74 291 482 46 150 405 195 366 268 144 172 222 413 346 151 343 261 0 23 459 404 78 427 9 342 108 111 415 190 118 92 266 439 
16 258 327 107 83 59 360 193 388 411 371 185 399 200 156 391 161 468 303 466 442 115 377 250 85 430 463 20 431 76 38 206 
