157 10 451 241 164 101 167 490 310 91 109 335 497 124 315 41 389 86 11 417 246 40 96 347 158 323 480 467 374 261 484 301 489 136 66 153 224 12 148 364 123 300 274 125 356 460 177 393 99 294 
254 202 327 107 133 365 305 319 193 69 74 291 34 211 43 242 458 378 90 147 225 154 226 311 25 137 363 304 426 243 23 459 263 237 487 449 332 181 402 208 95 166 483 236 412 170 52 57 474 88 438 
16 258 142 476 198 408 53 260 105 132 477 493 386 73 388 331 359 228 271 461 121 414 387 14 144 172 406 196 42 240 31 119 303 466 336 122 93 143 354 339 333 472 247 235 257 325 440 267 176 80 118 308 469 100 437 439 
473 68 179 317 83 59 418 141 277 446 26 293 70 175 77 207 195 399 375 448 259 495 314 316 413 326 391 161 8 72 71 355 6 215 380 209 275 407 377 251 342 108 114 392 285 454 425 113 266 313 348 204 
264 283 203 50 163 358 485 299 360 369 252 321 188 155 482 21 475 64 187 56 409 328 200 410 470 110 13 453 104 186 324 189 229 201 379 191 345 361 30 279 2 19 3 4 162 106 238 284 370 165 1 
135 63 372 218 419 462 139 210 350 223 424 290 127 81 282 46 130 384 330 405 496 494 61 33 156 183 278 436 373 58 232 352 295 205 49 0 245 253 129 197 479 306 111 20 463 322 357 456 368 94 
307 367 128 102 349 152 395 288 32 491 344 411 371 416 216 116 117 376 15 464 192 432 221 481 255 29 428 298 249 256 442 115 312 404 89 82 471 219 318 9 353 362 182 430 103 190 168 92 383 401 
286 423 28 340 292 396 97 169 65 173 199 488 44 150 227 289 337 159 421 222 400 231 434 468 455 441 492 244 214 78 47 444 250 85 478 5 422 51 431 206 18 145 160 234 146 55 
276 329 17 297 120 334 87 39 60 180 134 457 398 138 262 24 27 381 98 7 397 212 213 140 433 429 346 151 498 351 67 75 420 265 465 35 385 443 178 309 273 296 76 38 390 48 171 447 22 
184 112 84 79 233 394 452 499 37 302 217 220 435 281 287 445 486 185 36 366 268 126 341 320 239 450 343 62 403 45 280 270 427 248 194 131 230 415 272 269 382 174 54 338 149 
