184 112 202 367 128 233 394 349 305 65 288 32 223 335 26 371 262 24 86 56 378 417 7 328 225 154 159 470 158 316 13 42 304 391 498 352 295 205 67 122 312 209 89 153 265 181 35 385 182 230 392 103 176 322 357 113 390 234 437 171 447 22 
286 423 28 340 53 408 260 105 132 310 91 39 277 217 321 188 155 127 486 416 216 475 64 461 187 381 207 409 289 61 33 495 140 406 341 413 326 239 450 455 441 492 75 420 407 47 30 197 131 178 309 236 412 162 170 145 456 368 401 1 
254 10 451 101 396 97 169 152 395 477 252 388 281 287 445 130 384 242 330 376 387 14 96 212 347 421 311 323 436 320 231 434 374 298 62 49 136 93 143 245 82 471 224 339 333 5 235 114 3 4 269 18 106 238 284 383 338 88 438 
473 68 329 50 163 358 120 299 37 141 60 424 488 81 211 43 389 36 98 195 366 397 448 213 432 221 25 255 467 31 249 301 489 244 214 66 449 332 12 148 279 247 166 325 415 356 52 54 165 94 
264 283 203 79 17 164 133 167 499 319 193 69 74 290 411 73 44 315 41 117 121 414 90 147 337 259 226 314 196 481 453 428 8 72 119 484 189 229 270 191 354 465 444 248 353 362 478 443 422 51 272 267 425 174 469 48 348 149 
307 179 198 102 485 490 418 350 109 446 497 228 271 27 77 496 494 126 110 400 363 104 186 324 303 6 263 237 487 345 361 251 402 208 95 257 19 440 206 168 160 100 146 55 
142 476 63 317 218 59 360 493 386 491 344 398 124 138 70 175 458 15 464 192 183 278 429 137 240 426 243 215 45 336 280 201 379 253 129 472 364 123 300 111 285 454 308 460 177 393 99 294 
16 135 241 107 419 462 139 210 369 180 134 457 359 293 116 11 227 246 40 410 433 480 29 58 232 351 403 256 380 275 219 318 194 479 306 2 483 273 313 296 382 57 474 204 
276 84 292 297 365 334 173 302 291 34 282 21 185 405 375 268 144 172 222 346 151 343 261 71 355 23 459 404 78 427 9 342 108 274 125 431 80 118 92 266 439 
157 258 327 372 83 452 87 199 220 435 331 482 46 150 399 200 156 373 468 161 0 466 442 115 377 250 85 430 463 20 190 76 38 370 
