184 258 142 128 394 358 485 490 499 477 32 223 180 411 124 315 262 24 187 98 417 7 328 225 154 159 470 158 222 13 42 29 498 351 67 336 122 312 89 253 129 194 123 300 230 392 103 190 176 80 382 38 284 437 171 447 22 
286 423 203 63 340 53 419 462 132 310 91 39 277 74 290 127 34 486 416 216 475 64 461 381 414 387 399 375 448 259 495 140 406 341 480 239 450 343 352 455 441 492 75 420 407 47 224 30 197 131 178 463 236 412 162 118 308 456 401 1 
157 10 451 101 218 97 169 87 369 252 388 281 287 445 130 384 242 330 376 14 96 212 421 311 323 436 320 231 151 324 62 403 256 136 93 143 245 265 427 333 5 235 114 3 4 269 18 145 57 383 338 88 438 
254 202 327 233 292 120 299 65 141 199 424 488 81 211 43 36 378 195 397 226 432 221 326 31 298 249 205 49 115 214 66 449 12 148 279 247 166 274 440 356 460 92 54 165 94 
112 28 79 17 396 133 365 152 319 288 37 69 446 435 371 293 271 117 121 147 337 172 314 196 429 453 428 8 261 71 189 229 237 487 153 465 444 248 353 362 182 325 415 272 425 370 160 48 348 149 
307 329 198 107 59 418 395 60 73 321 134 497 282 41 27 77 207 90 366 268 144 126 347 110 400 363 104 186 119 303 295 6 209 191 345 361 251 250 85 478 443 422 51 431 206 168 390 238 393 146 55 
264 283 476 241 164 102 260 105 305 408 493 386 491 344 26 398 138 70 175 86 56 15 464 192 183 25 137 240 426 72 232 484 355 442 45 280 201 379 354 339 472 364 306 2 19 285 454 322 106 177 234 99 294 
16 135 367 317 297 167 139 210 350 109 335 331 359 457 228 116 389 458 409 246 40 410 433 255 304 391 161 468 243 301 215 380 275 82 471 219 318 35 385 479 430 483 273 296 357 174 100 313 204 
276 84 50 163 349 334 173 302 217 291 44 21 185 405 496 494 61 33 213 278 481 346 434 374 263 23 459 270 78 332 181 402 342 108 257 309 267 170 52 469 474 439 
473 68 179 372 83 452 360 193 220 188 155 482 46 150 11 227 289 200 156 316 413 467 373 58 0 466 404 489 244 377 9 208 95 111 20 125 76 113 266 368 
