20283
255 203 328 234 395 359 486 500 38 33 110 336 498 125 217 131 28 78 99 8 329 269 145 173 159 317 430 321 240 9 73 233 352 68 337 123 313 276 408 378 252 403 343 307 167 326 416 191 77 39 391 166 56 
474 69 180 318 134 453 133 311 92 278 218 322 189 156 483 417 316 42 462 188 382 208 148 338 496 111 14 43 105 187 120 456 442 216 271 154 225 10 354 363 479 179 104 432 171 146 58 49 100 440 
158 11 477 242 165 54 261 106 419 351 61 345 412 372 263 25 459 196 247 398 213 157 414 327 392 499 304 302 281 202 381 210 192 346 362 31 251 86 236 115 310 177 268 426 371 285 384 95 
113 29 330 199 108 168 170 153 396 40 224 181 135 82 212 44 390 57 91 367 226 155 160 315 197 26 138 468 162 375 299 250 206 50 490 137 144 246 450 333 13 149 280 248 6 464 237 270 19 107 161 235 438 172 295 
17 136 373 219 409 121 300 88 370 492 425 291 128 35 288 229 272 385 118 122 415 388 16 465 193 422 434 482 256 241 32 262 72 190 230 94 90 355 319 445 249 195 480 431 258 423 52 273 413 163 207 169 93 267 339 89 2 
277 424 368 129 103 98 491 320 289 200 74 389 282 446 117 243 331 406 410 290 62 34 348 407 342 437 374 451 429 7 493 76 421 266 466 340 198 124 301 275 441 323 358 114 475 439 
308 64 341 293 397 350 335 478 494 387 70 221 436 332 45 22 71 176 87 12 497 495 127 227 433 223 347 435 469 244 485 356 46 264 238 488 254 130 334 365 132 112 21 126 297 383 175 470 101 349 150 
287 259 452 51 164 420 463 140 211 194 489 458 360 294 487 186 377 379 15 97 376 184 279 454 152 325 63 404 257 245 215 79 48 182 473 109 444 231 393 286 455 309 461 178 394 147 448 
265 284 204 80 18 298 366 306 66 174 303 75 292 283 139 476 65 228 400 201 411 471 312 324 481 232 427 344 353 296 24 460 405 67 83 472 220 36 386 183 3 484 274 314 81 119 53 457 369 402 23 
185 143 85 102 84 60 361 142 253 447 27 399 47 151 37 418 449 41 260 214 141 222 401 364 305 30 59 1 467 443 116 380 428 209 96 20 4 5 357 239 55 205 
