184 112 202 367 198 394 358 349 499 319 193 335 26 282 262 24 86 56 378 417 7 328 225 154 213 470 158 316 13 42 304 391 498 352 295 205 67 336 122 312 209 89 153 181 35 385 182 230 392 103 176 356 460 113 390 234 437 171 447 22 
286 423 28 340 292 297 365 310 91 39 277 217 321 134 331 124 138 116 458 414 90 448 337 259 495 140 341 137 373 450 343 455 441 492 75 420 407 377 251 197 131 95 309 236 412 162 170 52 456 348 149 
157 10 451 317 218 97 169 152 395 288 37 69 388 411 445 130 384 242 330 376 409 289 96 212 347 421 311 323 436 320 231 434 374 261 189 229 136 93 143 245 354 339 333 364 247 235 114 285 454 206 18 106 238 284 383 338 88 1 
473 68 329 50 163 120 305 65 419 386 491 424 488 73 81 44 216 185 36 98 195 399 200 159 432 221 25 255 240 31 298 249 49 489 244 214 66 449 332 12 148 279 2 483 415 273 296 145 54 165 94 
307 203 79 17 164 260 334 87 369 252 446 290 155 482 416 228 271 117 121 387 375 61 33 226 314 196 480 239 8 72 71 6 215 270 265 465 444 248 353 362 5 19 3 313 425 308 469 48 438 
254 179 128 102 167 490 418 350 60 74 291 457 359 293 315 41 64 27 77 496 494 126 110 400 363 104 186 324 303 62 45 263 237 191 345 361 402 208 479 430 257 422 51 272 267 168 160 100 146 294 
142 476 63 372 133 59 452 477 493 109 344 497 211 43 175 11 207 15 464 192 183 278 481 326 426 243 301 280 201 379 82 427 472 123 300 111 4 269 382 177 368 401 
264 283 135 101 396 462 139 210 32 223 180 127 34 287 21 475 389 227 366 246 40 410 406 222 453 29 58 232 351 403 256 404 380 275 253 129 194 306 166 274 440 322 357 174 57 393 204 
276 84 241 233 408 53 485 299 360 141 199 220 188 371 486 150 405 147 268 144 172 433 429 346 151 119 484 355 23 459 428 487 471 219 318 9 342 108 325 125 431 80 118 92 266 99 439 
16 258 327 107 83 105 132 173 302 435 281 398 46 70 461 187 381 14 397 156 413 467 468 161 0 466 442 115 78 47 224 30 250 85 478 443 178 463 20 190 76 38 370 474 55 
