184 112 202 367 128 233 408 349 305 65 288 32 223 73 388 26 398 138 262 24 86 56 378 417 7 328 225 154 159 470 158 316 13 42 304 29 498 343 351 67 459 215 380 209 78 47 181 35 385 443 230 392 125 296 382 38 284 437 171 447 22 
286 423 28 340 53 102 105 132 310 91 39 277 217 321 188 155 482 416 216 475 64 461 187 381 207 90 289 61 33 495 140 406 433 480 239 450 71 6 263 237 487 153 224 30 197 131 178 309 236 412 170 52 456 368 401 1 
254 10 451 101 396 97 169 152 395 369 252 291 34 287 445 130 384 242 330 376 387 14 96 212 347 421 311 323 436 320 231 151 324 303 62 23 404 143 82 471 219 318 402 342 235 483 51 272 269 18 106 460 238 100 338 88 438 
473 68 329 50 163 358 120 334 477 493 386 424 488 81 211 315 43 389 36 98 195 366 397 448 213 432 25 255 31 298 249 49 45 336 122 270 191 245 345 361 251 472 108 2 325 415 273 80 168 92 266 146 439 
264 283 203 79 17 164 133 365 499 319 193 69 180 281 282 116 117 121 147 337 259 226 314 196 481 453 428 8 72 352 295 205 489 136 420 449 465 444 148 279 247 166 274 440 190 145 57 48 348 149 
307 179 198 394 485 490 418 37 199 446 497 124 41 27 77 496 494 126 110 400 363 104 186 119 455 441 492 244 214 66 332 12 208 362 182 257 422 3 111 206 370 160 234 165 94 
142 476 63 317 83 59 360 141 60 220 435 331 44 21 70 175 458 15 464 192 183 278 429 137 240 426 243 301 280 201 379 253 129 333 364 123 300 114 285 454 356 357 177 393 99 294 
16 135 241 107 167 452 210 350 74 134 457 359 293 228 271 11 414 409 246 40 410 341 413 326 391 161 468 232 355 403 256 312 275 407 377 248 194 479 430 463 20 176 267 425 174 54 383 55 
276 84 292 297 462 139 173 302 491 344 411 371 486 185 405 375 268 144 172 221 346 434 374 261 484 189 229 75 265 427 9 353 306 95 103 431 162 118 308 390 474 204 
157 258 327 372 218 419 299 87 260 109 335 290 127 46 150 227 399 200 156 222 467 373 58 0 466 442 115 93 89 354 339 250 85 478 5 19 4 322 76 113 469 313 
