37658
308 330 51 84 60 491 419 194 420 336 399 125 139 263 25 57 388 16 465 411 407 342 414 305 374 451 72 190 230 313 210 276 450 333 13 343 307 275 104 177 268 426 93 285 384 339 89 2 
474 69 85 242 108 168 106 320 200 447 498 74 45 22 186 118 377 99 15 398 213 157 433 279 14 481 232 152 499 353 296 206 50 460 380 266 319 249 251 86 479 431 20 52 273 297 383 207 239 55 166 448 23 
277 424 29 341 54 409 121 306 66 92 40 61 218 221 436 332 483 47 131 28 78 449 338 260 496 141 184 197 138 321 240 120 63 404 257 271 192 346 362 340 36 386 183 96 423 4 5 413 309 461 178 394 147 150 
185 113 203 368 318 298 366 500 38 387 70 75 291 412 372 417 217 476 196 290 62 34 193 312 223 43 241 427 73 299 250 7 493 264 238 488 254 130 354 363 167 326 441 357 53 58 95 
158 11 328 373 219 98 170 153 396 289 224 389 282 283 42 462 459 208 8 329 226 155 214 422 324 437 30 32 356 68 337 76 144 246 83 220 445 334 365 132 3 484 237 270 19 107 267 101 438 402 440 
255 180 199 395 486 300 361 142 278 292 458 360 229 71 176 188 382 379 418 497 495 127 348 26 327 392 59 233 352 443 46 116 94 408 378 10 149 280 248 179 464 21 323 77 39 391 235 349 439 
143 477 64 103 164 359 463 335 88 370 253 181 135 35 288 446 117 243 122 415 400 201 160 222 256 468 162 375 1 467 405 490 245 215 79 355 428 473 109 444 231 126 191 119 114 314 100 295 
287 259 452 18 165 134 453 133 211 351 345 27 294 272 385 390 87 12 228 148 97 376 159 434 430 347 435 469 244 302 281 202 381 67 154 466 252 403 209 236 258 310 274 371 358 175 470 49 56 
17 136 204 80 102 397 261 140 174 303 492 425 489 82 212 151 37 410 269 145 173 315 317 401 364 105 187 325 304 456 216 137 421 48 182 195 480 6 115 393 286 455 163 171 146 457 369 205 
265 284 129 234 293 350 311 478 494 33 110 322 189 156 128 487 316 44 65 331 406 91 367 247 41 227 471 111 482 454 429 9 344 262 485 442 24 123 90 472 225 31 198 124 301 112 416 432 81 169 161 475 172 
