51284714
157 10 367 128 102 349 499 37 60 335 398 124 315 41 24 27 121 414 90 147 337 259 226 432 433 436 373 450 343 484 355 6 75 487 265 465 339 250 85 235 111 415 190 76 38 284 437 447 
286 28 63 340 292 83 452 132 210 350 223 74 290 411 371 416 216 475 64 461 187 56 98 448 40 192 140 406 222 429 346 31 119 455 441 492 93 253 129 353 362 478 178 463 236 412 170 52 456 368 401 1 
254 202 327 233 164 133 167 169 152 395 288 32 109 291 457 359 228 70 175 117 405 246 397 212 156 314 316 413 467 161 374 298 62 403 45 263 237 191 245 82 471 219 444 197 123 300 422 51 272 269 18 145 469 474 88 438 
142 84 372 218 408 59 305 65 173 302 424 488 73 127 34 486 185 86 11 207 195 399 200 159 221 25 255 239 8 72 249 205 67 336 122 143 78 427 248 333 364 131 114 20 125 80 168 92 266 100 338 55 
264 283 476 198 394 358 485 310 91 39 69 180 134 81 211 43 227 15 464 410 470 158 400 326 391 428 261 71 189 229 201 379 153 224 30 194 479 430 257 103 431 162 118 113 390 146 204 
276 423 203 101 396 97 490 418 141 199 388 26 293 271 384 389 458 417 496 494 126 347 311 323 453 104 186 324 303 49 489 380 209 275 354 318 9 342 306 166 274 440 267 425 370 206 383 94 
307 179 317 53 120 299 360 369 252 446 281 287 445 116 242 77 7 328 225 154 213 421 183 196 42 240 426 243 301 280 136 420 345 361 148 279 247 5 325 19 3 4 308 460 160 48 171 294 
112 135 79 17 297 365 334 87 277 217 220 435 331 44 21 150 381 378 409 289 61 33 495 278 481 137 363 304 151 498 352 295 23 459 404 244 214 66 377 251 402 208 95 230 392 285 454 356 357 177 234 348 149 
16 258 451 241 107 260 105 319 193 344 497 282 138 262 330 376 387 366 268 144 172 110 320 231 434 468 232 351 256 215 270 407 47 181 35 385 182 2 309 176 322 106 238 57 393 99 22 
184 473 68 329 50 163 419 462 139 477 493 386 491 321 188 155 482 46 130 36 14 96 375 341 13 480 29 58 0 466 442 115 312 89 449 332 12 472 108 443 483 273 313 296 382 174 54 165 439 
