184 112 202 367 128 233 408 349 305 65 288 32 223 73 335 26 44 116 389 86 56 378 417 7 328 225 154 213 140 158 316 13 42 304 29 498 352 295 205 67 459 404 380 209 89 153 181 35 385 182 230 392 103 176 322 76 38 390 234 437 171 447 22 
286 423 28 340 292 396 260 105 132 310 91 39 277 217 321 188 155 127 486 416 216 475 64 461 187 381 207 409 289 61 33 495 406 25 480 239 450 71 6 492 75 420 407 47 224 30 197 131 178 309 273 412 170 145 456 368 401 1 
157 10 451 101 476 97 169 152 395 369 252 388 411 34 445 130 384 242 330 376 387 14 96 212 226 421 311 323 436 320 231 434 374 298 62 23 122 93 191 82 471 219 444 248 250 85 235 114 3 4 269 18 106 238 284 383 338 88 438 
473 68 329 50 163 358 120 299 87 199 424 488 81 211 315 43 36 98 195 246 397 375 432 221 413 363 31 249 49 489 244 214 66 245 449 465 339 148 279 247 166 483 20 431 162 118 52 54 165 94 
264 283 203 79 17 164 133 365 499 319 193 69 74 291 371 41 117 121 414 90 448 337 259 159 314 196 481 453 428 8 72 119 189 229 263 237 487 332 12 472 108 2 19 51 272 267 425 174 469 48 348 149 
254 179 142 198 394 485 490 418 37 109 290 281 287 228 271 24 496 494 126 347 110 400 104 186 324 455 441 215 275 345 361 251 402 208 95 257 422 440 80 168 160 100 146 55 
307 63 317 218 102 139 477 493 386 491 344 398 124 138 70 175 458 15 464 192 183 278 429 137 240 426 243 484 355 45 336 280 201 379 265 427 333 364 123 300 111 285 454 308 460 177 393 99 294 
16 135 53 297 167 452 210 350 60 180 134 457 359 293 262 27 77 399 40 410 470 433 326 391 161 468 232 351 403 256 270 253 129 194 479 430 5 463 236 296 357 57 206 204 
276 84 241 107 419 462 334 173 302 446 497 282 21 185 11 227 366 268 144 172 222 346 151 343 261 303 301 136 143 78 354 318 342 306 274 125 356 92 266 313 439 
258 327 372 83 59 360 141 220 435 331 482 46 150 405 147 200 156 341 255 467 373 58 0 466 442 115 312 377 9 353 362 478 443 325 415 190 382 113 370 474 
