157 10 367 128 102 349 360 141 199 290 155 482 228 70 175 86 11 227 7 328 397 212 156 221 42 29 58 232 352 295 23 459 270 265 181 35 385 182 257 103 431 170 38 390 437 171 447 22 
112 28 63 340 292 53 260 105 132 210 350 252 321 188 398 416 216 475 36 409 289 61 33 495 314 316 400 326 391 161 468 303 301 404 380 214 66 245 407 377 251 402 342 306 2 325 415 412 162 118 206 238 284 383 55 
254 202 327 233 164 133 167 169 152 319 193 491 344 281 287 445 116 242 458 387 399 200 410 470 406 341 13 480 240 31 119 455 441 263 237 487 354 318 30 208 95 166 483 51 272 269 18 145 456 368 94 
473 68 329 50 83 59 305 65 173 302 424 488 73 127 34 124 262 117 376 98 246 40 347 421 311 323 436 320 231 426 72 298 249 205 49 489 244 89 345 361 148 279 247 114 309 273 296 357 174 469 474 338 401 439 
264 283 476 317 297 365 310 91 39 277 335 497 282 138 271 461 56 378 448 337 259 213 433 481 255 304 373 450 71 6 492 136 93 143 78 427 9 353 362 478 5 19 4 267 425 370 313 438 
307 179 372 218 97 490 418 60 217 220 134 81 211 315 43 64 330 414 496 494 126 226 158 222 429 453 104 186 324 62 403 256 215 379 191 253 129 194 479 430 422 3 190 176 76 382 113 54 165 1 
276 423 203 198 394 358 120 299 37 395 288 223 388 26 46 130 384 77 207 15 464 192 140 183 196 25 137 363 434 374 243 484 355 45 336 280 201 209 275 47 224 333 364 123 300 230 392 285 454 308 460 177 393 99 294 
286 258 451 241 107 419 452 499 386 69 74 291 457 359 293 486 185 389 121 14 96 375 432 346 151 498 351 67 122 312 153 465 339 197 131 274 440 322 106 160 48 88 
184 142 84 101 396 485 334 87 369 180 411 371 41 24 27 405 195 366 268 144 172 278 239 8 343 261 189 229 75 449 332 12 472 108 443 178 463 236 356 52 57 234 348 204 
16 135 79 17 163 408 462 139 477 493 32 109 446 435 331 44 21 150 187 381 417 90 147 225 154 159 110 413 467 428 0 466 442 115 420 82 471 219 444 248 250 85 235 111 20 125 80 168 92 266 100 146 149 
