184 112 202 367 128 102 349 499 319 32 223 73 446 290 411 371 271 24 86 56 378 7 328 225 154 159 470 158 316 13 42 304 391 498 352 295 205 67 122 312 209 89 153 181 35 385 182 230 392 103 190 176 80 118 113 390 234 437 171 447 22 
286 423 28 340 292 53 260 105 132 310 91 39 277 217 321 188 155 486 416 216 475 64 461 187 381 207 409 289 61 33 495 140 406 341 413 326 239 450 455 441 492 75 420 407 47 224 30 197 131 178 309 236 412 170 145 313 368 401 1 
254 10 451 101 396 97 169 152 395 288 252 344 127 34 287 445 130 384 242 330 376 387 14 96 212 347 421 311 323 436 320 231 434 374 298 62 49 136 93 143 245 82 471 219 318 333 5 235 114 3 4 269 18 106 238 284 383 338 88 438 
473 68 329 50 163 358 120 299 87 193 424 488 81 211 315 43 389 36 98 417 366 397 213 432 25 255 467 31 249 301 489 244 449 332 12 148 279 247 166 325 415 356 52 54 165 94 
264 283 203 79 17 164 133 365 305 65 141 69 220 331 44 138 262 117 121 414 90 448 337 259 226 314 196 481 453 428 8 72 119 484 189 229 270 191 265 465 444 248 353 362 478 443 422 51 272 267 425 174 469 48 348 149 
307 179 198 394 485 490 418 350 60 109 335 497 124 41 27 77 496 494 126 375 110 400 363 104 186 324 303 6 263 237 487 345 361 251 402 208 95 257 19 440 206 168 160 100 146 55 
142 476 63 317 408 218 167 139 477 493 386 491 388 26 398 46 70 175 458 15 464 192 183 278 429 137 240 426 243 215 45 336 280 201 379 354 339 472 364 123 300 111 285 454 308 460 177 393 99 294 
16 135 241 107 419 462 452 210 37 199 180 134 457 359 293 116 11 195 246 40 410 433 480 29 58 232 351 403 256 380 275 253 129 194 479 306 2 483 273 431 162 370 357 57 474 
276 84 372 297 334 173 302 74 291 482 228 185 405 147 268 144 172 222 346 151 343 261 71 355 23 459 404 214 78 427 9 342 108 274 125 296 382 92 266 439 
157 258 327 233 83 59 360 369 435 281 282 21 150 227 399 200 156 221 373 468 161 0 466 442 115 66 377 250 85 430 463 20 322 76 38 456 204 
