14598
61 337 584 209 426 76 665 629 683 148 541 504 494 248 268 592 551 545 655 242 173 306 13 151 281 327 602 455 30 382 133 100 322 666 415 24 558 690 297 697 371 23 506 58 688 538 373 43 617 509 360 476 67 70 243 528 132 659 574 572 622 621 86 84 560 394 467 342 221 156 246 501 553 296 
564 660 93 522 318 684 423 398 72 9 336 121 284 79 235 615 199 19 483 465 231 223 49 607 303 127 27 397 348 261 91 288 677 42 41 418 633 366 168 353 32 546 192 639 657 317 21 500 71 662 285 202 462 555 362 674 82 2 39 115 359 254 410 298 638 520 595 
460 588 608 264 543 152 175 216 640 149 583 145 515 10 226 479 300 696 619 95 654 488 634 16 645 210 644 437 694 631 11 309 445 420 356 233 292 201 220 203 90 562 675 399 563 340 171 109 496 147 206 578 107 26 580 182 625 275 498 214 1 324 470 349 
316 367 357 667 315 290 427 165 144 491 417 432 351 212 643 387 566 150 441 282 614 635 187 136 310 505 503 534 75 258 245 81 204 249 570 579 533 25 347 616 529 89 435 255 31 685 74 174 114 62 376 326 193 232 169 99 7 101 446 6 540 499 452 678 599 
263 130 565 604 567 590 141 170 606 55 105 287 469 561 651 431 383 178 59 247 490 557 530 422 299 92 401 664 319 630 110 365 325 477 646 682 497 544 129 244 524 311 97 65 218 370 388 22 412 486 671 46 320 161 457 94 196 5 537 692 113 519 
653 586 601 527 215 554 131 679 648 302 140 307 274 450 164 234 354 448 103 265 80 526 368 516 352 159 480 471 283 440 453 369 179 698 252 414 63 451 689 695 510 495 143 458 68 98 224 123 421 568 396 256 137 642 442 627 438 227 34 211 489 
609 277 652 44 408 177 125 612 686 3 112 628 172 276 108 413 328 47 266 350 461 301 658 699 361 443 124 253 344 4 29 507 186 598 556 238 492 157 475 236 390 207 106 364 385 51 313 531 259 404 272 669 474 668 146 434 481 305 
225 656 162 549 273 623 552 620 346 632 550 180 548 407 372 111 14 411 393 335 200 512 278 291 60 332 676 436 69 478 576 589 270 15 64 134 663 138 610 649 271 532 391 466 102 672 513 406 358 176 20 77 596 
381 38 433 681 605 329 116 195 183 17 18 661 575 392 521 380 126 96 454 511 339 428 33 308 341 83 581 167 409 482 402 547 375 700 229 641 205 294 85 191 228 536 395 120 78 569 57 184 591 293 456 166 
693 304 197 587 650 559 251 122 88 405 334 419 585 439 250 514 637 463 135 378 449 217 485 40 190 262 459 321 158 594 54 56 208 198 267 117 37 53 331 472 374 600 571 128 119 680 647 28 363 185 118 691 50 
577 389 597 87 66 338 48 286 153 523 493 330 626 613 279 269 379 312 230 257 163 52 239 473 624 582 487 384 502 518 73 517 260 687 673 181 525 241 189 636 295 222 154 345 142 425 8 400 429 
314 139 542 237 36 213 593 155 45 343 194 539 611 355 430 104 386 416 444 35 618 603 219 403 508 377 468 464 240 333 447 160 12 484 573 280 424 323 670 289 535 188 
