15892
61 381 38 433 681 398 152 549 683 148 541 504 494 248 620 346 632 550 431 383 380 514 136 454 511 339 428 100 694 631 444 24 558 690 297 697 371 23 25 347 556 492 157 562 675 685 74 174 241 189 636 22 622 621 362 256 82 2 7 580 182 342 221 156 246 501 553 296 
460 337 584 522 318 684 76 72 9 329 116 623 122 88 105 287 469 330 180 548 231 223 49 607 266 350 393 335 480 471 52 33 361 485 40 190 262 41 356 633 502 168 353 32 373 129 639 657 317 21 37 53 528 662 285 202 574 572 573 206 46 320 161 672 272 442 359 254 410 298 638 520 595 
693 130 565 423 567 590 141 216 640 284 686 3 515 10 592 551 545 655 626 696 619 95 654 111 14 127 92 401 658 75 437 91 288 677 445 420 29 414 292 158 594 538 43 617 134 267 458 68 243 649 218 370 484 313 228 671 222 137 647 120 94 345 625 275 498 214 1 324 470 349 
263 601 527 215 554 131 165 144 491 170 195 213 593 268 479 566 150 441 413 328 47 281 310 505 503 664 261 308 309 204 249 570 579 186 598 689 56 208 435 255 476 97 447 65 331 472 374 462 326 193 232 86 259 642 115 28 569 227 8 692 113 519 
564 314 608 139 426 665 629 66 338 149 79 235 112 628 561 483 613 282 526 368 303 430 104 644 258 245 473 624 582 487 384 533 576 589 270 90 244 524 311 117 70 12 600 571 147 396 280 560 154 513 323 670 537 452 678 599 
653 586 277 264 162 175 679 648 302 140 307 274 450 18 661 575 343 194 614 557 247 635 611 355 411 463 455 163 512 217 322 453 369 179 698 252 403 506 58 497 544 695 510 198 663 500 114 62 376 85 191 466 102 394 467 406 438 57 34 211 489 
225 656 315 290 427 177 125 612 36 183 17 226 493 354 242 265 80 96 126 422 327 602 135 378 534 319 239 81 344 4 325 418 507 366 482 616 15 64 687 673 181 641 71 385 51 295 578 395 39 78 474 668 146 434 481 305 
588 304 197 587 542 408 237 606 55 164 234 172 276 108 279 269 379 299 230 257 30 283 416 60 332 676 436 69 478 220 203 260 475 236 390 207 106 364 132 659 388 555 119 680 404 424 358 176 20 77 596 
609 389 597 87 336 417 432 351 212 199 19 651 448 103 173 306 13 187 516 16 397 348 699 440 666 415 83 581 459 233 201 402 547 375 700 229 525 205 294 421 568 674 99 627 5 499 293 188 
316 367 93 209 543 650 559 273 583 145 523 405 334 419 392 521 439 250 490 151 312 461 301 382 133 278 630 11 35 618 603 219 321 63 451 688 54 468 464 240 333 399 563 340 171 109 496 128 84 457 101 196 6 540 184 591 400 429 
577 357 667 44 121 48 552 615 155 45 465 407 372 488 530 637 645 210 386 443 124 341 42 477 646 518 73 517 238 529 89 509 360 31 138 610 98 271 532 412 486 536 107 446 142 425 118 691 50 
660 652 604 605 251 286 153 643 387 300 585 178 59 539 634 352 159 27 200 449 291 110 253 365 167 409 682 508 377 546 192 495 143 67 160 224 123 391 531 169 26 669 363 185 289 535 456 166 
