459 692 37 432 314 86 407 147 540 503 493 234 514 619 492 660 44 440 172 379 12 150 280 326 349 510 454 162 448 630 472 623 675 435 68 62 57 687 53 467 191 561 239 116 73 173 131 658 387 325 192 361 279 456 93 668 473 667 424 7 637 518 428 
60 366 356 666 542 649 328 115 47 350 211 286 468 560 650 464 230 556 305 489 302 126 91 396 502 663 51 32 360 442 443 419 355 408 167 352 376 14 545 463 389 672 20 457 67 52 527 50 201 573 146 85 673 81 403 114 271 441 195 141 536 691 295 
336 129 138 289 426 164 215 120 283 685 2 627 329 179 547 618 94 653 110 311 644 300 657 260 90 287 308 444 40 28 413 365 481 593 516 237 63 133 508 656 228 105 446 64 270 531 84 190 312 577 136 38 579 181 341 362 184 76 112 
608 276 651 214 553 130 143 490 169 194 182 16 267 154 565 149 275 281 613 634 268 606 610 354 504 103 385 277 244 59 252 23 557 689 602 696 218 291 157 72 31 372 528 88 434 523 310 640 113 471 293 599 571 127 670 83 646 119 344 253 669 433 210 488 399 
587 607 263 664 628 65 337 148 35 212 54 9 345 550 544 654 447 102 193 525 367 515 351 429 470 132 439 484 39 189 261 296 320 477 575 588 269 89 243 662 332 499 242 204 373 570 620 395 221 160 671 466 322 409 297 552 304 
380 92 521 317 683 604 335 678 647 301 121 592 111 591 18 353 430 382 412 48 421 13 410 601 298 400 533 74 216 321 452 368 178 248 569 578 532 681 507 496 509 494 206 609 97 330 375 420 567 465 98 393 626 437 56 183 33 519 348 
652 585 655 425 161 558 682 416 285 273 642 631 549 625 584 264 79 246 125 95 327 460 256 511 257 10 34 343 3 324 476 645 24 346 537 128 474 699 316 96 159 223 122 390 231 168 559 153 512 405 155 245 500 0 534 594 
313 303 196 75 589 140 272 431 551 522 225 478 299 695 406 371 487 633 15 479 347 643 436 415 123 82 580 697 417 506 185 597 555 491 156 235 142 137 363 170 11 294 530 45 106 101 77 624 274 145 175 19 590 480 455 165 
576 224 388 596 151 174 639 622 582 87 198 386 574 391 520 177 58 538 46 265 453 26 209 427 282 238 307 80 364 41 251 402 505 401 546 374 197 359 30 398 562 648 384 483 495 554 118 319 1 100 445 5 539 288 292 595 
262 600 526 680 397 71 8 236 605 306 78 449 163 233 171 241 438 249 513 135 392 334 199 29 158 318 109 340 458 370 22 200 219 202 259 638 475 66 69 339 661 284 108 572 485 258 25 423 357 4 323 469 49 
563 659 564 603 586 541 250 139 247 614 17 482 107 222 186 529 309 462 134 377 698 290 331 676 617 486 383 232 203 615 543 694 55 254 266 180 524 240 61 188 635 21 411 227 535 679 641 27 220 568 226 117 690 187 
315 583 208 422 566 43 548 176 124 611 144 152 104 404 333 418 342 612 278 378 636 229 338 381 99 693 629 665 414 581 166 632 501 517 450 688 42 616 207 686 674 684 36 70 217 369 461 621 205 255 394 6 358 497 213 498 451 677 598 
