13920
61 660 38 433 543 44 549 144 148 541 504 494 248 268 628 551 545 655 242 173 380 126 96 310 463 135 348 133 100 694 291 308 341 24 558 690 297 697 418 507 366 168 353 32 373 129 244 524 311 106 241 12 484 496 555 86 674 161 672 580 182 342 221 275 246 501 34 596 595 
460 693 522 318 398 72 9 216 273 623 583 145 226 493 561 483 465 231 223 187 136 327 159 455 30 382 33 258 11 309 445 420 356 633 292 201 220 203 492 89 639 657 317 21 458 68 53 528 662 285 202 574 572 573 362 256 82 2 120 115 627 254 498 214 1 293 188 
337 584 652 604 76 542 408 177 125 612 79 235 615 346 632 550 180 548 619 95 654 111 14 127 92 401 658 644 437 217 322 453 369 42 371 403 576 589 270 15 546 192 198 360 476 67 70 243 649 218 370 388 22 412 531 671 222 137 647 272 442 359 156 670 499 452 678 599 
564 225 277 656 215 554 131 141 491 170 195 183 17 387 566 150 441 282 526 47 281 411 505 503 534 75 261 440 485 110 204 249 570 579 186 598 689 695 529 435 255 31 685 525 340 62 376 600 326 193 232 536 280 7 101 345 625 5 537 692 211 489 
316 367 93 389 597 665 629 66 338 432 552 515 10 405 334 419 585 265 80 247 490 557 530 303 352 602 397 163 512 278 245 40 190 262 41 29 414 682 518 73 517 238 90 562 267 117 37 364 331 472 374 462 295 206 46 320 102 94 669 363 185 8 638 520 305 
653 586 264 423 567 590 175 679 648 284 351 212 18 661 575 392 521 178 59 539 368 516 16 645 210 664 319 630 473 624 582 698 252 23 506 58 497 544 468 464 509 675 138 563 271 532 85 191 486 578 395 154 424 323 410 298 553 296 
588 601 684 315 290 427 329 640 149 686 3 112 287 469 330 431 383 306 13 151 312 454 511 339 428 283 239 443 124 253 365 325 477 646 25 347 538 64 687 673 181 641 71 205 294 421 622 621 396 84 642 394 513 406 6 540 434 481 519 
263 357 667 587 650 559 116 606 307 274 450 164 234 172 276 108 439 250 514 49 422 299 27 257 378 361 444 35 676 436 69 533 594 616 56 208 475 700 229 447 160 132 659 391 119 259 560 39 467 358 176 20 77 113 166 
609 209 681 87 683 417 302 140 55 620 199 354 626 613 413 328 611 355 461 301 699 416 666 415 83 581 459 233 478 508 377 260 157 236 390 207 74 610 98 385 51 571 128 107 457 446 569 227 118 691 50 
577 608 139 426 162 165 237 48 286 153 523 155 45 343 279 379 637 230 200 386 91 60 332 179 487 384 502 158 556 43 617 134 663 97 65 224 123 568 466 99 78 474 668 146 289 535 456 
314 130 565 527 605 336 121 122 88 105 592 19 300 696 407 372 488 634 430 104 449 631 81 344 4 167 409 482 402 547 375 495 143 500 114 189 636 313 228 169 26 196 142 425 324 470 349 
381 304 197 152 251 36 213 593 643 479 651 448 103 194 614 635 269 607 266 350 393 335 480 471 52 288 677 618 603 219 321 63 451 688 54 510 240 333 399 174 171 109 147 680 404 28 438 57 184 591 400 429 
