15521
315 366 388 425 664 628 328 272 47 503 493 247 267 154 275 107 412 48 46 529 421 326 601 134 377 511 360 665 23 557 689 458 232 291 157 593 537 63 116 266 36 64 131 658 387 21 621 227 361 45 394 671 466 341 220 274 245 500 552 295 
60 380 37 432 542 541 407 115 622 121 87 104 286 468 329 179 547 230 222 186 135 302 158 479 470 74 260 90 331 414 82 580 40 355 408 505 57 496 543 42 616 508 359 475 105 363 527 661 284 373 599 571 554 85 673 160 646 393 77 253 497 213 297 637 519 
608 564 526 586 649 558 335 120 35 212 592 111 345 631 549 241 618 94 653 110 13 126 91 400 657 318 415 287 676 444 419 28 413 365 481 615 191 133 523 310 96 70 217 369 483 325 146 395 258 456 100 358 357 184 0 323 469 348 
652 585 276 655 214 553 130 164 143 490 169 194 182 16 225 386 565 149 584 264 79 525 610 354 392 334 199 385 257 244 472 252 203 248 569 578 532 24 346 555 467 463 638 656 316 20 137 69 242 648 330 471 201 390 620 205 168 98 6 271 441 195 5 539 498 451 677 598 
692 129 263 422 86 65 337 148 285 152 627 550 560 650 430 382 177 58 246 489 556 487 633 15 396 347 282 439 484 109 340 41 370 681 62 588 269 372 491 156 686 672 180 73 609 97 11 294 535 279 559 119 114 626 322 409 536 691 292 455 165 
224 607 138 161 639 301 139 306 273 449 591 333 418 342 281 538 367 515 351 504 502 381 132 277 629 452 368 178 697 251 402 167 352 31 128 243 699 228 640 240 61 375 461 312 577 106 101 93 423 437 56 33 595 594 
459 587 92 521 317 43 548 176 124 611 685 2 619 492 171 447 102 172 379 125 95 309 644 209 663 99 693 290 39 189 343 3 324 476 506 185 597 688 694 509 197 662 684 67 52 204 293 573 572 485 221 136 641 512 405 473 667 145 433 480 304 
313 356 666 314 289 426 678 647 605 54 163 233 353 44 464 406 371 327 298 429 103 698 216 321 10 34 675 435 68 477 575 219 202 259 474 235 389 206 499 339 270 531 84 192 231 670 255 81 153 445 568 175 19 76 112 518 
563 659 303 196 75 71 8 682 147 540 350 211 198 18 654 625 612 305 12 150 280 410 462 454 162 448 307 308 261 296 696 417 632 22 200 401 546 374 494 142 66 524 384 50 411 530 319 25 668 362 226 7 210 488 
336 583 651 603 566 589 140 250 582 144 514 9 642 478 660 574 391 520 438 249 513 636 229 256 26 51 32 630 443 617 602 218 320 450 687 53 55 207 561 674 446 170 108 495 190 679 403 27 155 669 183 590 399 428 
262 600 683 596 604 174 236 283 78 234 614 17 482 440 278 378 311 453 510 338 427 643 238 442 123 80 364 166 645 517 72 516 237 89 239 332 457 173 113 188 635 570 127 118 83 1 579 181 141 424 117 690 49 
576 208 680 397 151 215 416 431 551 522 404 544 299 695 193 613 634 268 606 265 349 460 300 29 533 436 59 623 581 486 383 501 507 376 14 545 528 88 434 254 30 398 562 159 223 122 420 567 465 38 344 624 4 288 534 187 
