14553
61 381 38 433 681 398 152 165 216 148 541 504 494 248 268 346 632 550 626 613 383 380 126 422 299 230 200 133 100 694 631 444 24 558 690 297 697 418 507 366 482 616 238 492 157 240 333 74 174 114 189 636 574 572 622 621 396 280 560 7 580 182 342 221 156 246 501 553 296 
460 337 93 652 604 76 72 9 408 116 623 122 88 105 287 469 330 180 343 231 223 49 607 266 350 393 335 480 471 52 33 361 485 40 190 262 41 356 633 502 168 353 32 373 129 639 657 317 21 458 68 53 528 662 285 202 295 486 671 46 320 161 39 115 272 442 254 410 298 638 520 595 
263 130 565 423 567 590 141 121 284 686 3 515 620 592 551 545 655 448 548 619 95 654 111 14 127 92 401 658 644 437 91 288 677 445 420 29 414 292 158 594 538 43 617 562 675 500 243 649 218 370 484 496 128 206 222 137 647 120 94 345 625 275 498 214 1 324 470 349 
564 588 601 527 215 44 549 144 491 170 195 213 593 226 479 566 150 585 413 328 47 281 411 602 397 163 75 261 291 308 309 204 249 570 579 186 598 689 695 56 208 435 255 476 641 65 331 472 374 462 326 193 232 86 84 457 78 569 227 8 692 113 519 
225 608 139 426 665 629 66 338 149 552 112 628 561 483 441 282 526 611 355 430 104 386 258 245 473 624 582 487 384 533 576 589 270 15 90 244 524 311 67 525 340 171 109 571 147 256 82 2 154 513 406 323 670 537 452 678 599 
653 586 277 264 162 683 417 432 140 307 274 450 18 661 575 103 194 614 635 269 368 303 327 159 455 30 449 217 322 453 369 179 698 252 403 518 58 497 544 510 495 143 685 106 364 62 376 85 191 228 466 102 394 467 627 438 57 34 211 489 
577 584 656 315 290 427 177 125 612 36 183 17 493 354 242 265 80 247 490 96 310 505 503 382 319 416 81 344 4 325 477 646 25 347 556 192 687 673 181 37 71 385 51 412 578 395 672 669 474 668 146 434 481 305 
314 304 197 587 542 679 648 606 55 10 164 234 172 276 108 279 379 637 461 301 512 239 60 332 676 436 69 478 508 377 260 475 236 390 207 399 70 241 132 659 388 568 362 259 404 101 424 358 176 20 77 596 
609 389 597 87 336 640 48 351 212 199 19 651 431 173 557 306 13 151 187 516 16 645 210 664 278 630 666 415 83 581 459 233 23 506 402 547 375 700 229 447 205 294 421 573 674 99 359 5 499 293 188 
316 367 209 543 650 559 237 302 583 145 523 405 334 419 392 521 439 250 514 136 454 511 339 428 283 11 35 618 603 219 321 451 688 54 468 464 198 663 138 563 160 12 600 22 555 119 680 26 446 6 540 184 591 400 429 
693 357 667 554 131 329 273 79 235 615 155 45 465 407 372 488 530 312 27 257 378 534 440 110 341 42 371 682 63 73 517 546 529 89 509 360 31 610 98 271 532 313 531 536 107 642 28 142 425 118 691 50 
660 522 318 684 605 175 251 286 153 643 387 300 696 178 59 539 634 352 463 135 348 699 443 124 253 365 167 409 201 220 203 64 134 267 117 97 224 123 391 169 196 363 185 289 535 456 166 
