17751
564 609 277 652 604 162 549 683 148 541 286 153 523 405 545 655 242 619 635 269 634 411 393 339 382 100 694 630 666 415 24 558 690 297 697 418 633 292 158 594 538 373 129 495 143 21 458 563 160 132 659 388 326 147 396 84 99 7 101 182 342 221 363 185 298 553 296 
61 660 601 527 681 398 72 9 329 116 284 583 145 105 287 469 330 180 548 231 223 187 136 310 645 210 534 75 437 217 322 473 253 262 41 356 42 478 576 589 270 43 617 198 663 685 74 243 528 662 285 202 462 295 228 86 674 82 2 39 115 272 345 625 670 537 692 400 599 
460 337 608 264 423 567 290 427 216 417 36 213 593 643 479 651 448 103 194 614 95 654 111 14 127 92 401 658 133 416 60 332 420 371 414 366 482 616 15 546 192 244 524 333 399 174 649 12 574 572 573 486 671 46 107 404 467 406 156 246 501 1 596 429 
653 586 565 597 665 629 144 491 170 195 183 17 268 387 566 150 441 282 526 611 355 602 505 503 449 239 308 309 204 603 219 321 25 347 556 492 89 509 360 476 67 525 340 224 123 571 128 206 536 280 560 672 580 28 275 498 214 499 452 678 
693 130 139 426 76 590 141 251 504 494 248 628 551 561 483 613 383 80 247 490 557 47 281 328 461 301 319 291 453 369 179 487 384 502 598 689 64 134 207 641 241 189 636 22 622 621 362 320 102 394 94 424 323 6 540 8 638 520 595 
584 38 209 315 87 336 679 648 302 140 307 274 450 592 334 419 392 521 178 59 539 368 516 352 159 480 471 283 440 485 110 618 698 252 403 58 497 544 695 510 255 311 138 610 114 62 376 600 191 222 137 647 154 627 438 227 34 211 489 
381 433 587 542 165 177 125 612 686 3 515 620 226 493 354 626 696 265 306 96 126 303 327 27 397 348 52 33 258 245 40 190 344 4 325 477 646 168 353 32 529 687 31 70 71 205 374 412 578 161 457 446 474 668 146 434 481 305 
314 304 197 650 559 237 606 55 10 164 234 172 45 585 407 372 488 530 422 16 335 200 30 664 261 631 444 35 676 436 69 533 201 220 203 260 157 475 236 390 673 181 37 98 271 532 313 531 169 120 442 359 358 176 20 77 113 519 
316 367 656 215 554 131 121 48 351 212 199 19 550 431 173 380 13 151 312 454 511 455 163 512 278 341 83 581 459 233 23 506 402 547 375 639 657 229 106 364 385 51 85 193 232 466 26 196 5 324 470 349 
263 93 522 318 684 605 66 273 623 122 88 18 661 575 343 439 250 514 637 463 135 378 699 91 11 624 582 682 29 507 63 451 688 54 56 208 435 700 317 500 65 171 109 391 256 395 78 254 410 289 535 188 
577 225 389 543 152 175 338 149 79 235 615 155 276 108 279 379 299 430 104 386 443 124 81 365 167 409 518 73 517 238 90 562 675 97 447 331 472 294 421 568 259 669 142 425 118 691 50 
588 357 667 44 408 640 432 552 112 346 632 300 465 413 49 607 266 350 230 257 428 644 361 288 677 445 249 570 579 186 508 377 468 464 240 267 117 68 53 218 370 484 496 555 119 680 642 513 569 57 184 591 293 456 166 
