17827
564 316 367 93 209 543 44 549 683 148 541 504 494 248 268 628 551 545 655 448 103 383 306 13 151 281 310 463 455 30 100 694 630 453 369 558 690 297 697 418 633 502 158 556 238 90 562 267 117 74 70 160 132 659 388 326 147 396 84 99 7 101 182 342 221 156 246 501 553 456 166 
460 337 584 522 527 681 398 72 9 408 640 302 122 88 226 469 330 180 548 231 223 187 49 422 327 159 480 471 52 33 361 443 124 341 262 41 356 233 482 402 547 375 639 657 317 21 97 53 528 662 285 202 574 572 573 86 674 82 2 394 467 627 474 668 146 298 638 296 
61 314 130 264 423 567 590 141 216 121 48 3 515 10 643 479 651 431 282 95 654 111 14 127 92 401 658 644 437 217 322 11 309 445 420 29 414 366 451 688 54 468 134 663 685 37 649 218 370 484 391 232 578 137 647 120 272 442 196 569 227 8 452 520 595 
577 389 215 554 131 165 144 491 170 195 183 153 17 164 387 566 150 441 173 380 126 634 350 602 505 503 512 278 631 60 253 204 249 570 579 292 25 347 544 695 529 89 435 255 31 138 610 98 12 462 622 621 119 46 107 457 580 345 625 275 498 214 1 324 678 599 
381 608 139 597 665 629 66 338 149 79 552 112 493 561 483 343 178 59 539 490 328 299 230 257 378 534 75 261 440 485 40 190 618 487 321 478 576 589 270 373 129 244 524 311 67 563 331 472 374 600 295 228 671 222 161 39 94 424 254 670 537 692 113 519 
653 586 277 652 604 587 650 559 336 679 648 284 36 307 274 450 592 334 419 392 521 194 614 557 247 635 611 355 461 301 664 319 258 308 666 24 179 698 252 682 168 353 32 510 495 143 399 174 114 62 376 85 193 206 536 280 642 78 5 499 470 349 
263 601 667 290 427 329 273 286 235 105 405 172 45 585 265 80 526 47 266 411 393 339 382 133 245 81 344 4 325 477 507 186 598 689 538 492 157 687 673 181 641 71 205 294 22 412 531 256 395 154 513 406 438 57 184 591 293 188 
693 304 197 76 152 175 237 606 593 287 234 354 626 696 407 372 488 530 637 335 200 428 91 288 677 42 436 384 533 201 220 203 64 475 236 390 207 447 340 271 532 313 362 259 560 115 359 358 176 20 77 596 429 
225 656 426 605 417 432 351 212 199 19 550 242 619 96 368 516 352 27 397 163 283 416 332 415 83 581 459 371 23 506 58 497 43 617 198 675 106 364 385 51 496 191 486 466 26 669 363 185 34 211 489 
609 565 315 87 116 623 140 55 620 18 661 575 613 439 250 514 136 454 511 135 348 449 291 444 35 676 69 646 63 594 616 56 208 509 360 476 458 68 65 171 109 555 320 102 672 28 6 540 434 481 305 
588 38 433 162 251 583 145 523 155 276 108 279 379 312 430 104 699 110 365 167 409 518 73 517 260 464 700 229 525 241 189 636 571 128 680 404 446 142 425 118 691 50 
660 357 318 684 542 177 125 612 686 213 615 346 632 300 465 413 269 607 303 16 645 210 386 239 473 624 582 603 219 403 508 377 15 546 192 240 333 500 243 224 123 421 568 169 323 410 289 535 400 
