16787
564 316 367 433 543 44 549 683 148 541 504 494 153 523 405 545 655 626 613 265 306 13 151 312 454 511 455 30 382 133 100 694 630 444 24 558 690 297 697 418 633 502 158 594 238 56 208 562 267 117 74 174 160 132 659 574 572 622 228 86 466 99 7 101 182 342 221 275 246 501 553 296 
61 381 93 522 527 681 398 72 9 329 116 623 122 88 105 287 469 330 180 343 282 526 530 187 516 352 159 480 471 52 33 239 81 262 41 356 233 168 353 32 373 43 375 639 657 317 21 500 53 528 662 285 202 462 555 362 674 82 2 672 467 627 254 498 214 298 638 520 305 
460 693 130 565 197 567 590 141 216 121 284 686 3 515 620 592 19 651 448 548 619 95 654 111 14 127 92 401 658 644 437 91 332 677 445 420 29 507 366 482 616 203 546 192 134 663 458 68 243 649 218 370 388 568 206 578 137 647 120 115 272 442 359 358 185 1 324 470 349 
577 389 215 554 131 165 144 491 170 195 213 593 268 387 566 150 441 439 250 514 136 328 27 397 348 283 217 308 341 83 249 570 579 292 25 347 538 492 89 435 700 229 563 241 12 484 496 128 119 680 560 39 580 28 156 363 227 8 692 211 489 
263 608 139 426 76 665 629 66 338 149 79 248 628 551 561 483 465 413 490 557 47 281 411 430 104 75 261 440 322 288 110 204 42 321 478 576 589 270 129 244 524 311 67 525 331 472 374 391 621 486 671 222 161 457 94 424 323 410 537 400 599 
653 586 277 652 604 650 559 336 679 648 302 140 307 274 450 164 234 354 45 392 521 178 59 539 611 355 393 339 428 278 631 11 309 179 698 252 414 201 58 497 544 695 510 495 143 138 610 114 62 376 85 191 536 107 102 394 78 438 57 34 596 595 
337 584 209 315 290 427 177 125 612 36 183 17 226 493 172 242 173 380 126 422 310 335 200 534 319 258 245 473 253 365 325 477 646 598 556 260 157 687 673 181 97 71 205 294 600 326 193 232 256 395 154 513 406 474 668 146 434 481 519 
314 304 264 423 152 175 237 606 55 199 334 419 585 407 372 488 634 16 645 210 386 291 453 369 676 436 69 186 220 689 64 475 236 390 207 641 65 271 532 22 412 396 169 404 345 569 176 20 77 113 166 
225 601 684 597 605 408 640 432 552 112 346 632 550 431 383 80 247 96 299 461 301 512 485 40 35 581 459 371 23 506 402 547 529 509 675 106 364 385 51 295 531 84 26 669 670 499 452 678 188 
609 656 162 417 351 212 643 479 300 696 194 614 635 269 368 303 327 463 135 378 699 361 666 415 582 487 384 533 63 451 688 54 468 464 198 360 476 447 340 171 109 571 147 46 320 642 196 6 540 184 591 293 456 
588 38 318 87 251 583 145 10 155 276 108 279 379 637 230 257 163 449 443 124 190 344 4 167 409 682 518 73 517 90 255 31 685 37 98 189 636 313 259 446 142 425 118 691 50 
660 357 667 587 542 273 48 286 235 615 18 661 575 103 231 223 49 607 266 350 602 505 503 664 416 60 624 618 603 219 403 508 377 15 617 240 333 399 70 224 123 421 573 280 625 5 289 535 429 
