16460
564 660 38 433 76 665 629 683 148 541 504 494 248 620 592 551 545 655 242 173 380 13 151 281 327 159 455 30 382 133 440 322 666 415 24 558 690 297 697 371 23 506 58 688 538 373 43 617 198 360 476 67 70 243 528 132 659 109 391 621 486 671 280 560 154 182 342 221 156 246 501 553 296 
61 314 93 522 318 684 423 398 72 9 216 121 284 79 235 615 199 19 550 180 343 231 223 49 607 303 127 92 480 471 52 261 91 288 677 42 41 418 633 366 168 353 377 15 546 192 639 657 317 21 97 71 662 285 202 574 572 555 362 674 82 2 7 272 442 627 323 410 298 638 520 595 
460 588 608 264 543 152 329 640 149 583 145 515 10 226 479 300 521 619 95 654 488 634 602 299 401 658 644 437 694 631 11 309 445 420 356 233 292 201 220 203 90 562 675 399 563 649 171 421 568 86 536 107 647 120 115 345 625 275 498 214 1 324 470 349 
577 357 667 315 290 427 165 144 491 417 432 351 212 643 387 566 150 441 282 614 635 187 136 310 505 503 512 278 81 204 249 570 579 533 25 347 616 529 89 435 255 31 138 610 114 62 376 600 571 128 206 222 102 467 446 6 540 499 452 678 599 
693 130 565 604 567 590 66 338 606 55 105 493 561 651 431 548 413 490 557 47 530 422 16 645 210 534 75 258 110 365 325 477 646 682 497 544 260 244 524 311 68 53 218 370 388 295 232 46 320 161 642 394 94 424 254 670 537 692 113 519 
653 586 601 527 597 554 131 336 679 648 302 140 307 274 450 164 234 172 448 103 194 526 368 516 352 27 397 348 100 630 453 369 179 698 252 414 63 451 689 695 56 208 495 143 458 447 98 224 123 462 622 396 256 137 101 359 438 57 34 211 489 
225 277 652 215 87 408 177 125 612 552 268 628 330 626 696 265 80 247 126 266 350 230 257 163 283 239 443 124 253 344 4 29 507 186 598 556 238 492 157 475 236 390 207 106 364 385 51 573 119 680 404 669 474 668 146 434 481 305 
337 584 389 426 44 549 170 686 3 112 287 469 354 45 585 407 372 111 14 411 393 335 200 386 217 245 60 332 676 436 69 478 576 589 270 64 134 663 685 74 174 340 271 532 326 193 531 84 99 39 513 406 358 176 20 77 596 
316 367 656 605 175 237 195 183 17 18 661 575 613 383 306 96 328 454 511 339 428 33 291 308 341 83 581 167 409 482 402 547 375 700 229 641 205 294 85 191 228 578 395 672 78 569 227 8 293 456 166 
263 304 197 587 650 559 116 623 122 88 405 334 419 392 439 250 514 637 463 135 378 449 361 485 40 190 262 459 321 158 594 54 468 464 509 267 117 37 65 331 472 374 496 147 169 26 580 28 363 185 118 691 50 
381 209 681 162 141 273 48 286 153 523 155 276 108 279 269 379 312 461 301 664 319 416 473 624 582 487 384 502 518 73 517 129 687 673 181 525 241 189 636 22 412 466 457 142 425 184 591 400 429 
609 139 542 251 36 213 593 346 632 483 465 178 59 539 611 355 430 104 699 444 35 618 603 219 403 508 32 510 240 333 500 160 12 484 313 259 196 5 289 535 188 
