18235
564 588 38 139 76 152 549 683 148 541 504 494 248 620 592 551 545 655 242 173 380 13 151 281 327 159 455 30 382 133 100 694 630 444 24 558 690 297 697 371 23 506 594 538 373 43 617 562 267 685 74 70 160 132 659 388 571 147 396 466 99 7 101 182 342 221 156 246 501 553 296 
61 381 93 522 318 684 423 398 72 9 216 121 122 88 199 19 550 180 343 231 223 49 607 303 127 92 480 471 52 437 217 322 11 35 262 41 418 633 366 168 353 32 546 192 639 657 317 21 500 243 528 662 285 202 574 572 573 86 674 82 2 39 272 442 627 323 410 298 638 520 305 
263 608 264 543 44 165 170 195 55 226 387 276 448 103 194 95 654 488 634 350 602 401 658 644 440 288 677 445 420 356 233 292 201 220 203 64 134 663 138 610 98 224 123 421 191 206 222 161 647 120 115 345 625 275 498 214 1 324 470 349 
314 130 389 215 554 131 144 491 417 432 351 212 643 479 566 150 441 282 614 635 187 136 310 505 503 512 278 443 124 81 204 249 570 579 533 25 347 616 529 89 435 255 31 525 241 62 376 568 119 680 560 672 467 446 6 540 499 596 595 
693 565 527 597 665 629 66 116 606 593 112 628 561 651 431 413 490 557 47 530 16 645 210 534 75 261 485 110 253 365 325 477 646 451 689 260 244 524 311 117 97 447 649 218 370 484 295 486 671 46 320 642 394 94 424 254 670 537 452 678 599 
653 586 277 652 604 567 290 427 336 679 648 302 140 307 274 450 164 234 354 419 548 619 96 368 516 352 27 397 163 283 291 453 369 179 698 252 414 63 58 497 544 695 510 495 143 67 53 205 294 600 22 622 228 362 256 137 580 28 438 57 34 211 489 
225 601 667 315 87 408 177 125 612 686 3 17 493 330 626 696 265 80 247 126 422 14 461 301 664 319 416 40 190 344 4 29 507 186 598 556 238 492 157 509 207 106 71 385 51 85 232 169 457 513 406 474 668 146 434 481 519 
460 337 584 209 590 141 640 149 36 213 615 287 469 172 300 585 407 372 328 299 393 335 200 386 258 308 309 676 436 69 478 576 589 270 15 56 208 475 236 675 458 563 340 271 532 462 326 193 531 84 26 359 569 176 20 77 113 
609 656 426 605 329 273 623 583 183 153 523 405 334 613 383 306 539 111 312 454 511 339 428 33 239 332 415 83 581 167 409 482 402 547 375 390 700 229 37 364 12 496 128 578 107 102 669 363 227 8 692 293 188 
316 367 304 197 587 650 559 251 79 552 268 18 661 575 392 521 439 250 514 266 411 463 135 348 699 361 245 473 341 42 459 384 502 158 688 54 468 464 198 360 476 68 65 171 109 391 621 536 395 154 358 185 184 591 400 429 
577 433 681 162 175 338 48 286 235 515 10 155 45 108 279 269 379 637 230 257 378 449 91 666 618 487 321 682 518 73 517 129 687 673 181 641 114 189 636 412 313 259 404 78 142 425 118 691 50 
660 357 542 237 284 145 105 346 632 483 465 178 59 526 611 355 430 104 631 60 624 582 603 219 403 508 377 90 240 333 399 174 331 472 374 555 280 196 5 289 535 456 166 
