564 314 38 433 543 44 549 683 148 541 504 494 153 523 405 545 655 431 383 380 13 151 312 454 511 455 30 382 133 100 694 630 11 35 24 558 690 297 697 418 633 502 158 594 538 90 562 240 333 685 74 174 160 132 659 388 147 396 466 99 7 342 221 156 246 501 553 296
61 381 93 522 527 681 398 72 9 329 116 623 122 593 105 287 469 330 180 548 231 223 49 607 303 16 335 480 471 52 33 239 443 124 341 262 41 356 403 168 353 32 373 43 375 639 476 500 53 528 662 285 202 574 572 555 362 674 82 2 672 467 627 275 498 214 298 638 520 349
460 337 584 264 423 567 590 141 216 121 284 686 213 515 10 643 632 651 448 103 194 614 95 654 111 14 127 92 401 658 644 437 91 288 309 445 420 371 414 366 482 616 15 546 192 134 663 21 458 68 241 123 421 568 206 578 137 647 120 272 442 359 358 185 146 324 470 50
693 656 215 554 131 165 144 491 170 195 183 17 268 199 387 566 150 276 282 526 368 281 310 505 503 512 278 631 60 253 204 249 570 533 25 347 556 260 157 524 311 67 525 218 370 484 496 128 680 39 580 28 254 569 227 8 692 113
225 608 139 597 665 629 66 338 149 79 552 112 628 551 561 483 441 619 299 490 557 530 187 516 352 327 159 257 645 386 261 440 485 110 365 487 321 478 576 589 270 492 244 267 117 563 649 224 331 472 51 571 621 486 671 222 161 457 94 424 323 410 537 452 678 1
263 277 652 604 587 650 559 336 679 648 302 140 307 274 450 592 19 550 419 392 521 178 59 247 635 611 355 602 210 378 217 322 453 369 581 698 252 579 292 201 58 497 544 695 510 495 143 138 610 114 62 376 85 191 228 86 536 107 102 394 78 438 57 34 211 489
653 586 601 667 315 290 427 177 125 612 36 248 620 226 493 354 626 696 265 80 96 126 422 350 393 339 428 319 258 245 81 344 4 325 477 507 186 598 689 468 687 673 181 97 71 205 294 462 295 232 256 395 154 513 406 474 668 540 434 596 595
588 304 197 76 152 175 237 606 55 164 234 172 242 173 279 269 379 637 230 200 534 75 416 332 677 676 436 69 646 220 203 56 208 198 657 229 641 65 271 532 22 412 531 169 404 101 345 6 176 20 77 481 519 429
577 130 389 426 605 408 640 432 351 88 346 334 613 465 306 539 634 27 397 163 283 291 308 666 415 83 459 233 23 506 402 547 529 89 236 390 700 317 106 364 385 374 600 326 193 119 84 26 669 363 499 400 599
609 209 162 417 583 145 212 479 300 585 439 250 514 411 463 135 348 699 361 444 582 682 29 384 63 451 688 54 64 509 360 31 37 340 171 109 391 313 46 320 642 115 196 670 289 535 456 166
316 367 357 318 684 87 251 286 235 615 18 661 575 343 407 372 488 136 430 104 449 40 190 179 167 409 518 73 517 129 435 255 207 447 98 189 636 622 259 560 446 142 425 118 691 305
660 565 542 273 48 3 155 45 108 413 328 47 266 461 301 664 473 624 618 603 219 42 508 377 238 617 475 464 675 399 70 243 12 573 280 182 625 5 184 591 293 188