18320
564 660 38 389 426 76 152 549 683 148 541 504 494 153 523 405 545 300 696 265 306 13 151 312 454 511 455 30 382 133 100 694 630 11 35 558 690 297 697 418 633 502 158 594 538 373 129 562 267 117 74 174 160 132 659 388 326 147 396 84 99 7 101 182 342 221 156 246 501 553 296 
61 381 93 522 527 681 398 72 9 408 121 284 145 515 10 164 234 354 626 465 231 223 49 368 355 393 480 471 52 33 239 40 190 262 459 321 168 353 32 43 617 639 657 317 21 500 53 528 662 285 374 600 572 555 362 674 82 2 672 467 446 275 498 214 298 638 520 305 
460 693 130 565 423 567 590 175 177 125 612 686 3 112 346 632 651 448 103 619 95 654 111 14 127 92 401 658 644 437 91 288 309 445 420 371 414 366 482 616 15 546 192 134 663 399 563 241 12 51 313 206 578 137 647 120 115 272 442 406 438 227 324 470 349 
337 584 656 215 554 131 165 144 491 170 195 248 268 199 387 566 150 383 80 247 96 136 303 461 301 664 278 631 60 253 344 249 570 579 533 25 347 556 492 89 435 255 476 67 525 340 189 636 22 412 531 680 560 39 580 359 358 185 537 692 211 489 
314 433 597 665 629 66 338 149 583 183 17 628 551 561 483 441 613 413 490 557 530 187 516 327 159 257 378 534 75 261 440 485 110 618 487 384 478 576 589 270 260 157 524 311 97 649 171 462 391 621 486 671 222 161 642 394 94 424 323 410 118 691 50 
653 586 277 652 604 587 650 559 336 679 648 302 140 307 274 450 592 19 550 419 548 178 59 539 47 281 310 645 210 386 217 322 453 369 179 698 252 403 506 58 497 544 695 510 495 143 685 106 114 62 376 85 191 228 86 536 107 102 78 625 5 57 34 596 595 
225 601 667 315 87 329 116 623 36 213 593 226 493 330 180 343 194 526 611 350 230 200 449 258 308 341 83 4 325 477 646 598 689 529 687 673 181 70 71 205 202 574 573 256 395 154 345 6 540 434 481 519 429 
263 304 197 162 141 216 273 606 55 105 287 469 172 45 585 407 372 488 634 16 335 339 428 319 416 332 677 204 603 219 42 63 220 203 56 208 475 236 390 207 641 65 271 532 571 128 169 404 196 569 176 20 77 113 166 
577 608 139 605 640 432 351 212 643 334 431 173 380 126 422 299 27 397 163 699 291 666 415 24 581 41 356 233 292 201 402 547 375 240 333 37 364 385 294 421 568 466 26 669 363 499 400 599 
609 209 543 290 427 417 122 88 18 661 575 392 521 439 250 514 637 463 135 348 283 245 444 582 682 29 507 23 451 688 54 64 198 360 31 138 610 98 331 472 109 496 193 46 320 457 513 142 425 184 591 293 456 
588 264 44 251 79 552 620 155 276 108 279 379 328 352 430 104 361 443 124 81 365 167 409 518 73 517 468 464 509 675 458 68 243 224 123 622 119 280 627 254 670 8 452 678 1 
316 367 357 318 684 542 237 48 286 235 615 479 655 242 282 614 635 269 607 266 411 602 505 503 512 473 624 676 436 69 186 508 377 238 90 244 700 229 447 218 370 484 295 232 259 28 474 668 146 289 535 188 
