563 315 366 92 388 542 43 548 337 272 47 285 152 522 225 18 544 654 612 382 379 12 150 280 326 349 392 338 427 99 629 10 676 203 296 696 417 632 501 157 346 237 89 561 674 137 609 339 131 293 599 570 146 395 465 98 6 100 344 155 245 500 33 210 488 
60 380 600 526 680 604 407 115 283 121 592 104 286 468 353 418 342 230 222 186 515 15 334 199 51 32 238 442 123 189 557 689 419 355 40 413 62 593 537 42 374 239 332 499 52 527 471 201 573 571 127 205 673 81 38 114 27 253 409 7 451 677 598 
459 336 129 564 276 263 422 566 86 215 120 685 2 514 9 642 631 650 430 281 613 634 110 13 126 91 400 657 436 90 287 308 261 458 232 365 481 401 546 467 434 254 266 398 159 11 483 621 620 118 679 646 119 271 441 405 357 175 226 323 292 455 165 
608 655 425 75 71 8 335 236 194 182 16 163 386 275 447 547 618 305 268 610 354 504 502 26 533 277 244 39 34 343 248 569 578 532 24 352 31 259 88 508 359 475 96 446 97 661 284 108 495 190 485 577 106 101 671 466 626 568 667 145 288 690 49 
262 607 683 596 151 65 124 611 54 111 627 17 44 391 520 193 94 653 487 633 158 454 29 385 260 439 484 109 252 364 486 383 477 575 588 167 376 202 463 197 662 66 562 648 113 223 122 420 572 670 83 456 423 322 669 183 590 534 187 
576 583 651 314 649 589 682 647 301 139 306 234 619 198 333 149 440 177 58 246 125 265 410 601 396 162 511 448 216 321 452 368 178 697 251 402 505 57 496 543 694 55 156 494 142 20 457 67 240 61 375 294 554 535 279 641 393 512 437 213 536 691 348 399 
652 585 208 214 289 426 328 250 78 551 273 492 329 625 695 264 79 525 46 529 636 644 209 663 318 257 59 623 444 3 324 476 22 597 555 616 207 191 523 316 36 70 204 373 461 390 312 85 221 160 445 5 539 433 480 304 
313 303 196 553 130 140 147 622 582 144 267 233 171 299 584 556 371 606 302 311 229 470 74 360 443 23 41 435 68 645 507 269 14 63 474 235 389 699 228 640 64 270 531 21 192 231 258 403 668 473 19 76 112 0 
224 432 161 174 490 169 605 87 614 345 550 560 482 464 538 95 135 453 510 479 256 377 282 290 472 80 675 28 506 185 219 688 128 133 206 105 363 384 50 325 227 361 255 136 25 579 181 341 362 498 469 518 
659 37 138 586 558 143 416 431 350 211 478 565 549 107 438 249 513 367 309 462 134 347 698 415 331 414 581 370 291 450 687 53 509 638 656 30 684 524 170 658 84 530 45 319 1 93 195 497 184 297 552 295 
587 356 666 664 628 639 148 35 212 449 591 154 179 102 172 278 378 327 351 429 103 643 307 340 82 580 166 408 681 517 72 516 545 528 686 310 116 73 173 330 188 635 567 168 559 153 358 220 274 141 424 117 595 428 
692 521 317 603 397 541 164 176 678 540 503 493 247 404 660 574 241 406 412 489 48 421 298 460 300 381 132 693 630 665 617 602 218 320 200 615 372 491 243 672 180 69 242 217 369 387 411 394 77 624 4 56 637 519 594 
