16291
564 316 367 93 209 543 44 549 683 148 541 504 494 248 268 628 551 545 655 448 103 306 13 151 281 310 463 455 30 382 133 100 694 630 453 369 558 690 297 697 418 633 502 158 556 238 90 562 675 117 74 70 160 12 600 326 147 396 84 99 7 101 182 342 221 156 246 501 553 456 166 
460 337 584 522 527 681 398 72 9 408 640 302 122 88 346 632 550 180 548 231 223 187 136 327 159 480 471 52 33 361 443 124 341 262 41 356 233 482 402 547 375 639 657 317 21 37 53 528 662 285 202 574 572 573 486 674 82 2 394 467 627 474 668 146 298 638 296 
61 314 38 264 567 590 141 216 121 48 3 515 10 643 479 651 431 282 95 654 111 14 127 92 401 658 644 437 217 322 11 309 445 420 29 414 366 451 688 54 468 464 240 333 458 68 243 65 218 370 484 22 412 232 578 137 647 120 272 442 196 363 227 8 692 520 595 
693 130 389 215 554 131 165 144 491 170 195 183 153 17 164 387 566 150 441 173 380 126 634 350 602 505 503 512 278 631 60 253 204 249 570 579 292 25 347 538 546 529 89 435 255 31 138 610 98 132 659 388 622 621 119 46 107 672 580 345 625 275 498 214 499 452 678 599 
381 608 139 597 665 629 66 338 149 79 552 112 493 561 483 465 178 59 539 490 49 422 299 393 335 339 428 75 261 440 485 40 190 618 487 321 478 576 589 270 129 244 524 311 67 563 649 331 472 374 462 295 228 671 222 161 39 94 424 254 670 537 113 519 
653 586 277 652 604 587 650 559 679 648 284 36 307 274 450 592 334 419 343 194 614 557 247 635 611 355 461 301 664 319 258 308 666 24 179 698 252 403 168 353 32 510 198 267 181 97 340 224 123 85 193 206 536 280 642 78 358 185 1 324 470 349 
263 601 667 290 427 329 273 583 145 523 155 45 585 265 80 526 47 266 411 27 257 378 534 245 81 344 4 325 477 507 186 598 689 373 492 157 687 207 641 71 205 294 391 531 256 395 154 513 406 438 57 184 591 293 188 
660 304 197 76 152 175 237 606 593 105 405 300 696 407 372 488 530 312 230 200 91 288 677 42 436 384 63 594 616 64 475 236 390 673 399 174 271 532 313 362 259 560 115 359 569 176 20 77 596 429 
225 656 426 605 336 417 432 351 212 199 19 354 242 619 96 368 516 454 397 163 283 239 332 415 83 581 459 371 23 506 58 497 544 43 617 495 143 685 106 364 385 51 496 191 86 466 26 669 5 34 211 489 
609 565 315 87 116 623 140 55 620 18 661 575 392 521 439 250 514 637 511 135 348 449 291 444 35 676 69 646 518 73 517 695 56 208 509 360 476 447 171 109 555 320 102 28 6 540 434 481 305 
588 433 542 251 286 235 615 287 234 172 276 108 279 379 328 352 430 104 699 416 110 365 167 409 201 220 203 260 700 229 525 241 189 636 571 128 169 404 446 142 425 118 691 50 
577 357 318 684 423 162 177 125 612 686 213 226 469 330 626 613 383 413 269 607 303 16 645 210 386 473 624 582 603 219 533 682 508 377 15 192 134 663 500 114 62 376 421 568 680 457 323 410 289 535 400 
