14526
564 316 367 389 426 44 66 338 48 504 494 248 620 346 632 483 441 306 13 151 312 454 27 397 348 52 33 291 308 341 24 558 690 459 233 292 158 594 538 373 468 464 117 267 447 160 132 659 313 228 119 46 395 672 467 342 221 275 246 501 553 296 
61 381 38 433 315 87 408 116 623 122 88 105 287 469 330 180 343 231 223 187 136 303 511 480 471 75 437 91 332 415 83 581 41 356 409 201 58 497 544 695 510 495 143 106 364 528 662 285 374 600 572 622 362 256 161 647 394 78 254 498 214 298 638 520 
609 565 527 587 650 559 336 640 149 36 213 593 112 18 655 242 282 95 654 111 14 127 92 401 658 283 440 322 288 677 445 420 29 414 366 482 616 15 64 134 524 311 97 53 218 370 388 326 147 396 466 560 120 359 358 185 1 324 470 349 
653 586 277 656 215 554 131 165 144 491 170 195 183 17 164 387 566 150 585 265 80 526 611 355 393 339 428 133 361 245 473 253 204 249 570 579 533 25 347 556 260 157 639 657 229 70 243 649 331 472 202 573 486 169 457 115 272 442 196 6 540 499 452 678 599 
693 357 667 597 665 629 329 273 286 153 628 551 561 651 431 383 413 328 47 281 411 430 104 386 278 485 110 42 371 682 63 589 270 546 529 687 673 181 37 114 189 636 571 128 536 280 2 39 580 182 323 410 537 692 293 456 166 
225 608 139 162 141 679 648 302 140 307 274 450 592 334 419 548 178 59 539 368 516 352 602 505 503 382 100 694 630 453 369 179 698 252 403 168 353 32 129 509 360 476 458 68 65 62 376 462 295 232 578 107 102 94 627 438 57 184 591 400 429 
460 588 93 522 318 152 549 177 125 612 686 3 268 226 493 172 448 103 173 380 126 96 310 645 210 534 319 416 40 190 344 4 325 477 507 186 508 377 43 375 198 663 67 525 205 294 574 191 206 222 137 154 513 406 474 668 146 434 481 305 
314 130 264 543 290 427 237 606 55 234 354 45 465 407 372 488 634 16 335 200 449 258 444 35 676 436 69 478 576 220 203 617 475 236 390 207 500 271 532 85 193 86 674 82 642 446 569 176 20 77 596 595 
660 304 197 76 72 9 683 148 541 351 212 199 19 550 626 613 619 247 490 557 530 422 327 159 455 163 512 217 11 309 262 297 697 418 633 23 506 402 547 192 244 700 317 21 641 71 385 51 22 412 531 671 320 26 669 363 227 34 211 489 
337 584 652 604 567 590 251 583 145 515 10 643 479 661 575 392 521 439 250 514 49 299 230 257 30 699 666 618 603 219 321 451 688 54 56 208 562 675 138 610 98 171 109 391 621 680 404 28 156 670 118 691 50 
263 601 684 423 605 175 121 284 79 235 615 155 276 108 279 379 637 463 135 378 644 239 443 124 81 365 167 646 518 73 517 238 90 240 333 685 74 174 241 12 484 496 555 84 99 7 101 424 142 425 8 113 519 
577 209 681 398 542 216 417 432 552 523 405 545 300 696 194 614 635 269 607 266 350 461 301 664 261 631 60 624 582 487 384 502 598 689 492 89 435 255 31 399 563 340 224 123 421 568 259 345 625 5 289 535 188 
