18509
61 314 38 389 215 44 549 683 148 48 504 494 248 268 592 551 545 655 626 696 265 306 13 530 312 454 511 455 163 52 100 694 630 332 677 558 690 297 697 418 633 502 158 594 538 373 129 475 236 143 399 174 241 12 484 391 621 486 671 222 99 7 101 182 342 221 156 246 501 553 296 
577 522 527 681 398 72 9 408 116 284 36 213 593 112 287 469 330 419 548 231 223 187 136 310 339 512 278 631 444 445 420 477 507 186 168 353 32 43 617 495 207 447 528 662 285 202 574 572 191 228 362 674 82 2 39 580 359 625 275 498 214 434 481 305 
460 693 130 652 423 162 175 144 491 417 432 552 450 346 479 276 448 103 194 614 95 654 111 14 127 92 401 658 644 437 217 322 288 309 262 459 371 366 482 616 203 546 192 134 663 21 458 68 53 218 370 388 326 147 206 256 137 647 120 115 272 442 446 6 540 499 470 349 400 
609 565 604 554 131 216 121 195 183 153 523 226 387 566 150 441 282 526 611 328 430 104 449 239 60 253 204 249 570 23 25 347 544 695 529 89 390 700 229 106 364 171 109 496 555 119 680 560 394 94 196 569 227 8 692 293 456 
263 608 139 426 76 665 629 66 338 149 686 3 515 10 493 561 651 431 383 413 490 557 47 281 327 463 135 378 534 319 440 485 40 35 365 487 321 478 508 377 238 90 244 524 311 117 563 649 331 472 374 600 412 396 169 161 642 28 254 5 537 452 678 599 
588 601 264 597 87 336 640 623 140 307 274 620 199 19 550 180 343 619 247 635 368 516 16 645 210 386 361 245 110 618 603 219 42 506 58 497 492 435 255 476 97 340 62 376 462 313 531 536 280 154 345 438 57 34 596 429 
564 225 433 543 290 427 177 125 612 79 235 615 155 300 585 80 96 126 303 352 461 301 30 664 261 258 81 344 4 325 69 646 598 556 260 157 687 673 181 641 71 205 294 85 193 232 578 395 672 513 406 474 668 146 1 324 211 489 
653 586 304 197 567 590 141 237 541 286 17 164 234 172 242 173 380 299 151 355 602 505 503 382 33 291 453 369 676 436 384 579 533 576 220 689 56 208 562 267 500 114 189 636 571 128 259 78 358 176 20 77 113 166 
316 367 277 318 684 605 165 170 583 145 105 405 334 613 521 178 59 539 269 607 266 411 27 397 348 133 308 666 415 83 41 356 233 292 201 402 547 375 240 333 138 610 98 385 51 295 86 466 26 669 363 185 289 519 
660 93 209 315 650 559 679 648 302 351 212 643 632 483 108 439 250 514 49 422 159 480 471 75 416 11 624 582 682 29 414 63 451 688 54 468 464 198 675 685 37 160 132 659 22 622 46 320 404 467 627 323 670 184 591 535 188 
381 357 667 587 542 329 251 122 88 18 661 575 392 279 379 637 230 257 428 283 443 124 190 24 581 167 409 518 73 517 510 639 657 317 67 525 271 532 568 107 102 424 142 425 118 691 50 
337 584 656 152 273 606 55 628 354 45 465 407 372 488 634 350 393 335 200 699 91 473 341 179 698 252 403 589 270 15 64 509 360 31 74 70 243 65 224 123 421 573 84 457 410 298 638 520 595 
