16536
61 314 130 565 604 587 650 559 683 148 541 504 494 248 620 346 551 545 655 242 173 306 13 530 422 327 159 455 163 52 100 694 443 124 341 262 297 697 418 633 502 158 594 538 373 43 617 562 267 117 74 70 160 132 659 600 571 147 206 536 280 2 7 101 182 342 221 156 246 501 553 296 
460 588 304 197 398 72 9 408 116 623 122 88 105 287 469 330 180 548 231 223 187 136 328 230 200 534 75 217 485 40 190 344 4 325 477 646 168 353 32 56 208 639 657 317 21 500 53 528 662 285 374 462 412 396 46 107 647 120 115 272 442 359 275 498 214 298 638 520 1 
263 93 522 318 426 554 131 141 216 121 284 686 3 515 10 164 632 651 448 103 194 614 95 654 111 14 127 92 401 658 644 437 91 332 677 42 371 414 366 482 616 15 546 192 134 663 458 68 243 65 218 370 388 326 193 232 671 222 137 154 669 363 185 324 470 349 
577 38 264 543 87 336 679 648 302 140 55 199 387 566 150 441 282 526 368 516 352 602 505 503 382 133 239 308 309 204 249 570 579 292 25 347 556 492 89 435 255 31 685 37 241 12 484 391 621 531 680 560 672 94 345 254 670 537 692 113 519 
564 225 608 139 597 665 629 66 338 612 79 235 615 628 561 575 392 521 439 250 490 557 47 266 411 393 339 512 278 288 110 365 487 384 478 576 589 270 129 244 524 311 138 563 649 385 51 22 622 228 362 674 161 457 580 446 6 540 499 452 678 599 
660 277 652 215 542 165 237 606 307 274 450 592 19 550 419 585 178 59 539 488 634 16 335 480 471 699 440 322 453 369 179 698 252 403 58 497 544 695 510 495 143 610 340 224 123 85 191 486 169 99 394 467 406 438 57 34 211 489 
381 433 681 152 175 144 491 417 432 552 226 493 354 626 613 265 80 96 126 281 310 463 135 348 33 258 245 81 445 420 356 41 186 598 689 529 687 673 181 641 71 205 294 421 568 86 256 82 404 424 474 668 146 434 481 305 
693 357 667 76 44 549 177 125 195 213 593 112 155 300 696 407 372 151 312 454 511 397 428 319 291 60 253 676 436 69 533 201 220 203 90 700 229 447 98 271 532 572 128 578 395 39 196 142 20 77 596 595 
609 656 315 290 427 329 273 583 145 523 405 334 431 383 380 514 637 27 257 378 386 361 666 415 83 581 459 233 23 506 402 547 375 240 333 106 364 331 472 202 574 573 119 320 642 78 625 5 184 591 400 429 
316 367 209 527 567 590 640 149 351 212 643 479 483 343 619 247 635 611 355 645 210 664 261 631 444 582 682 29 507 63 451 688 54 468 464 198 675 399 174 114 62 376 496 555 84 26 513 358 176 227 8 535 188 
337 584 389 605 170 48 286 153 234 172 276 108 279 269 379 299 430 104 449 416 11 35 24 558 690 167 409 518 73 517 260 157 509 360 476 67 525 189 636 295 259 28 569 425 118 691 50 
653 586 601 684 423 162 251 36 183 17 268 18 661 45 465 413 49 607 303 350 461 301 30 283 630 473 624 618 603 219 321 508 377 238 64 475 236 390 207 97 171 109 313 466 102 627 323 410 289 293 456 166 
