18052
61 660 38 389 215 44 549 683 148 48 504 494 248 268 592 551 545 655 626 585 265 306 13 530 312 454 511 455 163 52 100 694 291 332 677 558 690 297 697 418 633 502 158 594 538 373 129 475 236 390 207 399 174 241 12 484 391 621 362 674 99 7 101 182 342 221 156 246 501 553 296 
577 601 527 681 398 72 9 408 116 623 36 213 593 112 287 469 330 419 548 231 223 187 136 310 339 664 278 631 444 445 420 477 507 186 168 353 32 43 617 495 143 447 528 662 285 202 574 572 191 228 119 82 2 39 580 28 625 275 498 214 434 481 305 
460 693 130 652 423 162 165 144 491 417 432 552 450 346 479 276 448 103 194 614 95 654 111 14 127 92 401 658 644 437 217 322 288 309 262 459 371 366 482 616 203 546 192 134 663 21 458 68 53 218 370 388 326 147 206 222 137 647 120 115 272 442 406 6 540 324 470 349 1 
609 565 604 554 131 216 121 195 183 153 523 226 387 566 150 441 282 526 611 328 430 104 449 239 60 253 204 249 570 23 25 347 544 695 529 89 435 700 229 106 364 171 109 496 555 671 680 560 394 94 424 569 227 8 692 113 519 
263 608 139 426 76 665 629 338 149 686 3 515 10 493 561 651 431 383 413 490 557 47 281 327 463 135 378 534 319 440 485 40 35 365 487 321 478 508 377 238 90 244 524 311 117 563 649 331 472 374 412 531 169 161 642 359 254 5 537 452 678 599 
314 277 264 597 87 336 251 140 307 274 620 199 19 550 180 343 80 247 635 368 516 16 645 210 386 361 245 110 618 603 219 42 506 58 497 492 157 255 476 641 340 62 376 462 313 396 84 154 345 438 57 34 596 429 
564 225 433 543 290 427 177 125 612 79 235 615 155 300 696 619 96 126 303 352 461 301 382 33 258 81 344 4 325 69 646 598 556 260 687 673 181 97 71 205 294 85 193 232 256 395 672 513 474 668 146 499 211 489 
653 586 304 197 567 590 141 237 541 286 17 164 234 172 242 173 380 299 151 355 602 505 503 512 630 453 369 676 436 384 579 533 576 220 689 56 208 562 267 500 114 189 636 571 128 536 280 457 78 358 176 20 77 400 166 
337 584 522 318 684 605 66 273 284 583 145 105 405 334 613 521 178 59 539 269 607 266 411 27 397 348 133 308 666 415 83 41 356 233 292 201 402 547 375 240 333 138 610 98 385 51 295 578 107 26 669 363 185 289 535 456 
588 93 209 315 650 559 679 648 302 351 212 643 632 483 108 439 250 514 49 422 159 480 471 75 261 416 11 624 582 682 29 414 63 451 688 54 468 464 198 675 685 37 160 132 659 600 22 622 86 466 404 467 627 323 670 184 591 293 188 
381 357 667 587 542 329 640 122 88 18 661 575 392 279 379 637 230 257 428 283 443 124 190 24 581 167 409 518 73 517 510 639 657 317 67 525 271 532 568 46 320 102 196 142 425 118 691 50 
316 367 656 152 175 170 606 55 628 354 45 465 407 372 488 634 350 393 335 200 30 699 91 473 341 179 698 252 403 589 270 15 64 509 360 31 74 70 243 65 224 123 421 573 486 259 446 410 298 638 520 595 
