563 608 388 542 43 335 147 540 503 493 247 619 225 492 171 241 172 379 12 150 311 462 134 377 511 693 629 331 676 557 689 296 696 417 632 501 157 687 537 55 207 561 674 66 524 217 369 387 621 620 530 670 168 98 119 114 181 341 155 245 500 552 295 
60 380 356 666 566 289 426 164 143 120 283 121 592 111 286 468 329 650 447 102 230 222 186 515 351 601 479 470 51 32 360 39 189 261 40 355 232 167 352 31 42 616 638 656 228 363 527 661 284 373 599 571 554 361 255 136 646 100 423 624 274 497 213 297 637 519 594 
576 129 564 214 541 678 647 35 182 152 16 163 233 353 430 193 613 94 653 110 13 126 26 396 347 448 415 287 308 444 41 370 413 62 593 615 374 197 662 137 69 242 64 11 483 21 411 231 85 673 81 641 393 445 141 424 33 210 488 
224 655 425 553 130 65 490 169 194 54 478 565 149 584 177 58 538 46 280 309 504 502 381 132 99 321 10 34 23 580 458 320 365 481 588 269 14 545 191 133 266 116 96 446 159 131 658 294 227 465 38 668 473 667 145 536 691 112 518 
652 585 276 263 664 628 328 639 148 78 551 267 627 550 560 482 440 520 438 249 489 556 529 636 229 256 158 260 439 484 109 364 166 408 24 346 53 467 463 508 359 30 36 240 188 635 573 572 205 45 319 160 456 579 27 253 669 7 451 677 0 
262 651 603 586 649 558 682 416 301 139 306 273 449 17 660 574 391 618 246 634 610 354 410 644 209 663 90 59 252 203 697 251 402 505 57 496 543 694 509 494 142 684 105 113 61 375 84 190 577 106 101 671 195 568 56 117 690 49 
459 336 583 432 314 86 407 176 124 611 685 212 514 404 544 654 625 612 382 79 95 125 421 298 460 300 29 643 257 244 80 343 3 324 476 645 450 688 259 156 686 672 180 640 70 204 293 461 325 192 221 153 512 405 362 184 433 480 304 
313 600 526 680 161 174 337 605 87 104 345 631 549 179 547 406 371 487 633 15 334 199 533 318 238 452 368 675 435 68 477 575 219 202 89 699 316 20 457 67 52 170 108 495 146 395 83 559 77 357 175 19 76 595 428 
692 37 208 422 604 215 272 431 350 211 198 333 418 342 281 525 367 302 326 91 400 657 698 290 307 665 414 82 419 28 506 291 200 401 546 528 88 434 254 475 499 339 270 531 570 127 118 679 403 93 344 437 226 323 469 348 
659 607 138 596 589 140 115 622 582 144 522 154 275 107 278 48 606 265 453 510 454 162 74 436 630 443 581 486 383 532 681 507 376 372 63 239 332 73 609 97 330 471 201 390 485 279 1 6 271 441 626 5 539 498 292 187 
587 92 521 317 683 75 71 8 250 285 234 614 591 18 299 695 264 305 268 378 327 429 103 385 277 442 123 340 178 248 569 22 517 72 516 128 474 235 389 206 398 562 384 50 312 535 394 466 358 220 4 183 590 399 598 
315 366 303 196 397 151 548 236 47 2 9 642 386 44 464 412 513 135 349 392 338 427 282 216 472 623 617 602 218 578 185 597 555 237 491 243 523 310 173 648 223 122 420 567 258 25 322 409 288 534 455 165 
