14982
61 381 38 433 681 398 152 549 216 148 541 504 494 248 620 346 632 550 626 613 383 380 514 136 350 461 301 30 133 100 694 631 444 24 558 690 297 697 418 507 23 25 616 238 492 157 562 675 74 174 114 189 636 572 622 621 362 280 560 7 580 182 342 221 156 246 501 553 296 
460 337 584 522 318 684 423 72 9 408 116 623 122 88 105 287 469 330 180 343 231 223 49 607 266 393 335 480 471 52 33 361 485 40 190 262 41 356 633 502 168 353 32 373 129 639 657 317 21 458 68 53 528 662 285 202 574 573 486 46 320 161 39 115 272 442 254 410 298 638 520 595 
263 130 565 604 567 590 141 121 284 686 3 515 592 551 545 655 448 548 619 95 654 111 14 127 92 401 658 644 437 91 288 677 445 420 29 414 292 158 594 538 43 617 240 333 500 243 649 218 370 484 496 555 671 222 137 647 120 94 345 625 275 498 214 1 324 470 349 
564 225 601 527 215 44 165 144 491 170 195 213 593 268 226 479 566 150 585 413 328 47 281 411 602 397 428 261 291 308 309 204 249 570 579 186 598 689 695 56 208 435 255 476 641 65 331 472 374 462 326 193 232 86 84 457 78 569 227 8 692 113 519 
314 608 139 426 76 665 629 66 338 149 79 235 615 628 561 483 441 282 526 611 355 430 104 386 258 473 624 582 487 384 533 576 589 270 15 90 244 524 311 67 525 340 12 600 571 147 396 256 82 2 154 513 406 323 670 537 452 678 599 
653 586 277 264 162 683 417 432 140 307 274 450 18 661 575 103 194 614 635 269 368 303 327 159 455 163 512 217 322 453 369 179 698 252 403 506 58 497 544 510 495 143 685 106 364 62 376 85 191 228 466 102 394 467 627 438 57 34 211 489 
577 656 315 290 427 177 125 612 36 183 17 493 354 242 265 80 247 126 96 310 505 503 382 319 416 81 344 4 325 477 646 347 556 192 687 673 181 37 71 385 51 295 206 578 395 669 474 668 146 434 481 305 
588 304 197 587 542 679 648 606 55 10 164 234 172 276 108 279 379 637 230 200 283 239 60 332 676 436 69 478 508 377 260 475 236 390 207 70 241 132 659 388 313 119 259 404 101 424 358 176 20 77 596 
609 389 597 87 336 640 48 351 212 199 19 651 431 173 557 306 13 187 516 16 645 210 449 440 666 415 83 581 459 233 366 482 402 547 375 700 229 447 205 294 421 568 674 99 359 5 499 293 188 
316 367 93 209 543 650 559 237 302 583 145 523 405 334 419 392 521 439 250 490 151 312 454 511 339 664 278 630 11 35 618 603 219 321 63 451 688 54 468 464 198 663 399 563 171 109 22 128 680 642 446 6 540 184 591 400 429 
693 357 667 554 131 329 273 552 112 155 45 465 407 372 488 530 422 299 27 257 378 534 75 443 124 341 42 371 682 518 73 517 546 529 89 509 360 31 138 610 98 271 532 412 531 536 107 672 28 142 425 118 691 50 
660 652 605 175 251 286 153 643 387 300 696 178 59 539 634 352 463 135 348 699 245 110 253 365 167 409 201 220 203 64 134 267 117 97 160 224 123 391 169 26 196 363 185 289 535 456 166 
