563 315 366 432 542 43 548 215 272 47 503 493 247 267 404 544 654 241 172 556 305 12 529 421 453 26 396 162 511 693 629 331 676 557 689 296 696 417 632 501 157 593 537 89 561 266 116 73 173 527 131 658 599 495 146 395 168 98 38 466 626 322 409 33 210 488 
60 380 356 666 397 71 8 328 639 622 121 592 111 17 660 574 102 230 222 186 135 48 298 392 334 479 470 51 277 290 39 189 23 580 458 383 532 681 352 31 372 42 616 638 656 228 499 70 661 284 201 573 571 554 361 673 81 25 181 253 497 213 297 637 519 594 
459 692 129 564 526 289 426 164 143 120 283 685 54 9 642 478 299 695 193 613 94 653 110 13 126 91 400 657 132 99 415 287 308 444 419 28 413 365 481 615 14 545 191 133 206 398 562 159 217 369 387 567 205 577 136 646 119 271 441 358 357 184 0 323 469 348 
336 583 655 214 553 130 65 490 169 194 182 152 522 386 565 149 440 281 525 46 327 349 601 504 502 381 318 257 472 252 203 248 569 578 291 24 346 555 528 88 434 254 475 66 524 240 11 483 312 485 83 559 671 579 27 141 424 7 691 112 518 
224 607 138 680 649 558 147 540 35 212 614 627 550 560 482 464 177 58 538 489 150 280 309 158 256 377 533 74 260 439 484 109 364 486 320 477 575 588 269 128 243 523 310 36 64 330 471 373 390 620 530 670 221 160 456 93 195 155 669 288 534 428 
652 585 521 317 566 589 335 678 647 301 139 306 273 449 591 18 549 179 342 618 246 634 367 515 351 326 644 209 385 630 443 581 697 251 22 505 57 496 543 694 509 494 142 20 137 609 648 188 635 570 127 535 106 101 393 77 437 56 183 590 399 598 
262 600 683 314 86 176 124 611 78 551 225 492 329 625 612 264 79 95 610 354 510 338 427 643 436 360 244 80 343 3 324 476 506 200 219 202 259 686 672 180 69 242 204 293 420 621 227 255 394 153 512 405 473 667 539 433 480 304 
313 303 263 596 604 174 115 605 87 163 233 353 418 584 406 371 487 633 229 199 698 90 452 368 675 435 68 645 597 688 63 474 235 389 699 316 457 446 97 384 50 21 411 231 85 465 403 114 344 220 5 145 19 76 595 
587 92 388 425 75 151 407 236 350 211 345 631 650 430 382 379 125 302 15 454 29 663 307 665 414 82 41 370 402 167 401 546 374 239 332 105 363 270 531 84 190 118 679 641 100 341 568 175 536 451 677 187 
608 276 651 603 161 140 337 148 582 144 514 619 154 44 391 520 412 268 606 265 410 462 134 347 282 216 321 10 34 261 40 355 232 62 450 687 53 467 463 197 359 30 684 67 339 223 122 461 572 45 319 1 6 668 4 498 292 455 165 
576 208 422 664 628 250 285 234 104 286 468 171 447 547 278 378 311 429 103 32 238 442 123 340 178 166 408 517 72 516 237 55 207 508 674 640 113 61 375 294 279 445 362 226 117 690 49 
659 37 196 586 541 682 416 431 2 16 198 333 275 107 438 249 513 636 460 300 448 59 623 617 602 218 185 507 376 491 156 662 96 52 170 108 325 192 258 423 624 274 245 500 552 295 
