15261
61 660 93 522 318 290 427 165 144 491 170 48 504 494 248 620 592 551 545 655 626 585 265 306 13 151 281 411 463 455 30 382 133 100 694 291 666 415 24 558 690 297 697 418 371 158 594 538 373 56 208 475 236 390 673 181 74 70 243 649 12 484 391 621 531 466 2 7 101 182 342 438 227 324 470 349 
225 601 684 423 567 590 329 116 284 36 213 593 112 287 469 330 180 343 231 223 187 136 310 335 200 386 440 322 453 369 42 41 477 507 186 576 353 32 43 617 134 663 21 37 53 528 662 285 202 574 572 191 228 119 46 99 39 115 272 345 625 275 498 214 434 481 519 
263 277 656 543 44 549 251 552 450 155 276 448 103 194 614 95 654 111 14 127 92 401 658 644 437 217 308 341 83 581 487 321 366 482 616 238 64 509 207 447 65 218 370 388 22 412 232 86 169 102 394 442 196 6 540 289 293 188 
460 693 38 433 597 554 131 141 216 121 195 183 17 164 387 566 150 441 173 80 96 611 355 602 505 503 699 278 631 60 253 204 249 570 579 533 598 689 695 529 89 435 700 229 458 68 340 171 421 622 396 320 161 642 94 627 474 668 146 537 692 211 489 
564 588 608 139 426 76 665 629 66 338 149 686 3 268 226 493 561 651 431 383 178 59 539 490 557 530 312 454 511 135 378 534 75 258 245 444 262 459 233 478 508 377 90 244 524 311 97 98 331 472 374 600 496 555 362 674 82 672 467 359 254 5 499 452 678 599 
314 130 264 605 336 273 623 140 55 10 199 19 550 419 548 619 247 635 368 516 16 645 210 664 319 361 485 110 618 603 219 23 506 58 497 544 260 157 198 360 476 500 224 123 85 147 671 256 395 580 28 221 156 246 501 34 596 595 
609 565 527 162 408 177 125 612 79 235 515 346 632 300 696 282 526 47 266 328 461 301 512 91 40 190 344 4 167 409 25 347 556 510 495 143 641 71 205 294 462 326 193 680 560 446 363 185 298 553 296 
316 367 304 197 587 650 559 237 541 286 153 523 234 172 242 380 126 422 299 230 257 163 33 630 11 35 676 436 384 292 201 220 203 492 562 675 138 563 241 189 636 571 128 206 536 280 647 120 78 358 176 20 77 113 166 
337 584 652 604 152 175 417 302 583 145 105 18 661 575 392 279 269 379 637 27 397 348 52 416 288 309 445 420 356 633 502 168 402 547 375 255 31 685 106 364 385 51 313 486 578 107 26 513 406 323 670 1 535 456 
577 357 667 315 87 683 148 432 351 212 643 479 483 108 439 250 514 327 159 480 471 261 473 624 582 682 29 414 63 451 688 54 468 464 240 333 399 174 160 132 659 109 295 222 137 154 569 57 184 591 400 429 
381 389 215 542 679 648 122 88 405 334 613 521 413 49 607 303 352 430 104 449 239 443 124 81 365 325 69 646 518 73 517 129 639 657 317 67 525 271 532 568 259 457 669 142 425 118 691 50 
653 586 209 681 398 72 9 640 606 307 274 615 628 354 45 465 407 372 488 634 350 393 339 428 283 332 677 179 698 252 403 589 270 15 546 192 687 267 117 610 114 62 376 573 84 404 424 410 8 638 520 305 
