17938
61 314 433 681 398 152 549 683 148 541 504 494 248 268 346 632 550 180 103 173 380 514 136 454 511 339 428 133 100 694 631 11 35 24 558 690 297 697 371 23 25 347 689 546 192 562 675 685 74 70 160 132 659 388 22 622 621 362 674 82 2 7 101 182 342 221 156 246 501 553 305 
337 93 522 318 426 76 72 9 329 116 623 122 88 105 287 469 354 45 465 231 223 368 516 16 335 480 471 52 33 361 485 40 190 262 41 356 633 502 598 556 238 492 89 639 657 317 21 97 53 528 662 285 202 574 572 573 86 46 320 161 672 272 442 359 254 410 298 638 296 
460 693 130 389 567 590 165 216 121 284 686 3 515 620 592 551 545 242 619 95 654 111 14 127 92 401 658 75 437 91 288 677 445 420 29 414 292 158 594 538 373 43 617 134 267 458 68 243 649 218 370 484 313 531 671 256 137 647 120 115 345 625 275 498 214 1 324 470 349 
584 38 209 215 554 131 144 491 170 195 213 593 643 479 566 150 441 282 526 47 281 310 505 503 30 386 261 291 308 309 204 249 570 579 186 168 353 32 56 208 435 117 476 67 525 241 12 462 326 193 232 536 280 642 580 28 569 227 8 692 113 519 
564 588 608 139 597 665 629 66 338 149 79 235 112 628 561 483 343 613 413 49 187 312 430 104 644 258 245 473 624 582 487 384 533 576 589 270 15 90 244 524 311 138 610 98 331 472 374 600 496 147 396 107 457 94 424 323 670 537 452 678 400 
653 586 277 652 604 605 175 679 648 302 140 307 274 450 18 661 575 521 194 614 557 247 635 611 355 411 463 455 163 512 217 322 453 369 179 698 252 403 506 58 497 544 695 529 198 663 500 114 62 376 85 191 228 466 102 394 467 406 438 57 34 520 595 
577 225 601 527 290 427 177 125 612 36 183 17 226 493 330 626 696 265 80 96 126 422 327 602 135 378 449 416 81 344 4 325 418 507 366 482 616 64 687 673 181 641 71 385 51 295 578 395 154 513 474 668 146 434 481 489 
263 197 587 542 408 237 606 55 164 234 172 276 108 279 379 328 352 461 301 382 239 60 332 676 436 69 478 220 203 260 157 475 236 390 700 229 37 364 271 532 555 119 259 404 78 358 176 20 77 596 429 
609 565 684 315 87 336 417 432 351 212 199 19 651 431 383 306 13 151 299 393 397 348 699 440 666 415 83 581 459 233 201 402 547 375 255 207 106 205 294 421 568 169 26 669 5 499 211 599 
316 367 656 543 650 559 251 583 145 523 387 300 392 439 250 490 266 350 230 200 283 630 444 618 603 219 321 63 451 688 54 510 495 143 399 563 340 171 109 571 128 206 222 560 39 627 363 185 184 591 293 188 
381 357 667 44 640 48 552 615 155 655 448 548 407 372 488 530 637 645 210 664 278 443 124 341 42 477 646 518 73 517 129 509 360 31 447 65 189 636 412 680 446 142 425 118 691 50 
660 304 264 423 162 141 273 286 153 10 405 334 419 585 178 59 539 269 607 303 634 27 257 159 534 319 110 253 365 167 409 682 508 377 468 464 240 333 174 224 123 391 486 84 99 196 6 540 289 535 456 166 
