15416
564 316 367 389 543 44 549 683 148 541 504 494 248 268 405 545 655 242 173 557 306 13 530 637 230 257 30 382 133 100 694 630 444 24 558 690 297 697 418 507 292 158 594 538 373 90 562 675 685 74 174 160 132 659 388 326 147 396 466 99 7 101 182 342 221 275 246 501 553 296 
61 381 93 522 318 398 72 9 408 116 623 583 145 105 287 469 330 180 548 231 223 368 516 352 159 480 471 52 33 239 332 190 262 41 29 414 366 168 353 32 43 375 639 657 229 458 68 53 528 662 285 202 574 572 573 86 674 82 2 672 467 627 254 498 214 298 638 520 595 
460 588 304 197 567 590 141 216 121 284 686 3 515 10 643 479 651 448 103 619 95 654 111 14 127 92 401 658 644 437 91 11 309 445 581 167 409 482 616 15 546 192 134 663 21 500 243 65 218 370 600 313 206 222 137 647 120 115 272 442 359 625 5 324 470 349 
225 656 215 554 131 165 144 491 170 195 183 153 523 387 566 150 343 194 614 635 187 96 350 393 335 200 386 278 631 60 253 204 249 570 579 533 25 347 556 56 208 435 255 476 67 525 241 12 484 496 555 119 680 560 39 580 196 156 670 537 692 211 489 
263 130 139 597 665 629 66 338 149 79 17 628 551 561 483 613 178 59 539 490 151 281 310 505 503 534 75 261 440 485 40 35 365 487 321 478 576 589 270 129 244 524 311 106 364 331 472 294 421 622 621 486 671 169 161 457 94 424 323 410 289 535 456 166 
653 586 277 652 604 76 650 559 336 679 648 140 307 274 620 592 334 419 585 265 80 247 49 607 303 16 645 210 664 217 322 453 369 179 698 252 403 58 497 544 695 510 495 143 138 610 114 62 376 462 191 228 536 107 102 394 345 438 57 34 596 429 
693 357 667 315 290 427 177 125 612 552 450 226 493 354 626 696 282 526 47 266 430 104 449 258 245 81 344 4 325 477 646 598 689 64 475 700 317 37 71 205 374 391 232 256 395 154 513 406 474 668 146 434 481 305 
314 38 209 426 152 175 237 606 55 164 234 172 45 441 407 372 488 634 411 463 455 163 512 416 288 677 618 603 219 233 201 220 203 260 157 236 390 673 181 641 340 271 532 22 412 531 259 78 358 176 20 77 113 519 
660 608 264 423 605 329 640 302 122 88 199 19 550 431 383 380 126 422 299 27 397 348 283 291 308 666 415 83 420 356 633 23 506 402 547 529 687 267 117 563 385 51 85 193 84 642 446 6 540 499 452 678 1 
609 565 527 162 417 432 351 212 18 661 575 392 521 439 250 514 136 327 602 135 378 699 361 473 624 582 371 682 63 451 688 54 617 198 360 31 399 70 171 109 568 362 46 320 26 28 142 425 8 293 188 
337 584 433 681 87 251 36 213 593 112 346 632 300 465 279 269 379 312 454 511 339 428 443 124 341 42 459 384 502 518 73 517 238 492 89 509 207 447 98 189 636 571 128 578 404 569 227 118 691 50 
577 601 684 587 542 273 48 286 235 615 155 276 108 413 328 611 355 461 301 319 110 676 436 69 186 508 377 468 464 240 333 97 649 224 123 295 280 669 363 185 184 591 400 599 
