564 316 367 433 543 44 549 216 273 48 504 494 248 268 405 545 655 242 173 557 306 13 530 422 454 27 397 163 512 694 630 332 677 558 690 297 697 418 633 502 158 594 538 90 562 267 117 74 174 528 132 659 600 496 147 396 169 99 39 467 627 323 410 34 211 489
61 381 357 667 398 72 9 329 640 623 122 593 112 18 661 575 103 231 223 187 136 49 299 393 335 480 471 52 278 291 40 190 24 581 459 384 533 682 353 32 373 43 617 639 657 229 500 71 662 285 202 574 572 555 362 674 82 26 182 254 498 214 298 638 520 595
460 693 130 565 527 290 427 165 144 121 284 686 55 10 643 479 300 696 194 614 95 654 111 14 127 92 401 658 133 100 416 288 309 445 420 29 414 366 482 616 15 546 192 134 207 399 563 160 218 370 388 568 206 578 137 647 120 272 442 359 358 185 1 324 470 349
337 584 656 215 554 131 66 491 170 195 183 153 523 387 566 150 441 282 526 47 328 350 602 505 503 382 319 258 473 253 204 249 570 579 292 25 347 556 529 89 435 255 476 67 525 241 12 484 313 486 84 560 672 580 28 142 425 8 692 113 519
225 608 139 681 650 559 148 541 36 213 615 628 551 561 483 465 178 59 539 490 151 281 310 159 257 378 534 75 261 440 485 110 365 487 321 478 576 589 270 129 244 524 311 37 65 331 472 374 391 621 531 671 222 161 457 94 196 156 670 289 535 429
653 586 522 318 567 590 336 679 648 302 140 307 274 450 592 19 550 180 343 619 247 635 368 516 352 327 645 210 386 631 444 582 698 252 23 506 58 497 544 695 510 495 143 21 138 610 649 189 636 571 128 536 107 102 394 78 438 57 184 591 400 599
263 601 684 315 87 177 125 612 79 552 226 493 330 626 613 265 80 96 611 355 511 339 428 644 437 361 245 81 344 4 325 477 507 201 220 203 260 687 673 181 70 243 205 294 421 622 228 256 395 154 513 406 474 668 540 434 481 305
314 304 264 597 605 175 116 606 88 164 234 354 419 585 407 372 488 634 230 200 699 91 453 369 676 436 69 646 598 689 64 475 236 390 700 317 458 447 98 385 51 22 412 232 86 466 404 115 345 221 6 146 20 77 596
588 93 389 426 76 152 408 237 351 212 346 632 651 431 383 380 126 303 16 455 30 664 308 666 415 83 42 371 403 168 402 547 375 240 333 106 364 271 532 85 191 119 680 642 101 342 569 176 537 452 678 188
609 277 652 604 162 141 338 149 583 145 515 620 155 45 392 521 413 269 607 266 411 463 135 348 283 217 322 11 35 262 41 356 233 63 451 688 54 468 464 198 360 31 685 68 340 224 123 462 573 46 320 2 7 669 5 499 293 456 166
577 209 423 665 629 251 286 235 105 287 469 172 448 548 279 379 312 430 104 33 239 443 124 341 179 167 409 518 73 517 238 56 208 509 675 641 114 62 376 295 280 446 363 227 118 691 50
660 38 197 587 542 683 417 432 3 17 199 334 276 108 439 250 514 637 461 301 449 60 624 618 603 219 186 508 377 492 157 663 97 53 171 109 326 193 259 424 625 275 246 501 553 296