17968
61 660 38 389 215 44 549 683 148 48 504 494 248 592 551 545 655 626 585 265 306 13 530 312 454 511 455 163 52 100 694 291 332 677 558 690 297 697 418 633 502 158 594 538 373 129 475 236 390 207 399 563 241 12 484 391 621 362 674 82 2 7 101 182 342 221 156 246 501 553 296 
653 586 601 527 681 398 72 9 408 273 623 36 213 593 112 287 469 330 419 548 231 223 187 136 310 339 428 283 440 322 444 445 420 477 507 186 168 353 32 43 617 562 267 117 97 53 528 662 285 202 574 572 191 228 119 84 99 39 580 28 625 275 498 214 434 481 305 
460 693 130 652 423 162 165 144 491 417 432 552 450 346 479 276 448 103 194 614 95 654 111 14 127 92 401 658 644 437 217 288 309 262 459 371 366 482 616 203 64 134 663 21 458 174 649 218 370 388 326 147 206 222 137 647 120 115 272 442 406 323 6 540 324 470 349 1 
564 609 565 604 554 131 141 216 121 195 183 153 523 226 387 566 150 441 282 526 611 328 430 104 449 361 60 253 204 249 570 23 25 347 544 695 529 89 435 700 229 106 364 171 109 496 555 671 680 560 394 94 424 254 670 8 692 293 188 
225 608 139 426 76 665 629 66 338 149 686 3 515 620 493 561 651 431 383 413 490 557 47 281 411 463 135 378 534 319 485 40 35 365 487 321 478 508 377 238 90 244 524 311 138 610 331 472 374 462 412 531 169 161 642 467 359 5 499 452 678 599 
314 277 264 597 87 336 251 140 307 274 10 199 19 550 180 343 80 247 635 368 516 16 645 210 386 258 245 110 618 603 219 42 506 58 497 492 157 509 360 476 447 340 62 376 313 396 395 154 345 438 227 34 596 
337 584 656 567 290 427 177 125 612 79 235 615 155 300 696 619 96 126 303 352 461 301 382 33 631 81 344 4 325 69 646 598 556 56 208 687 673 181 641 71 205 294 85 193 232 86 256 672 513 474 668 146 537 211 489 
263 304 197 590 237 541 286 17 164 234 172 242 173 380 299 151 355 602 505 503 512 278 630 453 369 676 436 384 579 533 576 220 689 260 240 333 500 114 189 636 571 128 536 280 457 78 358 176 20 77 113 519 
577 93 522 318 684 605 116 284 583 145 268 405 334 613 521 178 59 539 269 607 266 27 397 348 133 239 308 666 415 83 41 356 233 292 201 402 547 375 495 143 68 98 385 51 295 486 578 107 26 669 363 185 289 535 456 166 
588 209 315 650 559 679 648 302 351 212 643 632 483 108 439 250 514 49 422 327 159 480 471 75 261 416 11 624 582 682 29 414 63 451 688 54 468 464 198 675 685 37 160 132 659 600 22 622 466 404 627 569 57 184 591 400 429 
381 357 667 587 542 329 640 122 88 105 18 661 575 392 279 379 637 230 257 30 664 443 124 190 24 581 167 409 518 73 517 510 639 657 317 67 525 271 532 568 46 320 102 196 142 425 118 691 50 
316 367 433 543 152 175 170 606 55 628 354 45 465 407 372 488 634 350 393 335 200 699 91 473 341 179 698 252 403 589 270 15 546 192 255 31 74 70 243 65 224 123 421 573 259 446 410 298 638 520 595 
