564 316 367 433 543 44 549 683 148 541 504 494 248 268 346 632 354 242 173 306 13 530 637 511 455 30 382 133 100 694 630 40 35 24 558 690 297 697 418 633 292 158 594 538 90 562 675 685 74 174 241 132 659 109 326 147 362 259 404 101 182 342 221 156 246 501 553 296 678
61 381 93 209 423 72 9 329 116 623 122 593 105 287 469 330 419 548 231 223 187 516 352 159 480 471 449 443 124 190 262 41 356 403 168 353 32 373 43 375 639 657 229 106 364 528 662 285 202 574 572 193 232 86 674 82 2 672 467 627 275 498 214 298 638 599
460 337 130 565 681 162 141 216 121 284 36 213 515 10 643 479 651 448 103 194 614 95 654 111 14 127 92 401 658 644 437 91 288 677 445 420 371 414 366 482 616 15 546 192 435 255 476 458 563 218 370 388 573 206 578 137 120 115 272 442 359 358 185 1 324 470 349
577 584 656 215 554 131 165 144 491 170 195 183 153 17 164 387 566 150 441 282 526 368 281 310 505 503 534 416 473 253 204 249 570 579 533 25 347 556 529 89 509 207 37 649 12 484 313 119 280 560 7 580 28 254 670 499 452 520 595
263 608 139 567 590 66 338 149 79 552 112 628 551 561 483 343 619 299 490 557 488 634 602 257 378 386 261 440 485 110 365 487 321 478 576 589 270 129 244 524 317 21 97 447 160 224 331 472 374 391 486 671 46 320 161 39 94 424 323 410 537 692 400 166
653 586 277 652 604 587 650 559 336 679 648 302 140 307 274 450 592 19 550 180 392 521 178 59 247 635 611 16 645 210 664 319 258 453 369 179 698 252 23 201 58 497 544 695 510 495 143 138 610 114 62 376 600 622 621 536 107 102 394 78 438 57 34 596 429
693 601 667 398 290 427 177 125 612 686 88 226 493 545 655 626 696 265 80 96 126 422 350 393 335 339 52 33 361 245 81 344 4 325 477 507 186 598 689 492 157 687 673 181 641 71 205 294 462 295 396 256 395 154 513 406 474 668 540 434 481 305
314 304 197 76 152 175 237 606 55 234 172 45 585 407 372 328 47 355 230 200 428 75 291 308 341 676 436 69 502 220 203 56 208 475 236 390 700 267 399 53 271 532 22 412 531 169 457 446 6 146 20 77 113 519
225 389 426 605 408 640 432 351 212 405 334 431 383 380 539 266 454 27 397 163 512 278 322 666 415 83 581 459 384 233 506 402 547 468 240 333 67 525 385 51 85 191 228 84 99 669 363 227 8 211 489
609 522 527 597 665 629 417 583 145 620 199 661 575 613 439 250 514 136 303 327 463 135 348 699 631 444 582 682 29 646 63 451 688 54 64 198 360 31 500 340 171 496 555 222 26 196 569 176 184 591 293 188
588 357 318 684 315 87 251 286 235 615 18 300 465 279 269 379 411 430 104 283 217 11 309 332 167 409 518 73 517 260 464 117 311 68 98 189 636 571 128 466 642 345 142 425 118 691 50
660 38 264 542 273 48 3 523 155 276 108 413 49 607 151 312 461 301 239 60 624 618 603 219 42 508 377 238 617 134 663 70 243 65 123 421 568 680 647 625 5 289 535 456