563 313 37 432 542 43 548 682 147 540 503 493 152 522 404 544 654 430 382 379 12 150 311 453 510 454 29 381 132 99 693 629 10 34 23 557 689 296 696 417 632 501 157 593 537 89 561 239 332 684 73 173 159 131 658 387 146 395 465 98 6 341 220 155 245 500 552 295 
60 380 92 521 526 680 397 71 8 328 115 622 121 592 104 286 468 329 179 547 230 222 48 606 302 15 334 479 470 51 32 238 442 123 340 261 40 355 402 167 352 31 372 42 374 638 475 499 52 527 661 284 201 573 571 554 361 673 81 1 671 466 626 274 497 213 297 637 519 348 
459 336 583 263 422 566 589 140 215 120 283 685 212 514 9 642 631 650 447 102 193 613 94 653 110 13 126 91 400 657 643 436 90 287 308 444 419 370 413 365 481 615 14 545 191 133 662 20 457 67 240 122 420 567 205 577 136 646 119 271 441 358 357 184 145 323 469 49 
692 655 214 553 130 164 143 490 169 194 182 16 267 198 386 565 149 275 281 525 367 280 309 504 502 511 277 630 59 252 203 248 569 532 24 346 555 259 156 523 310 66 524 217 369 483 495 127 679 38 579 27 253 568 226 7 691 112 
224 607 138 596 664 628 65 337 148 78 551 111 627 550 560 482 440 618 298 489 556 529 186 515 351 326 158 256 644 385 260 439 484 109 364 486 320 477 575 588 269 491 243 266 116 562 648 223 330 471 50 570 620 485 670 221 160 456 93 423 322 409 536 451 677 0 
262 276 651 603 586 649 558 335 678 647 301 139 306 273 449 591 18 549 418 391 520 177 58 246 634 610 354 601 209 377 216 321 452 368 580 697 251 578 291 200 57 496 543 694 509 494 142 137 609 113 61 375 84 190 227 85 535 106 101 393 77 437 56 33 210 488 
652 585 600 666 314 289 426 176 124 611 35 247 619 225 492 353 625 695 264 79 95 125 421 349 392 338 427 318 257 244 80 343 3 324 476 506 185 597 688 467 686 672 180 96 70 204 293 461 294 231 255 394 153 512 405 473 667 539 433 595 594 
587 303 196 75 151 174 236 605 54 163 233 171 241 172 278 268 378 636 229 199 533 74 415 331 676 675 435 68 645 219 202 55 207 197 656 228 640 64 270 531 21 411 530 168 403 100 344 5 175 19 76 480 518 428 
576 129 388 425 604 407 639 431 350 87 345 333 612 464 305 538 633 26 396 162 282 290 307 665 414 82 458 232 22 505 401 546 528 88 235 389 699 316 105 363 384 373 599 325 192 118 83 25 668 362 498 399 598 
608 208 161 416 582 144 211 478 299 584 438 249 513 410 462 134 347 698 360 443 581 681 28 383 62 450 687 53 63 508 359 30 36 339 170 108 390 312 45 319 641 114 195 669 288 534 455 165 
315 366 356 317 683 86 250 285 234 614 17 660 574 342 406 371 487 135 429 103 448 39 189 178 166 408 517 72 516 128 434 254 206 446 97 188 635 621 258 559 445 141 424 117 690 304 
659 564 541 272 47 2 154 44 107 412 327 46 265 460 300 663 472 623 617 602 218 41 507 376 237 616 474 463 674 398 69 242 11 572 279 181 624 4 183 590 292 187 
