17027
564 660 38 433 681 398 152 175 144 148 541 504 494 248 620 346 551 561 45 343 619 247 49 607 266 454 27 257 378 534 75 437 258 245 444 24 558 690 297 697 371 502 518 73 377 15 90 244 700 229 458 68 53 218 370 388 326 147 396 169 560 7 28 221 156 246 501 553 296 
61 314 93 522 527 597 72 590 141 216 640 432 351 212 287 469 330 180 548 231 223 187 136 303 350 393 335 339 664 278 630 666 415 179 325 477 646 168 353 32 260 157 639 657 317 21 138 563 528 662 285 202 462 572 573 206 674 82 642 394 467 359 569 57 638 520 595 
225 652 423 554 9 336 679 648 302 686 3 515 10 643 632 651 448 103 282 95 654 111 14 127 92 401 658 133 100 291 308 309 445 420 356 633 23 201 220 203 546 529 687 207 399 70 243 65 132 294 421 568 578 137 647 120 115 272 345 625 275 498 214 1 324 470 349 
337 584 209 567 290 131 165 338 149 36 183 17 268 199 387 566 150 441 173 80 526 611 557 16 397 348 52 33 443 124 81 204 249 570 579 292 158 689 695 56 208 475 236 663 685 74 174 241 12 484 22 193 232 86 536 280 404 442 196 5 537 692 211 489 
316 367 139 426 76 665 629 683 417 140 307 274 450 226 479 483 465 178 59 539 490 151 281 310 645 210 386 261 416 11 35 365 487 384 478 576 589 270 373 64 198 267 117 447 649 331 472 374 622 621 486 671 46 320 161 457 94 424 323 410 434 481 305 
653 586 304 197 587 427 329 273 623 583 145 112 592 19 655 431 439 250 514 355 602 505 503 382 319 440 485 40 190 344 4 167 409 506 58 497 544 468 464 390 673 181 97 114 62 376 600 412 228 362 107 102 101 182 342 438 227 34 596 
577 601 667 543 44 549 491 170 48 552 523 405 545 300 696 194 614 635 269 368 516 352 327 159 480 471 449 217 322 341 83 581 41 418 507 186 598 556 238 492 89 509 360 31 641 71 205 636 574 313 119 259 672 446 474 668 425 184 591 293 188 
460 693 130 389 215 542 408 116 606 55 105 493 354 626 613 407 372 488 634 411 463 135 428 361 60 332 676 436 69 533 25 347 538 43 617 134 524 311 610 98 171 109 496 555 84 2 39 580 406 358 176 20 77 113 519 
609 565 604 605 66 251 79 235 615 155 550 419 585 265 306 13 530 422 299 230 200 283 453 369 42 459 233 366 482 402 547 192 562 675 500 160 224 123 295 531 222 680 154 627 254 670 499 400 429 
263 277 656 315 87 237 195 213 593 628 334 276 108 279 379 637 511 455 163 512 694 631 473 624 582 682 29 414 63 451 688 54 375 495 143 37 340 189 659 571 128 256 26 513 6 540 289 535 456 166 
381 608 264 650 559 177 125 612 286 153 164 234 172 242 383 413 328 47 312 461 301 30 644 239 110 253 262 698 252 403 594 517 510 240 333 67 525 385 51 391 395 78 363 185 118 691 50 
588 357 318 684 162 121 284 122 88 18 661 575 392 521 380 126 96 430 104 699 91 288 677 618 603 219 321 508 616 129 435 255 476 106 364 271 532 85 191 466 99 669 142 146 298 8 452 678 599 
