15147
316 367 389 426 665 629 329 116 48 504 494 248 268 155 276 108 306 13 151 49 422 327 602 135 378 449 361 666 24 558 690 459 233 292 158 594 538 64 117 267 37 65 132 659 388 22 622 228 362 46 395 672 467 342 221 275 246 501 553 296 
61 381 38 433 543 542 408 121 122 88 105 287 469 330 180 548 231 223 187 136 303 159 480 471 75 261 91 332 415 83 581 41 356 409 506 58 497 544 43 617 509 360 476 458 364 528 662 285 374 600 572 555 86 674 161 647 394 78 254 498 214 298 638 520 
609 565 527 587 650 559 336 273 623 36 213 593 112 346 632 550 242 619 95 654 111 14 127 92 401 658 319 416 288 677 445 420 29 414 366 482 616 192 134 524 311 106 71 218 370 484 326 147 396 466 457 101 359 358 185 1 324 470 349 
653 586 277 656 215 554 131 165 144 491 170 195 183 17 226 387 566 150 585 265 80 526 611 355 393 335 200 386 258 245 473 253 204 249 570 579 533 25 347 556 468 464 639 657 317 21 138 70 243 649 331 472 202 391 621 486 169 99 7 272 442 196 6 540 499 452 678 599 
693 130 264 423 87 66 338 149 286 153 628 551 561 651 431 383 178 59 247 490 557 530 299 430 104 699 440 485 110 341 42 371 682 63 589 270 373 492 157 687 673 181 97 447 12 462 295 536 280 560 120 115 627 323 410 537 692 293 456 166 
225 608 139 162 640 302 140 307 274 450 592 334 419 343 282 539 368 516 352 505 503 382 133 278 630 453 369 179 698 252 403 168 353 32 129 244 700 229 641 241 62 376 412 578 107 102 94 424 438 57 34 596 595 
460 588 93 522 318 567 590 141 177 125 612 686 3 620 493 172 448 103 173 380 126 96 310 645 210 664 100 694 291 40 190 344 4 325 477 507 186 598 689 695 510 198 663 685 68 53 205 294 574 573 206 222 137 642 513 406 474 668 146 434 481 305 
314 357 667 315 290 427 679 648 606 55 164 234 354 45 465 407 372 488 634 16 397 348 283 217 322 11 35 676 436 69 478 576 220 203 260 475 236 390 207 500 340 271 532 85 193 232 671 256 82 154 446 569 176 20 77 113 519 
564 660 304 197 76 72 9 683 148 541 351 212 199 19 655 626 613 413 328 47 281 411 463 455 163 512 308 309 262 297 697 418 633 23 201 402 547 375 495 143 67 525 385 51 313 531 320 26 669 363 227 8 211 489 
337 584 652 604 44 549 251 583 145 515 10 643 479 661 575 392 521 439 250 514 637 230 257 27 52 33 631 444 618 603 219 321 451 688 54 56 208 562 675 74 610 98 171 109 496 191 680 404 28 156 670 184 591 691 50 
263 601 684 597 605 175 237 284 79 235 615 18 483 441 279 379 312 454 511 339 428 644 239 443 124 81 365 167 646 518 73 517 238 90 240 333 174 114 189 636 571 128 119 84 2 39 580 182 142 425 118 400 429 
577 209 681 398 152 216 417 432 552 523 405 545 300 696 194 614 635 269 607 266 350 461 301 30 534 437 60 624 582 487 384 502 508 377 15 546 529 89 435 255 31 399 563 160 224 123 421 568 259 345 625 5 289 535 188 
