13807
61 337 584 209 426 76 665 629 683 148 541 504 494 248 268 592 551 545 655 242 265 306 13 151 281 327 159 455 30 382 133 100 416 666 415 24 558 690 297 697 418 633 502 158 594 538 373 43 617 509 360 476 67 70 243 528 132 659 574 572 573 86 84 560 394 182 342 221 156 246 20 591 400 429 
314 93 522 318 398 72 9 216 121 284 79 235 615 199 19 483 465 231 223 49 607 303 127 27 397 348 75 261 91 288 677 42 371 414 366 168 353 32 546 192 639 657 317 21 500 53 662 285 202 462 555 362 674 82 2 39 467 359 254 410 298 553 296 
460 588 304 264 543 152 175 144 640 149 583 145 515 10 226 479 300 696 619 95 654 488 634 16 645 210 644 437 694 631 11 309 445 420 356 233 292 201 220 203 90 562 675 399 563 340 171 109 496 147 206 536 107 26 580 28 625 275 498 214 1 324 470 349 
316 367 357 667 315 290 427 165 491 417 432 351 212 643 387 566 150 441 282 614 635 187 136 310 505 503 512 258 245 110 204 249 570 533 482 616 238 529 89 435 255 31 685 74 174 114 62 376 600 326 193 232 466 99 7 101 446 142 425 8 638 520 595 
263 130 565 527 567 590 141 170 606 55 105 287 469 561 651 431 383 178 59 247 490 557 530 422 299 92 401 664 319 630 81 344 4 325 477 646 58 497 544 260 244 524 311 97 71 218 370 388 22 412 486 671 46 320 161 457 94 196 5 537 692 113 519 
653 586 656 215 554 131 336 679 648 302 140 307 274 450 164 234 354 448 103 173 80 526 368 516 352 602 480 471 283 440 322 453 369 179 698 252 579 186 598 689 695 510 495 143 458 68 65 224 123 421 568 396 256 137 642 272 442 358 185 501 34 211 489 
609 277 652 604 587 650 559 177 125 612 686 3 112 628 172 276 108 413 328 47 266 350 461 301 658 699 361 443 124 253 365 167 409 25 347 556 492 157 475 236 390 207 106 364 385 51 313 531 259 404 669 474 668 146 434 481 305 
225 608 139 162 408 273 623 552 620 346 632 550 180 548 407 372 111 14 411 393 335 200 534 278 291 60 332 676 436 69 478 576 589 270 15 64 134 663 138 610 649 271 532 391 621 169 102 672 627 569 176 77 596 
381 38 433 681 605 329 116 195 183 17 18 661 575 392 521 380 126 96 454 511 339 428 33 239 308 341 83 581 41 29 507 23 506 402 547 375 700 229 641 205 294 85 191 228 578 395 120 78 438 57 184 293 456 166 
693 197 44 549 251 122 88 405 334 419 585 439 250 514 637 463 135 378 449 217 485 40 190 262 459 321 63 451 688 54 56 208 198 267 117 37 98 331 472 374 571 128 119 680 154 513 406 363 227 118 691 50 
577 389 597 87 66 338 48 286 153 523 493 330 626 613 279 269 379 312 230 257 163 52 473 624 582 487 384 682 518 73 517 129 687 673 181 525 241 189 636 295 222 345 6 540 499 452 678 599 
564 660 601 684 423 542 237 36 213 593 155 45 343 194 539 611 355 430 104 386 444 35 618 603 219 403 508 377 468 464 240 333 447 160 12 484 622 280 647 115 424 323 670 289 535 188 
