563 315 366 276 651 680 161 140 215 120 503 493 152 522 225 492 560 482 107 177 58 538 489 150 311 453 510 396 347 643 277 629 472 623 581 697 251 402 517 72 53 63 133 508 266 116 173 339 270 531 84 190 255 394 6 100 181 341 220 155 245 500 33 595 428 
380 92 521 526 596 604 174 115 194 182 16 267 345 550 544 299 464 230 222 186 135 302 326 462 134 377 533 436 415 665 414 444 602 218 41 477 575 219 202 509 638 656 228 640 527 661 284 201 573 571 621 361 673 81 25 579 27 624 274 497 213 0 323 469 348 
60 659 564 603 75 589 328 272 431 139 247 619 631 549 179 547 618 94 653 110 13 126 91 400 657 698 287 308 261 40 28 506 291 24 346 615 374 235 662 684 36 363 217 369 387 294 118 279 1 671 473 667 145 297 552 295 
336 583 655 214 553 130 65 490 169 605 54 198 386 625 695 406 371 487 633 349 601 504 502 381 132 99 360 59 252 343 3 370 413 157 555 237 491 156 561 674 398 562 159 375 572 485 670 83 641 445 4 536 691 210 488 
224 607 263 422 664 628 143 639 148 78 551 9 404 353 418 342 193 613 634 268 367 515 351 158 454 162 511 439 484 109 364 486 383 501 481 588 269 42 616 197 359 475 66 524 170 420 192 231 465 98 119 441 358 253 669 498 451 677 598 
652 585 600 666 586 649 558 682 416 301 685 212 592 286 468 329 650 447 102 264 79 246 48 606 265 392 338 427 318 321 331 676 557 689 248 569 578 532 681 507 376 14 89 494 142 20 457 67 113 61 188 658 108 570 127 577 106 101 466 626 322 409 288 292 187 
576 37 432 542 151 164 337 611 35 306 273 449 163 233 171 241 172 379 125 95 309 334 479 470 74 216 39 189 178 324 476 645 450 687 537 545 191 686 672 180 73 69 70 223 122 567 395 45 319 153 512 405 5 539 433 480 304 
313 129 138 425 541 407 176 124 283 121 87 104 17 660 574 391 281 525 46 280 410 460 300 385 90 452 368 675 435 68 185 597 688 694 55 207 474 699 316 96 52 204 635 390 620 530 221 136 646 393 93 423 357 175 19 76 112 518 
262 303 196 566 289 426 236 540 350 211 642 478 565 149 584 556 305 12 529 421 15 644 209 663 260 257 244 443 23 580 458 232 22 200 401 546 528 88 434 254 30 446 97 11 483 495 554 85 258 559 38 77 437 56 637 519 594 
608 208 314 86 147 622 582 144 514 591 18 654 430 382 278 378 298 429 103 282 238 442 123 80 203 296 696 417 632 365 167 352 31 372 467 463 239 332 137 609 648 330 471 50 461 312 679 403 114 344 362 184 183 590 399 165 
459 587 388 43 548 250 285 234 614 154 44 440 275 412 327 610 354 229 199 448 693 290 307 340 82 419 355 320 62 593 516 128 243 523 310 105 240 131 293 21 411 227 168 160 456 271 195 568 226 117 690 49 
692 356 317 683 397 71 8 335 678 647 47 2 111 627 333 612 520 438 249 513 636 26 256 29 51 32 630 10 34 617 166 408 505 57 496 543 259 389 206 499 242 64 384 373 599 325 146 205 535 668 141 424 7 534 455 
