563 315 366 432 542 43 548 682 147 540 503 493 247 267 345 631 353 241 172 305 12 529 636 510 454 29 381 132 99 693 629 39 34 23 557 689 296 696 417 632 291 157 593 537 89 561 674 684 73 173 240 131 658 108 325 146 361 258 403 100 181 341 220 155 245 500 552 295 677 
60 380 92 208 422 71 8 328 115 622 121 592 104 286 468 329 418 547 230 222 186 515 351 158 479 470 448 442 123 189 261 40 355 402 167 352 31 372 42 374 638 656 228 105 363 527 661 284 201 573 571 192 231 85 673 81 1 671 466 626 274 497 213 297 637 598 
459 336 129 564 680 161 140 215 120 283 35 212 514 9 642 478 650 447 102 193 613 94 653 110 13 126 91 400 657 643 436 90 287 676 444 419 370 413 365 481 615 14 545 191 434 254 475 457 562 217 369 387 572 205 577 136 119 114 271 441 358 357 184 0 323 469 348 
576 583 655 214 553 130 164 143 490 169 194 182 152 16 163 386 565 149 440 281 525 367 280 309 504 502 533 415 472 252 203 248 569 578 532 24 346 555 528 88 508 206 36 648 11 483 312 118 279 559 6 579 27 253 669 498 451 519 594 
262 607 138 566 589 65 337 148 78 551 111 627 550 560 482 342 618 298 489 556 487 633 601 256 377 385 260 439 484 109 364 486 320 477 575 588 269 128 243 523 316 20 96 446 159 223 330 471 373 390 485 670 45 319 160 38 93 423 322 409 536 691 399 165 
652 585 276 651 603 586 649 558 335 678 647 301 139 306 273 449 591 18 549 179 391 520 177 58 246 634 610 15 644 209 663 318 257 452 368 178 697 251 22 200 57 496 543 694 509 494 142 137 609 113 61 375 599 621 620 535 106 101 393 77 437 56 33 595 428 
692 600 666 397 289 426 176 124 611 685 87 225 492 544 654 625 695 264 79 95 125 421 349 392 334 338 51 32 360 244 80 343 3 324 476 506 185 597 688 491 156 686 672 180 640 70 204 293 461 294 395 255 394 153 512 405 473 667 539 433 480 304 
313 303 196 75 151 174 236 605 54 233 171 44 584 406 371 327 46 354 229 199 427 74 290 307 340 675 435 68 501 219 202 55 207 474 235 389 699 266 398 52 270 531 21 411 530 168 456 445 5 145 19 76 112 518 
224 388 425 604 407 639 431 350 211 404 333 430 382 379 538 265 453 26 396 162 511 277 321 665 414 82 580 458 383 232 505 401 546 467 239 332 66 524 384 50 84 190 227 83 98 668 362 226 7 210 488 
608 521 526 596 664 628 416 582 144 619 198 660 574 612 438 249 513 135 302 326 462 134 347 698 630 443 581 681 28 645 62 450 687 53 63 197 359 30 499 339 170 495 554 221 25 195 568 175 183 590 292 187 
587 356 317 683 314 86 250 285 234 614 17 299 464 278 268 378 410 429 103 282 216 10 308 331 166 408 517 72 516 259 463 116 310 67 97 188 635 570 127 465 641 344 141 424 117 690 49 
659 37 263 541 272 47 2 522 154 275 107 412 48 606 150 311 460 300 238 59 623 617 602 218 41 507 376 237 616 133 662 69 242 64 122 420 567 679 646 624 4 288 534 455 
