563 315 366 432 542 43 548 682 147 540 503 493 247 619 225 492 560 44 391 520 556 305 12 150 311 453 510 454 162 511 90 10 34 23 557 689 296 696 417 632 501 157 593 537 89 561 674 684 73 69 159 131 658 325 146 465 403 100 181 341 220 274 245 500 552 295 
60 659 356 666 314 289 426 328 115 47 285 234 614 286 468 329 179 547 230 222 367 515 351 326 334 479 470 51 32 238 39 189 261 40 355 232 62 352 31 372 42 374 239 332 105 527 661 284 201 573 571 572 361 255 394 38 466 358 253 497 213 0 323 469 348 
459 692 129 564 75 664 628 236 283 685 2 514 9 642 478 660 574 612 618 94 653 110 421 298 229 256 29 533 260 415 287 676 444 419 370 413 365 481 615 545 191 133 662 457 67 242 64 188 635 621 577 136 646 119 93 195 5 539 498 210 488 
576 37 208 214 541 337 605 306 273 449 163 386 565 149 440 172 379 538 489 327 15 644 209 643 277 290 452 368 41 458 383 291 24 346 555 491 434 254 475 66 562 240 11 483 390 620 118 83 98 6 579 27 473 667 145 536 691 399 598 
380 607 138 680 397 71 8 416 431 350 211 198 18 549 430 382 412 48 529 186 13 126 91 199 385 484 109 252 364 486 320 477 575 588 269 14 63 197 359 30 499 52 217 369 387 570 127 670 279 1 114 271 441 405 322 409 297 637 519 594 
652 585 276 651 603 586 649 558 335 678 647 301 582 144 627 333 418 342 177 58 246 634 610 354 460 300 663 360 472 623 617 697 251 505 57 496 543 694 509 494 142 137 609 113 61 375 420 567 205 535 106 456 77 357 184 433 480 304 
587 92 521 317 683 604 174 176 124 611 35 212 592 591 550 544 654 625 584 264 79 95 125 280 410 429 103 698 257 244 80 343 3 324 476 645 597 688 467 463 474 235 389 672 180 640 70 204 373 461 294 485 673 81 671 626 437 56 117 690 49 
336 583 196 566 589 140 215 120 194 182 152 267 17 482 464 406 371 487 633 349 601 504 502 381 132 99 630 59 331 675 435 68 532 200 219 202 259 156 638 656 228 524 270 531 21 411 530 168 101 445 568 175 19 76 112 518 
313 388 596 553 130 164 143 490 272 622 121 87 104 154 299 695 281 525 46 265 26 396 347 448 216 442 123 340 178 248 569 578 185 167 401 546 528 88 508 266 116 446 648 384 50 84 192 231 85 258 25 344 141 424 7 451 677 
608 655 425 161 639 148 78 16 404 353 241 438 249 513 135 392 338 427 282 439 321 443 581 681 28 506 22 450 687 53 55 207 686 206 398 173 339 223 122 495 190 227 45 319 160 153 512 155 669 183 590 292 455 165 
224 600 526 151 407 169 139 54 111 345 631 650 447 102 193 613 378 636 462 134 377 74 436 693 629 665 414 82 580 166 408 517 72 516 128 243 523 310 96 97 170 108 312 679 559 668 362 226 33 595 428 
262 303 263 422 86 65 250 551 522 233 171 275 107 278 268 606 302 309 158 400 657 318 307 308 203 602 218 402 507 376 237 616 699 316 20 36 363 330 471 293 599 554 395 221 641 393 423 624 4 288 534 187 
