18083
564 316 367 93 652 604 76 44 549 683 148 541 504 494 153 523 405 545 655 242 173 380 13 151 266 159 455 30 382 133 100 694 630 11 35 24 558 690 603 219 233 158 594 538 373 129 562 267 117 74 174 340 171 462 326 147 396 169 99 7 101 182 342 221 156 246 501 553 296 
460 609 522 527 681 398 72 9 144 640 623 122 593 105 287 469 330 180 343 407 372 488 634 16 335 480 471 52 437 291 444 262 297 697 418 633 366 168 353 32 43 617 639 657 317 21 500 243 528 662 285 374 600 572 555 362 674 82 2 672 467 359 358 185 298 535 456 166 
61 314 357 667 543 152 329 116 284 36 213 515 10 643 479 651 448 548 619 95 654 299 127 92 401 658 75 261 440 322 288 309 445 420 356 579 186 508 377 15 546 529 89 509 360 476 458 68 98 385 294 574 573 206 222 161 647 120 115 272 442 446 474 668 146 537 692 113 519 
693 38 209 215 554 131 66 491 170 195 183 17 164 387 566 150 441 282 526 611 355 230 200 386 278 631 81 204 249 570 533 482 616 238 492 435 255 31 685 525 241 12 484 496 193 531 671 256 137 39 513 625 275 498 214 1 324 470 349 
225 608 139 426 665 629 338 149 79 552 112 628 551 561 483 465 231 223 49 607 303 352 327 27 257 378 534 361 485 110 677 179 487 321 478 576 589 270 260 157 240 333 447 160 132 659 109 22 622 621 486 680 404 94 424 254 410 434 481 305 
653 586 433 597 87 336 679 648 606 307 274 248 592 334 419 392 521 178 59 247 187 136 310 645 210 664 319 258 245 473 624 618 698 252 403 58 497 544 695 510 495 143 138 610 114 62 376 85 191 228 86 536 280 642 394 78 438 57 34 211 489 
577 130 565 423 162 175 216 121 686 3 450 226 493 354 626 613 265 80 96 126 281 411 393 339 428 33 40 190 344 4 325 477 507 292 201 220 203 90 244 524 311 67 70 71 218 370 388 571 128 119 259 560 28 6 540 499 452 678 599 
381 304 197 567 290 427 237 302 140 55 620 234 172 276 108 413 490 557 47 530 422 350 602 505 503 512 416 60 332 676 436 384 502 598 689 56 208 475 700 229 106 364 271 532 313 466 457 580 406 569 176 20 77 596 
660 389 590 141 417 432 351 212 346 632 550 431 383 306 539 111 14 454 511 397 163 283 239 308 341 83 581 459 371 23 506 402 547 375 198 675 641 649 189 636 295 232 84 26 345 5 289 293 188 
337 584 656 605 408 177 125 612 145 268 18 661 575 103 194 614 635 269 368 516 328 463 135 348 449 91 666 415 582 682 29 414 63 451 688 54 64 134 663 399 563 224 123 421 568 46 320 102 196 142 425 184 591 400 429 
588 277 318 684 315 650 559 251 583 88 199 19 300 696 279 379 312 430 104 699 217 443 124 253 365 167 409 25 347 556 192 687 673 181 37 65 331 472 51 412 107 154 669 363 227 118 691 50 
263 601 264 587 542 165 273 48 286 235 615 155 45 585 439 250 514 637 461 301 644 453 369 42 41 69 646 518 73 517 468 464 236 390 207 97 53 205 202 391 578 395 627 323 670 8 638 520 595 
