15951
263 93 522 318 426 76 665 629 683 148 541 504 494 248 268 405 545 655 242 173 380 13 151 312 461 301 382 133 100 694 630 40 35 24 558 690 603 219 403 518 73 517 129 562 267 117 74 174 340 171 462 326 147 396 84 560 7 101 182 342 221 156 246 501 553 296 
564 660 38 209 681 398 72 9 408 273 623 36 213 593 112 287 469 330 180 343 407 372 488 634 16 335 200 30 386 361 245 444 190 262 297 697 418 633 366 168 353 32 373 529 639 657 317 21 500 243 528 662 285 374 600 572 193 86 674 82 2 39 442 359 363 185 298 638 520 595 
61 381 357 667 543 44 329 116 284 583 145 515 10 643 479 651 448 548 619 95 654 379 299 92 401 658 644 437 440 322 288 677 445 420 356 233 478 508 377 238 492 89 509 360 476 458 68 65 331 472 202 295 206 222 161 647 120 115 272 345 474 668 146 537 692 113 519 
460 693 389 215 554 131 66 491 170 195 183 17 164 387 566 150 441 282 526 611 355 230 257 428 278 631 81 204 249 570 579 533 482 616 15 546 192 435 255 31 685 525 241 12 484 496 555 362 256 137 642 394 78 625 275 498 214 1 324 470 349 
225 433 597 87 165 338 149 79 235 615 628 551 561 483 465 231 223 49 607 303 127 27 397 348 449 217 485 110 365 487 321 63 589 270 260 157 240 333 447 98 132 659 109 622 621 486 671 46 320 102 94 424 254 410 434 481 305 
653 586 565 527 590 336 679 648 606 307 274 592 334 419 392 521 178 59 247 187 136 310 645 210 664 319 258 473 624 618 698 252 23 506 58 497 544 695 510 495 143 138 610 114 62 376 85 191 228 536 280 513 438 57 34 211 489 
314 130 264 423 605 175 237 552 450 226 493 354 626 613 265 80 96 126 281 411 430 104 33 239 443 124 253 344 4 325 477 507 186 576 220 203 90 244 524 311 67 70 71 218 370 388 571 128 578 395 672 580 28 6 540 499 452 678 599 
577 608 139 567 290 427 417 432 140 55 620 234 172 276 108 413 490 557 530 422 327 602 505 503 534 75 416 60 332 676 436 384 502 598 689 43 617 475 700 229 106 364 271 532 391 531 680 457 467 406 358 176 20 77 596 
316 367 304 197 152 549 216 640 302 351 212 346 632 550 431 383 306 539 111 14 454 511 455 163 283 291 308 341 83 581 459 371 201 402 547 375 198 675 641 649 189 636 22 412 232 169 26 669 5 289 535 188 
337 584 652 604 162 141 177 125 612 686 3 105 18 661 575 103 194 614 635 269 368 516 352 159 480 471 52 261 91 666 415 582 682 29 414 292 158 594 54 64 134 663 399 563 160 224 123 421 568 466 99 196 142 425 184 591 293 456 166 
588 601 684 315 650 559 251 122 88 199 19 300 696 279 328 47 266 350 393 339 699 11 309 179 167 409 25 347 556 56 208 687 673 181 37 205 294 574 573 259 154 446 569 227 118 691 50 
609 277 656 587 542 144 121 48 286 153 523 155 45 585 439 250 514 637 463 135 378 512 453 369 42 41 69 646 451 688 538 468 464 236 390 207 97 53 385 51 313 119 107 404 627 323 670 8 400 429 
