16734
61 660 93 209 215 290 427 165 144 170 48 504 494 248 268 592 551 545 655 626 585 265 306 13 151 312 454 511 455 30 52 100 694 291 332 677 558 690 297 697 418 633 502 158 594 538 373 56 208 475 236 390 673 181 74 70 241 12 484 391 621 531 222 137 7 101 182 342 221 156 246 501 553 296 
225 601 527 681 398 72 9 408 640 284 36 213 593 112 287 469 330 180 343 231 223 187 136 310 339 428 283 440 322 453 369 42 41 477 507 186 168 353 32 43 617 562 267 117 37 53 528 662 285 202 574 572 191 228 119 84 99 39 580 28 625 275 498 214 434 481 305 
263 277 652 604 44 549 491 273 623 552 450 155 276 448 103 194 614 95 654 111 14 127 92 401 658 644 437 217 308 341 83 581 459 371 366 482 616 203 64 134 663 21 97 447 65 218 370 388 22 412 671 680 647 120 115 272 442 196 6 540 324 470 349 
460 609 565 423 554 131 141 216 121 195 183 17 164 387 566 150 441 282 526 611 355 602 505 503 664 278 631 60 253 204 249 570 579 292 25 347 544 695 529 89 435 700 229 458 68 340 171 109 496 555 362 46 161 642 394 94 627 323 670 8 692 293 188 
381 608 139 426 76 665 629 66 338 149 686 3 515 620 226 493 561 651 431 413 490 557 47 281 411 463 135 378 534 319 630 444 262 487 321 478 508 377 238 90 244 524 311 138 610 98 331 472 294 600 313 396 169 672 467 359 254 5 499 452 678 599 
588 38 264 597 605 336 148 432 140 55 10 199 19 550 419 548 80 247 635 368 516 16 645 210 449 361 485 110 618 603 219 23 506 58 497 260 157 198 360 476 67 243 649 62 376 85 147 86 256 395 154 345 438 227 34 596 595 
337 584 522 318 684 162 175 177 125 612 79 235 615 346 632 300 696 619 96 530 637 461 301 382 33 245 40 190 344 4 325 69 646 598 556 129 687 207 641 71 205 374 462 326 193 232 674 82 2 424 474 668 146 537 211 489 
564 316 367 304 197 87 237 541 286 153 523 234 172 242 173 380 126 303 352 430 104 133 416 11 35 676 436 384 533 576 220 689 492 240 333 500 114 189 636 571 128 536 280 404 78 358 176 20 77 113 519 
693 656 543 152 683 417 583 145 105 18 661 575 392 521 178 59 539 269 607 266 350 27 397 348 699 288 309 445 420 356 233 201 402 547 375 495 143 106 364 385 51 295 578 107 26 513 406 363 185 289 535 456 166 
314 357 667 315 650 559 679 648 302 351 212 643 479 483 108 439 250 514 49 422 327 159 480 471 75 261 91 473 624 582 682 29 414 63 451 688 54 468 464 509 675 399 174 160 132 659 622 466 560 446 569 57 184 591 400 429 
577 130 389 587 542 329 251 122 88 405 334 613 383 279 379 299 328 230 257 163 512 239 443 124 81 365 167 409 518 73 517 510 639 657 317 525 271 532 568 206 320 102 669 142 425 118 691 50 
653 586 433 567 590 116 606 307 274 628 354 45 465 407 372 488 634 393 335 200 386 258 666 415 24 179 698 252 403 589 270 15 546 192 255 31 685 563 224 123 421 573 486 259 457 410 298 638 520 1 
