14176
564 316 367 93 209 543 44 549 683 148 541 504 494 248 620 155 655 448 103 173 306 13 151 281 310 463 455 30 382 133 100 694 291 308 666 24 558 690 249 570 579 186 598 556 129 562 267 117 74 70 160 12 484 326 147 671 680 7 101 182 342 221 156 246 501 553 296 
61 660 601 527 681 398 72 9 329 116 284 122 88 105 346 632 550 180 548 231 223 187 136 327 159 480 471 52 33 361 443 124 341 262 41 356 633 366 482 402 547 192 639 657 317 21 37 364 528 662 285 202 574 572 573 486 674 82 642 394 94 669 474 668 146 298 638 520 595 
314 38 433 315 290 427 336 121 48 552 515 10 643 479 651 431 282 95 654 111 14 127 92 401 658 283 217 322 11 309 445 420 29 414 63 451 688 54 468 464 240 333 458 68 243 65 218 370 600 22 412 232 86 222 137 647 120 115 272 442 196 363 227 8 400 429 
460 693 130 389 215 554 131 165 144 491 170 195 183 17 164 387 566 150 441 380 126 634 350 602 135 378 512 278 631 60 253 204 297 697 418 507 292 25 347 538 546 529 89 435 255 31 138 610 98 132 659 388 622 621 362 46 107 102 672 580 345 625 275 498 214 499 452 678 599 
577 608 139 597 665 629 66 338 149 286 153 226 493 561 483 465 178 59 539 490 328 299 393 335 200 534 75 261 440 485 40 190 618 603 219 321 576 589 270 15 90 244 524 311 67 563 649 331 472 374 295 228 119 320 161 39 467 359 254 670 537 692 113 519 
653 586 277 652 587 650 559 679 648 302 140 307 274 450 592 334 419 343 194 614 557 247 635 611 355 505 503 664 319 258 453 369 179 698 252 502 158 689 695 510 198 675 399 174 340 224 123 85 193 206 536 280 26 513 406 358 185 1 324 470 349 
263 357 667 76 87 216 273 79 235 615 18 661 45 585 265 80 526 47 266 411 27 397 348 644 239 81 344 4 325 477 646 168 353 616 260 157 687 207 641 71 205 294 462 391 531 259 560 154 424 438 57 184 591 293 456 166 
337 584 656 426 152 175 237 606 55 268 628 551 545 300 696 407 372 488 530 422 454 511 339 428 437 416 288 677 42 371 403 594 517 43 375 236 390 673 181 97 53 271 532 313 256 395 627 569 176 20 77 596 
609 522 318 684 423 605 408 417 432 351 212 405 354 242 619 96 368 516 352 230 257 163 449 332 415 83 581 459 233 23 506 58 497 544 56 208 495 143 685 106 171 109 191 396 466 457 28 142 425 34 211 489 
588 304 264 567 590 141 640 623 36 213 593 199 19 575 392 521 439 250 514 637 461 301 699 245 444 35 676 436 69 533 682 518 73 32 373 617 509 360 476 447 385 51 496 555 578 99 78 6 540 434 481 305 
225 197 542 251 583 145 523 234 172 276 108 279 269 379 312 430 104 91 110 365 167 409 201 220 203 492 475 700 229 525 241 189 636 571 128 169 404 446 5 118 691 50 
381 565 604 162 177 125 612 686 3 112 287 469 330 626 613 383 413 49 607 303 16 645 210 386 630 473 624 582 487 384 478 508 377 238 64 134 663 500 114 62 376 421 568 84 2 323 410 289 535 188 
