15064
564 660 93 522 318 426 76 152 549 683 148 48 504 494 248 620 226 479 651 431 383 306 13 151 312 454 511 135 348 52 100 630 11 35 204 297 697 418 633 502 158 594 538 129 117 267 399 174 241 132 659 109 326 147 119 280 560 7 101 182 342 221 156 246 501 553 296 
61 381 197 72 9 679 648 284 686 3 515 10 164 234 354 626 613 231 223 368 516 327 159 480 471 644 361 485 40 190 262 459 321 366 168 353 32 373 492 89 639 657 317 67 563 528 662 285 374 600 496 555 362 674 82 2 672 467 446 275 498 214 298 638 520 305 
460 693 38 389 543 650 559 216 121 195 183 17 268 346 632 550 180 343 619 95 654 111 14 127 92 401 658 75 437 91 288 309 445 420 371 414 482 616 15 64 134 524 311 106 649 12 484 572 573 206 222 161 647 120 115 272 442 406 438 57 118 691 50 
337 584 656 215 554 131 141 177 125 612 552 643 387 566 150 585 265 80 247 49 187 136 303 350 230 257 378 699 278 291 60 253 344 249 570 579 533 25 347 556 260 157 198 663 685 525 340 189 636 22 412 531 671 84 404 580 359 358 185 1 324 211 489 
225 601 684 597 665 629 66 338 149 79 235 615 628 551 561 483 465 413 490 557 530 422 299 393 339 428 261 440 322 110 365 487 384 63 589 270 43 617 435 255 31 500 243 65 171 574 622 621 486 256 137 642 394 94 424 323 410 537 692 400 429 
653 586 433 315 87 336 417 302 140 307 274 450 592 334 419 548 380 126 96 310 645 210 386 217 453 369 179 167 409 506 58 497 544 695 510 495 143 21 74 114 62 376 421 191 228 86 536 107 457 78 625 5 34 596 595 
314 130 565 527 44 165 144 491 273 623 36 213 593 112 155 45 441 282 526 611 355 461 301 664 319 258 308 341 83 4 325 477 646 598 689 529 687 207 70 71 205 294 462 295 232 578 395 154 196 6 540 434 481 519 
263 304 264 605 175 170 606 55 105 287 469 330 448 103 407 372 488 634 16 335 200 534 33 416 332 677 558 690 603 219 42 478 576 220 203 56 208 475 236 390 673 181 641 271 532 571 128 169 99 39 513 569 176 20 77 113 166 
577 608 139 681 398 290 427 329 640 432 351 212 493 172 276 108 178 59 539 47 281 411 27 397 163 512 694 245 444 24 581 41 356 233 292 201 402 547 375 509 360 476 37 364 385 51 391 466 26 669 363 227 8 470 349 
609 209 423 567 590 408 116 122 88 18 661 575 392 521 439 250 514 637 463 455 30 283 239 666 415 582 682 29 507 23 451 688 54 468 464 240 333 138 610 98 331 472 202 313 396 46 320 102 627 142 425 184 591 293 456 
588 277 652 604 162 251 583 145 523 405 545 655 242 173 279 379 328 352 430 104 449 443 124 81 618 698 252 403 518 73 517 546 192 562 675 97 447 160 224 123 85 193 680 345 254 670 499 452 678 599 
316 367 357 667 587 542 237 541 286 153 199 19 300 696 194 614 635 269 607 266 602 505 503 382 133 631 473 624 676 436 69 186 508 377 238 90 244 700 229 458 68 53 218 370 388 568 259 28 474 668 146 289 535 188 
