14694
316 367 389 426 44 66 338 48 504 494 248 268 346 632 483 441 306 13 151 49 299 463 135 378 699 440 666 24 558 690 459 233 292 158 594 538 373 468 464 198 663 447 160 132 659 388 22 622 228 362 46 395 672 467 342 221 275 246 501 553 296 
61 381 38 433 315 87 408 116 623 122 88 105 287 469 330 180 548 231 223 187 136 303 327 159 480 471 52 261 91 332 415 83 581 41 356 409 506 58 497 544 695 510 509 360 476 37 364 528 662 285 374 600 572 191 86 674 161 647 394 78 254 498 214 298 638 520 
609 565 527 587 650 559 336 640 149 36 213 593 112 18 655 242 282 95 654 111 14 127 92 401 658 319 416 288 677 445 420 29 414 366 482 616 15 64 134 524 311 67 525 218 370 462 326 147 396 466 457 580 359 358 185 1 324 470 349 
653 586 277 656 215 554 131 165 144 491 170 195 183 17 164 387 566 150 585 265 80 526 611 355 393 335 200 449 258 245 473 253 204 249 570 579 533 25 347 556 260 157 639 657 317 21 74 70 243 649 331 472 202 391 621 486 169 2 39 272 442 196 6 540 499 452 678 599 
693 130 264 423 665 629 329 273 286 153 628 551 561 651 431 619 247 490 557 530 422 430 104 386 278 485 110 341 42 371 682 63 589 270 492 687 673 181 97 71 189 636 571 128 206 536 280 560 120 115 182 323 410 537 692 293 456 166 
225 608 139 162 679 648 302 140 307 274 450 592 334 419 343 178 59 539 368 516 352 505 503 382 133 100 630 453 369 179 698 252 403 168 353 32 129 244 700 229 458 174 114 62 376 295 578 107 102 94 627 438 57 184 591 596 595 
460 588 93 522 318 152 549 177 125 612 686 3 620 226 493 172 448 103 173 380 126 96 310 645 210 664 694 291 40 190 344 4 325 477 507 186 508 377 43 375 117 267 68 53 205 294 574 573 222 137 154 513 406 474 668 146 434 481 305 
314 357 667 543 290 427 237 606 55 234 354 45 465 407 372 488 634 16 397 348 283 217 322 11 35 676 436 69 478 576 220 203 617 475 236 390 207 500 271 532 85 193 232 671 256 82 642 446 569 176 20 77 113 519 
564 660 304 197 76 72 9 683 148 541 351 212 199 19 550 626 613 383 413 328 47 281 411 602 455 163 512 308 309 262 297 697 418 633 23 201 402 547 192 495 143 641 65 385 51 412 531 320 26 669 363 227 34 211 489 
337 584 652 604 567 590 141 251 583 145 515 10 643 479 661 575 392 521 439 250 514 637 230 257 27 33 361 444 618 603 219 321 451 688 54 56 208 562 675 138 610 98 171 109 496 555 680 404 28 156 670 118 691 50 
263 601 684 597 605 175 121 284 79 235 615 155 276 108 279 379 312 454 511 339 428 644 239 443 124 81 365 167 646 518 73 517 238 90 240 333 685 106 241 12 484 313 119 84 99 7 101 424 142 425 8 400 429 
577 209 681 398 542 216 417 432 552 523 405 545 300 696 194 614 635 269 607 266 350 461 301 30 534 75 437 631 60 624 582 487 384 502 598 689 546 529 89 435 255 31 399 563 340 224 123 421 568 259 345 625 5 289 535 188 
