18371
564 588 38 433 681 398 152 175 144 148 541 504 494 248 620 346 551 561 483 343 619 247 49 607 266 454 27 257 378 534 75 437 694 631 444 24 558 690 297 697 371 502 518 73 377 15 90 244 700 267 458 68 53 331 472 51 326 147 396 222 99 7 101 342 221 156 246 501 553 296 
61 660 93 522 527 597 72 590 141 216 640 432 351 212 287 469 330 180 548 231 223 187 136 303 127 335 339 428 33 630 666 415 179 325 477 646 168 353 32 373 492 89 509 360 317 610 528 662 285 374 600 572 573 486 674 82 2 394 467 359 438 57 638 520 595 
460 337 584 652 423 554 9 336 679 648 284 686 3 515 10 643 632 651 448 103 282 95 654 111 14 350 393 92 401 644 278 291 308 309 445 420 356 633 23 201 220 203 546 529 495 207 399 70 243 65 385 294 421 568 206 578 137 647 120 115 272 442 446 275 498 185 1 324 470 349 
577 209 567 290 131 165 338 149 36 183 17 268 199 387 566 150 441 173 80 526 611 557 16 397 163 512 361 443 124 81 204 249 570 579 292 158 347 544 695 56 208 475 236 143 685 74 174 241 12 484 22 412 232 86 536 280 560 672 580 345 6 214 537 692 211 489 
316 367 139 426 76 665 629 683 417 302 140 307 274 450 226 479 45 465 178 59 539 490 151 281 310 645 210 386 261 416 11 35 365 487 384 478 576 589 270 43 617 134 524 675 181 364 218 370 388 622 621 531 671 46 320 161 457 94 424 323 410 434 481 305 
653 586 304 197 587 427 121 623 583 145 112 592 19 655 626 392 521 439 250 514 355 602 505 503 382 319 440 485 40 190 344 4 167 409 506 58 497 689 510 390 673 21 37 114 62 376 462 313 228 362 107 102 78 363 227 34 596 
225 608 264 543 44 549 491 170 48 552 523 405 545 300 696 194 614 635 269 368 516 352 327 159 480 471 449 239 341 83 581 41 418 507 186 598 556 238 64 687 31 641 71 205 202 574 191 119 259 404 513 406 474 668 540 184 591 293 188 
693 130 389 215 542 329 273 606 55 493 354 431 407 372 488 634 411 463 135 348 283 217 245 60 332 676 436 69 533 25 616 260 157 198 663 138 563 649 171 109 496 555 169 39 182 358 176 20 77 113 519 
609 565 604 162 66 116 79 235 615 155 550 419 585 265 306 13 530 422 299 230 200 52 322 453 369 42 459 233 366 482 402 547 192 562 657 229 500 160 224 123 391 84 642 627 254 670 499 400 429 
263 277 656 87 408 237 195 213 593 628 334 276 108 279 379 637 511 455 30 664 100 258 473 624 582 682 29 414 63 451 688 54 375 240 333 106 340 189 636 571 128 680 26 28 625 5 289 535 456 166 
381 601 667 315 650 559 177 125 612 286 153 164 234 172 242 383 413 328 47 312 461 301 658 699 110 253 262 698 252 403 594 517 468 464 639 476 67 525 132 659 295 466 154 196 569 425 118 691 50 
314 357 318 684 605 251 122 88 105 18 661 575 613 380 126 96 430 104 133 91 288 677 618 603 219 321 508 538 129 435 255 311 117 97 447 98 271 532 85 193 256 395 669 142 146 298 8 452 678 599 
