17255
61 314 130 264 423 398 650 559 683 148 541 504 494 248 620 346 551 545 655 242 173 306 13 530 422 327 159 455 163 52 100 694 443 124 341 262 297 697 418 633 502 158 594 538 373 43 617 562 31 685 37 160 132 659 388 571 147 206 169 2 7 101 182 342 221 156 246 501 553 296 
460 588 304 197 76 87 329 116 623 122 593 105 287 469 550 180 548 231 223 187 136 328 230 200 512 217 485 40 190 344 4 325 477 646 168 353 32 510 639 657 317 21 500 53 528 662 285 202 574 572 555 396 280 120 115 272 446 275 498 214 298 638 520 1 
263 93 522 527 215 554 9 408 121 284 686 3 515 10 164 632 651 448 103 194 614 95 654 111 14 127 92 401 658 644 437 416 288 677 42 371 414 366 482 616 15 546 192 134 663 458 68 243 65 218 370 484 326 193 232 671 222 137 647 669 363 185 324 470 349 
337 584 656 315 290 131 336 679 648 302 140 55 268 199 387 566 150 441 282 526 368 516 350 602 505 503 382 133 239 308 309 204 249 570 579 292 25 347 556 492 89 435 255 311 525 241 12 462 391 621 531 680 560 672 94 345 625 670 537 692 113 519 
564 225 608 139 426 665 629 66 338 612 79 552 112 628 561 575 613 439 250 490 557 47 266 411 393 339 386 261 291 110 253 365 487 384 478 576 589 270 129 244 524 333 399 563 649 385 374 600 22 622 228 362 674 161 457 28 6 540 499 452 678 599 
577 277 652 604 587 542 165 237 583 307 274 450 592 19 354 419 392 521 178 59 539 488 634 16 335 480 471 699 278 630 453 369 179 698 252 403 58 497 544 56 208 240 267 117 74 70 340 62 376 85 191 486 536 107 642 394 424 438 57 34 211 489 
381 209 543 427 144 491 273 606 88 226 493 330 626 696 265 80 96 126 281 310 463 135 428 33 258 245 81 445 420 356 41 186 598 689 695 529 687 673 181 641 71 205 294 421 568 86 256 82 154 406 474 668 146 434 481 305 
609 565 597 72 590 177 125 195 213 615 234 172 300 585 407 372 151 312 454 511 397 348 449 440 60 332 676 436 69 533 201 220 203 90 700 229 174 271 532 573 578 395 39 580 196 142 20 77 596 595 
660 357 318 684 605 175 216 417 432 145 523 405 334 431 383 380 514 637 27 257 378 534 75 361 666 415 83 581 459 233 23 506 402 547 375 495 143 106 364 331 472 51 412 119 46 320 102 78 254 5 184 591 400 429 
316 367 433 681 152 549 640 149 351 212 643 479 483 343 619 247 635 611 355 645 210 283 631 444 582 682 29 507 63 451 688 54 468 464 509 675 138 610 98 224 123 496 128 84 26 513 358 176 227 8 293 188 
693 38 389 567 44 170 48 286 235 155 276 108 279 269 379 299 430 104 91 11 35 24 558 690 167 409 518 73 517 260 157 198 360 476 67 114 189 636 295 259 404 467 359 569 425 118 691 50 
653 586 601 667 162 141 251 36 183 153 17 18 661 45 465 413 49 607 303 352 461 301 30 664 319 322 473 624 618 603 219 321 508 377 238 64 475 236 390 207 97 447 171 109 313 466 99 442 627 323 410 289 535 456 166 
