16746
564 660 38 209 426 76 44 549 683 148 541 504 494 248 620 592 551 545 655 242 173 380 13 151 281 327 159 455 30 382 133 440 322 666 415 24 558 690 297 697 371 23 506 58 688 538 373 43 617 509 267 685 74 70 160 132 659 388 571 147 396 169 102 101 182 342 221 156 246 501 553 296 
61 314 93 522 318 684 423 398 72 9 216 273 284 122 88 199 19 550 180 343 231 223 49 607 303 127 92 480 471 283 416 288 677 42 41 418 633 366 168 353 377 15 546 192 639 657 317 21 458 68 243 528 662 285 202 574 572 573 362 674 82 2 39 442 627 323 410 298 638 520 595 
263 608 264 543 152 329 116 623 583 145 515 10 226 479 300 696 619 95 654 488 634 411 463 401 658 644 437 694 631 11 309 445 420 356 233 292 201 220 203 64 134 663 138 610 98 12 421 568 86 536 161 647 120 115 272 345 625 275 498 214 1 324 470 349 
577 357 667 315 290 427 165 144 491 417 432 351 212 643 387 566 150 441 282 614 635 187 136 310 505 503 512 278 443 124 253 204 249 570 579 533 25 347 616 529 89 435 255 31 563 241 62 376 600 128 206 256 395 672 467 446 6 540 499 452 678 599 
460 693 130 565 604 665 629 66 338 606 55 105 493 561 651 431 383 413 490 557 47 530 16 645 210 534 75 217 485 110 365 325 477 646 451 689 260 244 524 311 117 447 649 218 370 484 295 232 671 46 320 642 394 94 424 254 670 537 692 400 429 
653 586 601 527 597 554 131 336 679 648 302 140 307 274 450 164 234 172 448 103 194 526 368 516 352 27 397 348 52 100 291 453 369 179 698 252 414 63 682 497 544 695 56 208 495 143 67 525 205 294 22 622 228 222 137 154 359 438 57 34 211 489 
225 277 652 215 87 408 177 125 612 686 3 268 628 330 626 613 265 80 247 126 422 14 350 230 257 163 319 239 81 344 4 29 507 186 598 556 238 492 157 475 236 390 207 106 364 385 51 391 621 119 280 457 669 474 668 146 434 481 305 
337 584 389 567 590 175 640 149 552 112 287 469 354 45 585 407 372 328 299 393 335 200 699 258 245 60 332 676 436 69 478 576 589 270 90 562 675 399 174 340 271 532 462 326 193 531 84 404 513 406 358 176 20 77 113 519 
588 656 605 237 195 183 153 523 405 334 419 548 306 539 111 312 454 511 339 428 33 361 308 341 83 581 167 409 482 402 547 375 700 229 37 71 224 123 85 191 486 578 107 7 78 569 227 8 293 456 166 
316 367 304 197 587 650 559 121 79 17 18 661 575 392 521 439 250 514 266 602 135 378 449 630 40 190 262 459 321 158 594 54 468 464 198 360 476 641 65 331 472 374 412 680 560 580 28 363 185 118 691 50 
381 433 681 162 141 170 48 286 235 615 155 276 108 279 269 379 637 461 301 664 261 91 473 624 582 487 384 502 518 73 517 129 687 673 181 97 114 189 636 313 466 99 142 425 184 591 596 
609 139 542 251 36 213 593 346 632 483 465 178 59 96 611 355 430 104 386 444 35 618 603 219 403 508 32 510 240 333 500 53 171 109 496 555 259 26 196 5 289 535 188 
