14702
564 609 277 652 604 162 549 683 148 541 286 153 268 592 551 545 655 626 613 194 614 635 269 607 266 411 393 339 428 75 437 694 291 444 24 558 690 297 697 418 633 292 158 594 538 373 90 495 143 21 458 563 160 132 659 600 571 147 396 84 99 394 182 342 221 363 185 298 553 296 
61 660 601 527 681 398 72 9 329 273 623 122 88 105 287 469 330 180 343 231 223 187 136 303 159 455 163 512 361 245 40 190 262 41 356 233 478 576 589 270 43 617 134 663 685 106 364 528 662 285 202 462 313 206 674 82 2 120 115 272 442 446 474 668 146 537 692 400 429 
460 588 38 264 423 567 290 427 336 251 36 213 593 643 479 651 448 103 619 95 654 111 14 127 92 401 658 283 440 322 288 309 445 420 371 414 366 482 616 15 546 192 244 524 311 641 241 62 376 574 572 573 486 671 680 560 672 467 359 625 275 246 501 34 596 595 
653 586 389 426 665 629 66 491 170 195 183 17 164 387 566 150 441 282 526 611 355 505 503 382 319 631 11 35 618 603 219 23 25 347 556 64 198 360 476 67 525 340 224 123 421 568 86 536 280 642 94 196 156 670 499 452 678 599 
577 608 139 76 590 175 216 417 504 494 248 226 493 561 45 585 265 80 247 490 557 47 281 310 335 200 644 278 630 453 369 42 459 384 502 598 689 695 529 687 267 117 68 243 65 12 484 22 622 621 119 46 320 39 580 627 498 214 1 211 489 
316 367 93 209 215 44 165 679 648 302 140 307 274 450 18 661 575 392 521 178 59 539 368 516 327 461 301 30 133 217 485 110 204 698 252 403 508 377 238 492 89 435 255 31 138 610 114 189 636 295 228 362 256 137 647 101 424 569 227 324 470 349 
314 522 318 684 543 650 559 177 125 612 686 3 515 620 234 354 431 383 380 126 634 350 602 397 348 699 416 473 253 344 4 325 477 646 168 353 32 510 509 207 399 70 71 205 374 326 193 232 222 161 457 78 6 540 434 481 519 
381 304 197 587 542 408 237 606 55 10 155 300 696 407 372 488 530 422 16 645 210 386 261 258 666 415 676 436 69 533 201 220 203 260 157 475 236 390 673 181 97 271 532 85 191 466 26 513 406 358 176 20 77 113 166 
263 130 565 597 554 131 141 116 48 351 212 346 632 550 242 173 306 13 151 312 454 511 480 471 52 33 308 341 83 581 167 409 506 402 547 375 639 657 317 74 174 649 218 370 388 412 531 259 7 323 410 8 638 520 305 
337 584 433 315 87 121 284 583 145 112 628 334 419 548 439 250 514 637 463 135 378 534 91 60 624 582 682 29 507 63 451 688 54 56 208 700 229 500 385 51 391 395 154 345 254 5 289 535 188 
225 656 152 338 149 79 235 523 405 172 276 108 279 379 328 352 430 104 449 239 443 124 81 365 487 321 518 73 517 129 562 675 37 53 331 472 294 128 578 107 404 669 142 425 118 691 50 
693 357 667 605 144 640 432 552 615 199 19 483 465 413 49 96 299 230 257 27 664 100 332 677 179 249 570 579 186 58 497 544 468 464 240 333 447 98 171 109 496 555 169 102 28 438 57 184 591 293 456 
