693 38 433 543 44 549 683 148 541 504 494 153 523 405 545 655 431 383 380 539 637 511 455 30 159 133 100 694 630 11 35 24 558 690 603 219 403 220 203 90 562 181 685 74 174 160 132 659 388 326 147 466 99 7 101 182 342 221 156 246 501 553 296
61 381 93 522 527 681 398 72 9 329 116 623 122 593 105 287 469 330 180 548 231 223 634 16 335 480 471 52 33 239 40 190 262 297 697 418 633 502 158 594 538 43 375 639 476 447 528 662 285 202 574 572 555 362 674 82 2 672 467 627 254 498 214 298 638 520 595
460 337 130 565 277 264 423 567 590 141 216 121 284 686 3 515 10 643 479 651 448 103 194 614 95 654 111 14 127 461 301 658 644 437 91 288 309 445 420 371 414 366 482 616 15 546 192 134 663 21 458 68 98 224 123 421 568 578 137 647 120 115 272 442 359 358 185 1 324 470 50
653 586 656 215 554 131 144 491 170 195 183 17 268 199 387 566 150 441 282 526 368 310 505 503 382 278 631 60 253 204 249 570 579 533 25 347 556 492 89 435 255 311 67 525 241 12 484 496 128 119 680 560 580 28 625 275 146 227 8 692 113
263 608 139 597 665 629 66 338 149 36 213 112 628 551 561 483 343 619 299 490 557 488 530 312 92 401 386 261 440 485 110 365 487 321 478 576 589 270 373 129 244 524 333 399 563 649 331 472 51 571 621 486 671 222 161 457 94 424 323 410 537 452 678 188
577 584 652 604 650 559 336 679 648 302 140 307 274 620 592 19 550 419 392 521 178 59 247 635 611 355 645 210 378 217 322 453 369 618 698 252 292 201 58 497 544 695 510 495 143 117 610 114 62 376 85 191 228 86 536 107 102 394 78 438 57 34 211 489
564 660 601 667 315 290 427 177 125 612 286 248 226 493 354 626 696 265 80 96 126 281 411 393 339 664 319 258 245 81 344 4 325 477 186 598 689 260 157 687 673 317 97 71 205 294 462 295 531 256 395 154 513 406 474 668 540 434 481 519
314 304 197 76 152 165 237 606 55 234 172 585 407 372 607 303 230 200 534 75 416 332 677 42 41 69 646 168 353 688 54 56 208 475 236 390 700 657 229 641 65 271 532 22 412 232 169 404 345 6 176 20 77 596 429
225 389 426 605 408 640 432 351 88 164 334 613 465 306 13 151 187 516 422 454 27 397 428 283 291 308 666 415 83 581 459 233 23 506 402 547 529 240 267 106 364 385 374 600 622 396 84 26 669 363 499 400 599
609 209 162 175 417 583 145 212 18 661 575 242 439 250 514 136 327 463 135 348 699 361 444 582 682 29 507 63 451 517 64 509 360 31 37 340 171 109 573 206 46 320 642 196 569 670 39 289 535 456 166
588 357 318 87 251 79 235 615 346 632 300 173 279 269 379 49 352 430 104 449 443 124 341 179 167 356 409 518 73 32 468 464 207 500 53 189 636 193 259 446 142 425 118 691 305
316 367 684 587 542 273 48 552 450 155 45 108 276 413 328 47 266 350 602 257 163 512 473 624 676 436 384 508 377 238 617 198 675 138 70 243 218 370 391 313 280 5 184 591 293 349