16143
460 609 277 652 681 162 549 683 148 541 286 153 268 346 551 545 655 626 696 194 614 635 269 607 266 411 393 339 664 100 694 631 666 415 24 558 690 297 697 418 633 292 158 594 538 373 510 495 143 21 458 563 160 132 659 388 571 147 396 222 99 7 101 182 342 221 363 185 298 553 296 
61 660 601 527 398 72 9 329 640 623 122 88 105 287 469 330 180 343 231 223 187 136 310 335 200 428 75 437 217 245 473 253 262 41 356 42 478 576 589 270 43 617 134 663 37 364 528 662 285 202 462 391 232 86 674 82 2 39 580 345 156 670 537 692 400 429 
564 588 608 264 423 567 290 427 165 216 417 36 213 593 643 632 651 448 103 619 95 654 111 14 127 92 401 658 133 440 322 332 190 420 371 414 366 482 616 15 546 192 244 524 311 117 68 241 12 574 572 573 486 671 46 107 102 672 467 359 625 275 246 501 1 596 595 
653 586 433 597 665 629 144 491 170 195 183 17 199 387 566 150 441 282 526 611 355 505 503 382 33 239 11 309 204 603 219 321 25 347 556 260 157 198 360 476 67 525 340 224 123 421 128 206 536 280 642 394 78 254 498 214 499 452 678 599 
263 130 139 426 76 590 66 251 504 494 248 628 561 483 613 265 80 247 490 557 47 281 328 230 257 27 699 278 291 453 369 179 487 384 502 598 689 129 687 207 641 65 189 636 22 622 621 119 84 560 120 94 627 6 540 324 470 349 
693 38 209 315 87 336 679 648 302 140 307 274 450 226 479 575 392 521 178 59 539 368 516 327 159 480 471 52 361 485 110 618 698 252 403 58 497 544 695 529 255 31 138 610 114 62 376 600 295 228 578 137 647 115 28 438 227 34 211 489 
381 93 522 318 684 605 177 125 612 686 3 515 620 493 354 431 383 306 96 303 352 602 397 348 283 416 40 344 4 325 477 646 168 353 32 492 89 509 267 399 70 71 205 374 85 191 362 320 161 457 272 442 446 474 668 146 434 481 519 
314 304 197 44 408 237 606 55 10 164 234 172 300 585 407 372 488 530 422 16 645 210 386 261 630 444 35 676 436 69 533 201 220 203 64 475 236 390 673 181 447 98 271 532 326 193 531 169 26 406 358 176 20 77 113 166 
316 367 656 215 554 131 141 116 48 351 212 592 19 550 242 173 380 13 151 312 454 511 455 163 449 258 308 341 83 581 459 233 23 506 402 547 375 639 657 317 74 174 649 385 51 496 555 466 154 669 5 8 638 520 305 
225 565 604 587 650 559 121 284 583 145 112 18 661 419 548 439 250 514 637 463 135 378 512 91 60 624 582 682 29 507 63 451 688 54 56 208 435 700 229 500 243 171 109 412 256 395 513 323 410 289 535 188 
337 584 389 543 542 338 149 79 235 523 405 334 276 108 279 379 49 299 430 104 644 443 124 81 365 167 409 518 73 517 238 90 562 675 685 106 331 472 294 568 680 404 424 142 425 118 691 50 
577 357 667 152 175 273 432 552 615 155 45 465 413 126 634 350 461 301 30 534 319 288 677 445 249 570 579 186 508 377 468 464 240 333 97 53 218 370 484 313 259 196 569 57 184 591 293 456 
