16433
61 660 93 209 215 290 427 165 144 491 170 48 504 494 248 620 592 551 545 655 626 585 265 306 13 151 312 454 511 455 30 382 100 694 291 332 677 558 690 297 697 418 633 502 158 594 538 373 56 208 475 236 390 673 181 74 70 241 12 484 391 621 531 466 2 7 101 182 342 221 156 246 501 553 296 
225 601 527 681 398 72 9 408 640 623 36 213 593 112 287 469 330 180 343 231 223 187 136 310 339 428 283 440 322 453 369 42 41 477 507 186 576 353 32 43 617 562 675 685 37 53 528 662 285 202 574 572 191 228 119 84 99 39 115 28 625 275 498 214 434 481 305 
263 277 652 604 44 549 273 284 552 450 155 276 448 103 194 614 95 654 111 14 127 92 401 658 644 437 217 308 341 24 581 487 321 366 482 616 203 64 687 267 117 97 65 218 370 388 22 412 232 671 680 647 120 272 442 196 6 540 324 470 349 
460 609 565 554 131 141 216 121 195 183 17 164 387 566 150 441 282 526 611 355 505 503 52 278 631 60 253 179 249 570 579 292 25 347 544 695 529 89 435 700 229 447 340 171 109 496 555 362 46 320 161 642 394 94 627 142 425 8 692 293 188 
381 608 139 426 76 665 629 66 338 149 686 3 515 226 493 561 651 431 413 490 557 47 281 411 463 135 378 512 630 444 262 459 371 478 508 377 238 90 244 524 311 610 98 331 472 294 600 295 396 674 560 672 467 359 254 5 499 452 678 599 
588 38 264 597 605 336 148 432 140 55 10 199 19 550 419 548 80 247 635 368 516 16 645 210 664 319 361 485 110 618 603 219 23 506 58 497 260 157 198 360 476 500 243 649 224 123 85 147 86 256 395 580 345 438 227 34 596 595 
337 584 522 318 684 423 162 175 177 125 612 79 235 268 346 632 300 696 619 96 530 637 461 301 534 33 239 40 190 344 4 325 69 646 598 556 129 495 143 21 641 71 205 374 462 326 193 82 26 424 474 668 146 537 211 489 
564 316 367 304 197 87 237 541 286 153 523 234 172 242 173 380 126 422 299 430 104 133 258 11 35 676 436 384 533 201 220 689 510 240 333 458 68 114 189 636 571 128 536 280 404 78 358 176 20 77 113 519 
693 656 543 152 683 417 302 583 145 105 18 661 575 392 521 178 59 539 269 607 266 350 602 397 348 699 91 288 309 445 420 356 233 168 402 547 375 255 31 106 364 385 51 313 486 578 107 102 513 406 363 185 289 535 456 166 
577 357 667 315 650 559 679 648 351 212 643 479 483 108 439 250 514 49 303 327 159 480 471 75 261 245 473 624 582 682 29 414 63 451 688 54 468 464 509 207 399 174 160 132 659 622 222 137 154 446 569 57 184 591 400 429 
314 130 389 587 542 329 251 122 88 405 334 613 383 279 379 328 352 230 257 163 449 443 124 81 365 167 409 518 73 517 492 639 657 317 67 525 271 532 568 206 259 457 669 670 118 691 50 
653 586 433 567 590 116 606 307 274 615 628 354 45 465 407 372 488 634 393 335 200 27 386 416 666 415 83 204 698 252 403 589 270 15 546 192 134 663 138 563 62 376 421 573 169 323 410 298 638 520 1 
