16138
564 660 38 389 426 76 590 683 148 541 504 494 248 620 479 300 696 380 13 151 312 454 511 135 428 133 100 694 630 11 35 558 690 297 697 418 633 502 158 594 538 373 129 562 675 685 74 174 160 132 659 109 326 147 119 680 560 7 101 182 342 221 156 246 501 553 296 
61 381 93 522 527 398 72 9 408 116 284 686 3 515 10 164 234 354 626 465 231 223 49 368 303 327 159 480 471 52 33 239 40 190 262 459 321 366 168 353 32 492 89 639 657 317 21 97 53 528 662 285 374 600 496 555 362 674 82 2 672 467 446 275 498 214 298 638 520 305 
460 693 130 318 684 423 567 44 549 216 121 195 183 17 268 346 632 651 448 103 619 95 654 111 14 127 92 401 658 644 437 91 288 309 445 420 371 414 482 616 15 546 192 134 663 106 241 12 484 313 206 578 137 647 120 115 272 442 406 438 57 118 691 50 
337 584 656 215 554 131 165 177 125 612 552 643 387 566 150 585 265 306 96 136 350 461 301 512 278 631 60 253 344 249 570 579 533 25 347 556 260 157 524 311 67 525 340 189 636 22 412 531 671 84 404 580 359 358 185 1 324 211 489 
225 433 597 665 629 66 338 149 79 235 615 628 551 561 483 108 413 490 557 530 187 516 393 257 378 534 75 261 440 485 110 618 487 384 63 589 270 43 617 435 255 476 447 65 171 462 391 621 486 222 161 642 394 94 424 323 410 537 692 400 429 
653 586 601 264 587 650 559 336 679 648 302 140 307 274 450 592 19 550 419 548 178 59 539 47 281 310 645 210 386 217 322 453 369 179 698 252 403 506 58 497 544 695 510 495 143 458 68 114 62 376 421 191 228 86 536 107 102 78 625 670 34 596 595 
314 565 315 87 491 273 623 36 213 593 226 493 330 180 343 282 526 611 355 230 200 30 664 319 258 308 341 83 4 325 477 646 598 689 529 687 207 399 70 71 205 202 574 622 256 395 154 345 6 540 434 481 519 
263 304 197 162 141 170 606 55 112 287 469 172 45 441 276 407 372 488 634 16 335 339 382 416 332 677 204 603 219 42 478 576 220 203 56 208 475 236 390 673 181 641 271 532 571 128 169 99 39 513 569 176 20 77 113 166 
577 608 139 681 605 329 640 432 351 212 155 242 173 80 247 126 422 299 27 397 348 699 291 666 415 24 581 41 356 233 292 201 402 547 375 509 267 117 37 364 385 51 572 573 466 26 669 363 227 8 470 349 
609 209 543 290 427 251 122 88 105 18 661 575 392 521 439 250 514 637 463 455 163 283 245 444 582 682 29 507 23 451 688 54 64 198 360 31 138 610 98 331 472 294 295 232 46 320 457 196 142 425 184 591 293 456 
588 277 652 604 152 175 144 417 583 145 523 405 545 655 431 383 279 379 328 352 430 104 361 443 124 81 365 167 409 518 73 517 468 464 240 333 563 224 123 85 193 280 627 254 5 499 452 678 599 
316 367 357 667 542 237 48 286 153 199 334 613 194 614 635 269 607 266 411 602 505 503 449 473 624 676 436 69 186 508 377 238 90 244 700 229 500 243 649 218 370 388 568 396 259 28 474 668 146 289 535 188 
