16421
564 660 93 209 681 398 152 549 683 148 541 504 494 248 620 226 479 655 626 613 619 247 49 607 266 454 27 257 428 644 437 361 245 444 24 558 690 297 697 371 502 594 377 373 90 244 700 229 458 68 53 218 370 388 571 147 396 222 137 647 120 115 359 221 156 246 501 553 296 
61 609 522 527 597 72 590 141 216 640 432 351 212 287 469 330 448 103 231 223 187 136 303 350 393 335 339 664 278 630 666 415 179 325 477 646 168 353 32 260 157 639 657 317 21 138 563 528 662 285 202 462 572 193 531 674 82 642 394 513 406 363 185 298 638 520 595 
588 277 318 315 650 559 336 679 648 302 686 3 515 10 643 632 550 180 343 282 95 654 111 14 127 92 401 658 133 100 258 308 309 445 420 356 409 201 220 203 546 529 495 267 399 70 243 65 132 294 421 568 206 578 560 39 28 625 275 498 214 1 324 470 349 
314 130 652 604 567 290 131 165 338 149 36 183 17 268 199 387 566 150 441 173 80 526 611 557 16 397 348 52 33 239 443 124 81 204 249 570 579 292 158 689 695 56 208 475 236 143 685 74 174 241 12 484 326 232 86 680 26 580 342 5 537 692 211 489 
381 608 139 426 76 665 629 144 417 140 307 274 450 346 551 561 483 465 178 59 539 490 151 312 461 301 30 386 261 416 11 35 365 487 384 478 576 589 270 15 64 687 673 181 610 649 331 472 374 600 573 119 46 320 161 154 424 323 410 434 481 305 
653 586 565 197 587 427 329 273 623 583 145 592 19 651 431 439 250 514 355 602 505 503 382 319 440 485 40 190 344 4 167 633 23 506 58 497 544 468 464 390 207 37 114 62 376 22 412 228 362 280 404 101 182 438 57 34 596 429 
225 601 684 543 44 491 170 48 552 523 405 545 300 696 194 614 635 269 368 516 352 327 159 480 471 449 217 322 341 83 581 41 418 507 186 598 556 238 492 89 509 360 476 641 71 205 636 391 621 486 671 169 2 672 272 442 446 474 668 425 184 591 400 166 
460 693 38 389 215 542 408 116 606 55 105 493 354 419 548 407 372 488 634 463 135 378 512 91 60 332 676 436 69 533 25 347 538 43 617 134 524 311 117 97 98 271 532 555 84 7 78 358 176 20 77 113 519 
316 367 357 667 162 66 251 79 235 615 155 45 585 265 306 13 530 422 299 230 200 283 291 453 369 42 459 233 366 482 402 547 192 562 675 500 160 224 123 295 313 259 457 94 345 254 670 499 452 678 599 
263 304 264 423 87 237 195 213 593 112 628 334 276 108 279 379 637 511 455 163 699 631 473 624 582 682 29 414 63 451 688 54 375 198 663 447 340 189 659 109 496 128 536 107 102 467 627 6 540 289 535 456 
337 584 656 554 9 177 125 612 286 153 164 234 172 242 383 413 328 47 281 411 430 104 75 110 253 262 698 252 403 518 73 517 510 240 333 67 525 171 574 622 256 395 196 569 227 118 691 50 
577 433 605 175 121 284 122 88 18 661 575 392 521 380 126 96 310 645 210 534 694 288 677 618 603 219 321 508 616 129 435 255 31 106 364 385 51 85 191 466 99 669 142 146 8 293 188 
