15517
564 609 277 652 423 162 549 683 148 541 286 153 268 346 551 545 655 626 696 194 614 635 269 607 266 411 393 339 428 133 100 694 291 444 24 558 690 297 697 418 633 292 158 594 538 373 510 495 143 21 458 563 160 132 659 600 571 147 396 222 99 7 580 182 342 221 363 185 298 553 296 
61 660 601 527 681 398 72 9 329 640 623 122 88 105 287 469 330 180 548 231 223 187 136 310 335 200 534 75 437 217 245 40 190 262 41 356 478 576 589 270 43 617 134 663 685 106 364 528 662 285 202 462 391 232 86 674 82 2 39 115 272 345 474 668 146 537 692 400 599 
460 588 38 264 567 290 427 165 251 36 213 593 643 632 651 448 103 619 95 654 111 14 127 92 401 658 699 440 322 288 309 445 420 371 414 366 482 616 15 546 192 244 524 311 68 241 62 376 574 573 486 671 46 107 102 672 442 359 625 275 246 501 34 596 595 
653 586 433 597 665 629 66 491 170 195 183 17 164 387 566 150 441 282 526 611 355 602 505 503 382 33 239 11 35 618 603 219 321 25 347 556 260 157 198 360 476 67 525 340 224 123 421 568 206 536 280 642 394 78 254 5 499 452 678 188 
225 608 139 426 76 590 175 216 417 504 494 248 493 561 483 613 265 80 247 490 557 47 281 328 230 257 30 52 278 630 453 369 42 487 384 502 598 689 695 529 687 207 641 649 271 532 22 622 621 119 680 560 120 94 196 156 670 1 211 489 
263 93 209 315 87 336 679 648 302 140 307 274 450 226 479 661 575 392 521 178 59 539 368 516 352 159 480 471 644 361 485 110 204 698 252 403 508 377 492 89 435 255 31 138 610 114 189 636 295 228 256 137 647 28 569 227 324 470 349 
316 367 522 318 684 543 152 408 177 125 612 686 3 515 620 234 354 431 383 306 96 303 327 27 397 348 283 416 473 253 344 4 325 477 646 168 353 32 129 509 675 399 70 71 205 374 85 191 362 320 161 457 101 627 6 540 434 481 519 
381 304 197 587 542 237 606 55 10 199 334 419 585 407 372 488 530 422 16 645 210 386 261 631 666 415 676 436 69 533 201 220 203 64 475 236 390 673 181 447 98 385 51 326 193 531 466 26 513 406 358 176 20 77 113 166 
314 656 215 554 131 141 116 48 351 212 592 19 550 242 173 380 13 151 312 454 511 455 163 449 258 308 341 83 581 459 233 23 506 402 547 375 639 657 317 74 174 218 370 388 313 259 154 424 323 410 8 638 520 305 
693 130 565 604 650 559 121 284 583 145 112 628 18 45 343 439 250 514 637 463 135 378 512 91 60 624 582 682 29 507 63 451 688 54 56 208 700 229 500 243 65 171 109 412 578 395 467 446 498 214 289 535 429 
337 584 389 44 338 149 79 235 523 405 172 276 108 279 379 49 299 430 104 443 124 81 365 167 409 518 73 517 238 90 562 267 117 97 331 472 294 572 555 84 404 669 142 425 118 691 50 
577 357 667 605 144 273 432 552 615 155 300 465 413 126 634 350 461 301 664 319 332 677 179 249 570 579 186 58 497 544 468 464 240 333 37 53 12 484 496 128 169 438 57 184 591 293 456 
