18229
564 316 367 304 264 543 152 549 683 148 541 504 494 153 523 405 545 655 242 173 380 13 151 281 310 339 428 133 100 694 291 308 666 24 558 690 297 697 418 633 502 158 689 373 56 208 562 675 685 74 174 160 132 659 388 326 147 396 169 99 7 101 182 342 221 156 246 501 553 296 
61 660 601 527 76 72 9 408 640 623 122 88 105 287 469 330 180 548 231 223 187 136 327 159 27 200 386 437 91 11 309 262 41 356 233 168 353 32 43 375 639 657 317 21 37 53 528 662 285 202 574 572 622 621 486 674 82 2 672 580 627 254 498 214 298 638 520 305 
460 337 584 209 423 567 290 427 165 144 121 686 3 643 479 276 448 103 194 614 95 654 488 530 312 454 511 401 658 75 261 630 444 445 420 29 414 366 482 594 538 546 192 134 267 117 447 65 385 51 22 193 206 578 137 647 120 115 272 442 359 474 668 1 324 470 349 
653 586 277 656 215 554 131 141 491 170 195 183 17 268 226 387 566 150 441 282 526 611 355 463 455 163 512 217 245 60 253 204 249 570 579 533 25 347 616 492 89 236 390 673 181 525 241 12 484 496 555 119 680 560 39 28 625 275 146 185 8 452 678 599 
263 608 139 426 665 629 66 338 149 36 213 593 112 628 551 561 483 465 413 490 557 47 266 411 505 503 382 361 485 110 341 42 436 384 478 576 589 270 129 244 524 311 67 563 649 218 370 600 412 232 671 222 161 457 467 406 323 410 537 692 400 429 
577 93 652 604 587 650 559 336 679 648 284 583 307 274 450 592 19 575 392 521 178 59 635 269 607 303 16 645 210 664 440 322 453 369 179 698 252 292 201 58 497 544 695 510 240 333 138 610 340 271 532 85 191 228 86 536 107 102 394 94 345 438 57 34 596 595 
314 357 667 315 87 237 302 351 212 493 354 626 696 265 80 247 126 634 350 602 135 378 534 319 258 40 35 365 325 477 507 186 598 556 238 64 687 207 500 71 205 294 462 313 362 256 395 154 513 6 540 434 481 519 
693 130 389 398 590 175 116 606 55 10 164 234 172 300 585 407 372 328 299 430 104 699 278 631 81 676 69 646 518 73 517 260 157 475 700 229 641 114 62 376 391 531 466 404 446 569 176 20 77 113 
609 565 681 605 329 251 145 515 620 155 550 419 343 306 539 111 14 127 92 397 348 449 416 332 415 83 581 459 371 23 506 402 547 529 495 143 106 364 224 123 421 568 280 26 424 358 5 499 211 489 
225 433 597 542 216 417 432 140 248 18 661 45 108 439 250 514 637 461 301 52 33 239 473 624 582 487 321 63 451 688 54 468 464 509 360 31 97 98 171 109 295 46 320 642 78 142 425 184 591 293 456 166 
588 38 197 162 177 125 612 79 552 199 334 613 383 279 379 49 422 393 335 480 471 283 443 124 190 344 4 167 409 682 220 203 617 435 255 476 458 68 243 189 636 571 128 259 196 363 227 118 691 50 
381 522 318 684 44 273 48 286 235 615 346 632 651 431 619 96 368 516 352 230 257 30 644 288 677 618 603 219 403 508 377 15 90 198 663 399 70 331 472 374 573 84 669 670 289 535 188 
