15395
564 314 130 565 527 587 542 683 148 541 504 494 248 620 592 551 561 651 448 103 407 372 488 530 422 327 159 455 163 512 239 443 124 253 262 297 697 418 633 502 158 594 538 373 43 617 240 333 399 70 241 132 659 600 496 128 206 536 280 2 7 101 182 342 221 363 185 298 553 296 
653 586 522 318 398 72 9 408 273 623 122 88 105 287 469 354 626 465 231 223 187 136 350 27 397 348 699 217 485 40 190 344 4 325 477 646 168 353 32 260 639 657 317 21 74 610 528 662 285 374 295 396 46 107 647 120 115 272 442 359 625 275 498 214 324 470 349 
61 381 38 389 426 554 131 141 216 121 284 686 3 515 199 19 45 343 194 614 95 654 111 14 127 92 401 658 644 437 416 110 341 42 371 414 366 482 616 15 546 192 134 663 685 68 243 65 218 370 388 326 193 232 671 222 161 457 467 627 156 246 501 1 535 188 
660 304 264 543 44 336 679 648 302 140 307 274 643 387 566 150 441 276 413 49 607 303 352 602 505 503 382 133 100 694 291 308 309 204 249 570 579 292 25 347 556 529 89 435 255 476 458 174 160 12 484 391 621 531 259 672 78 254 670 537 692 113 519 
225 608 139 597 665 629 66 338 612 79 235 615 18 661 575 392 521 439 250 490 557 47 266 411 393 335 200 52 261 440 322 288 677 445 420 356 41 478 576 589 270 129 244 524 311 138 563 649 385 51 22 412 228 362 674 82 39 94 345 6 540 499 452 678 599 
316 367 209 215 650 559 237 606 55 268 346 632 550 419 585 178 59 539 634 16 480 471 449 361 453 369 179 698 252 403 58 497 544 695 510 495 143 447 340 224 123 85 191 486 578 395 394 406 438 57 34 211 489 
263 433 681 152 175 144 491 417 432 552 450 226 493 330 180 548 619 96 126 281 310 463 135 378 534 75 258 245 81 365 487 384 533 201 220 203 492 157 687 673 181 97 71 205 294 421 568 256 137 642 580 446 474 668 146 434 481 305 
460 693 357 667 76 87 165 170 36 213 593 112 628 545 300 696 265 306 13 151 312 454 511 339 428 33 631 60 332 676 436 69 186 598 689 90 562 267 117 37 98 271 532 462 572 622 169 560 154 196 142 20 77 596 595 
609 277 656 315 290 427 251 583 145 523 405 334 613 383 380 514 637 230 257 30 283 666 415 83 581 459 233 23 506 402 547 375 700 229 106 364 331 472 202 574 573 119 320 102 669 5 184 591 400 429 
588 93 652 604 567 590 329 640 149 351 212 479 483 108 80 247 635 611 355 645 210 91 444 582 682 29 507 63 451 688 54 468 464 198 360 31 641 114 62 376 555 84 26 513 358 176 227 8 638 520 
337 584 197 605 116 195 183 17 164 234 172 242 173 279 269 379 299 430 104 386 278 11 35 24 558 690 167 409 518 73 517 56 208 509 675 67 525 189 636 571 147 86 680 404 28 569 425 118 691 50 
577 601 684 423 162 549 177 125 48 286 153 10 155 655 431 282 526 368 516 328 461 301 664 319 630 473 624 618 603 219 321 508 377 238 64 475 236 390 207 500 53 171 109 313 466 99 424 323 410 289 293 456 166 
