15576
61 660 38 209 426 76 665 629 683 148 541 504 494 248 620 592 551 545 655 242 173 380 13 151 281 327 159 455 30 382 133 100 322 666 415 24 558 690 297 697 371 23 506 58 688 538 373 43 617 509 360 476 67 70 243 528 132 659 109 391 621 531 671 84 560 394 467 342 221 156 246 501 553 296 
564 314 93 522 318 684 423 398 72 9 216 121 284 79 235 615 199 19 483 343 231 223 49 607 303 127 92 480 471 52 261 416 288 677 42 41 418 633 366 482 353 377 15 546 192 639 657 317 21 641 340 662 285 202 574 572 555 362 674 82 2 39 115 272 442 359 254 410 298 638 520 595 
460 588 608 264 543 152 175 640 149 583 145 515 10 226 479 300 696 619 95 654 488 634 602 401 658 644 437 694 631 11 309 445 420 356 233 292 201 220 203 90 562 675 399 563 649 171 421 568 86 536 107 647 120 182 625 275 498 214 1 324 470 349 
316 367 357 667 315 290 427 165 144 491 417 432 351 212 643 387 566 150 441 282 614 635 187 136 310 505 503 534 75 258 245 81 204 249 570 579 533 682 347 616 529 89 435 255 31 138 610 114 62 376 600 573 206 169 99 7 101 446 6 540 499 452 678 599 
693 130 565 604 567 590 141 170 606 55 105 287 469 561 651 431 194 247 490 557 530 422 16 645 210 664 440 110 365 325 477 646 168 497 544 129 244 524 311 68 53 218 370 388 295 486 46 320 161 457 94 196 5 537 692 113 519 
653 586 601 527 597 554 131 336 679 648 302 140 307 274 450 164 234 172 448 103 265 80 526 368 516 352 27 397 348 283 630 453 369 179 698 252 414 63 451 689 695 510 495 143 458 447 98 224 123 462 622 578 137 642 580 627 438 227 34 211 489 
609 277 652 215 44 408 177 125 612 552 523 493 330 276 108 413 328 47 266 350 230 257 163 449 239 443 124 253 344 4 29 507 186 598 556 238 492 157 475 236 390 207 500 65 385 51 571 147 119 259 404 669 474 668 146 434 481 305 
225 389 162 549 338 686 3 346 632 550 180 548 407 372 111 14 411 393 335 200 386 217 60 332 676 436 69 478 576 589 270 64 134 663 685 74 174 271 532 326 193 232 222 102 513 406 358 176 20 77 596 
381 656 605 237 195 183 17 268 18 661 575 392 521 306 96 126 312 454 511 339 428 319 291 308 341 83 581 167 409 25 402 547 375 700 229 106 71 205 294 85 191 228 256 395 672 78 569 57 184 591 293 456 166 
263 304 197 587 650 559 116 623 122 88 405 334 419 585 439 250 514 637 463 135 378 512 278 485 40 190 262 459 321 158 594 54 56 208 198 267 117 37 364 331 472 374 496 128 680 26 28 363 185 118 691 50 
337 584 433 87 66 273 48 286 153 628 354 626 613 383 279 269 379 299 461 301 33 361 473 624 582 487 384 502 518 73 517 260 687 673 181 525 241 189 636 22 412 396 466 154 345 142 425 8 400 429 
577 139 681 542 329 251 36 213 593 112 155 45 465 178 59 539 611 355 430 104 699 91 444 35 618 603 219 403 508 32 468 464 240 333 97 160 12 484 313 280 424 323 670 289 535 188 
