692 37 432 542 43 548 682 147 540 503 493 152 522 404 544 654 430 382 379 538 636 510 454 29 158 132 99 693 629 10 34 23 557 689 602 218 402 219 202 89 561 180 684 73 173 159 131 658 387 325 146 465 98 6 100 181 341 220 155 245 500 552 295 
60 380 92 521 526 680 397 71 8 328 115 622 121 592 104 286 468 329 179 547 230 222 633 15 334 479 470 51 32 238 39 189 261 296 696 417 632 501 157 593 537 42 374 638 475 446 527 661 284 201 573 571 554 361 673 81 1 671 466 626 253 497 213 297 637 519 594 
459 336 129 564 276 263 422 566 589 140 215 120 283 685 2 514 9 642 478 650 447 102 193 613 94 653 110 13 126 460 300 657 643 436 90 287 308 444 419 370 413 365 481 615 14 545 191 133 662 20 457 67 97 223 122 420 567 577 136 646 119 114 271 441 358 357 184 0 323 469 49 
652 585 655 214 553 130 143 490 169 194 182 16 267 198 386 565 149 440 281 525 367 309 504 502 381 277 630 59 252 203 248 569 578 532 24 346 555 491 88 434 254 310 66 524 240 11 483 495 127 118 679 559 579 27 624 274 145 226 7 691 112 
262 607 138 596 664 628 65 337 148 35 212 111 627 550 560 482 342 618 298 489 556 487 529 311 91 400 385 260 439 484 109 364 486 320 477 575 588 269 372 128 243 523 332 398 562 648 330 471 50 570 620 485 670 221 160 456 93 423 322 409 536 451 677 187 
576 583 651 603 649 558 335 678 647 301 139 306 273 619 591 18 549 418 391 520 177 58 246 634 610 354 644 209 377 216 321 452 368 617 697 251 291 200 57 496 543 694 509 494 142 116 609 113 61 375 84 190 227 85 535 106 101 393 77 437 56 33 210 488 
563 659 600 666 314 289 426 176 124 611 285 247 225 492 353 625 695 264 79 95 125 280 410 392 338 663 318 257 244 80 343 3 324 476 185 597 688 259 156 686 672 316 96 70 204 293 461 294 530 255 394 153 512 405 473 667 539 433 480 518 
313 303 196 75 151 164 236 605 54 233 171 584 406 371 606 302 229 199 533 74 415 331 676 41 40 68 645 167 352 687 53 55 207 474 235 389 699 656 228 640 64 270 531 21 411 231 168 403 344 5 175 19 76 595 428 
224 388 425 604 407 639 431 350 87 163 333 612 464 305 12 150 186 515 421 453 26 396 427 282 290 307 665 414 82 580 458 232 22 505 401 546 528 239 266 105 363 384 373 599 621 395 83 25 668 362 498 399 598 
608 208 161 174 416 582 144 211 17 660 574 241 438 249 513 135 326 462 134 347 698 360 443 581 681 28 506 62 450 516 63 508 359 30 36 339 170 108 572 205 45 319 641 195 568 669 38 288 534 455 165 
587 356 317 86 250 78 234 614 345 631 299 172 278 268 378 48 351 429 103 448 442 123 340 178 166 355 408 517 72 31 467 463 206 499 52 188 635 192 258 445 141 424 117 690 304 
315 366 683 586 541 272 47 551 449 154 44 107 275 412 327 46 265 349 601 256 162 511 472 623 675 435 383 507 376 237 616 197 674 137 69 242 217 369 390 312 279 4 183 590 292 348 
