15791
564 588 38 209 681 398 152 549 683 148 541 504 494 248 620 226 479 655 431 194 557 247 49 607 266 454 27 397 428 75 437 258 245 444 24 558 690 297 697 371 502 594 377 373 90 244 700 229 458 68 53 218 370 388 571 147 396 256 137 647 120 115 28 221 156 246 501 553 296 
61 314 130 565 527 597 590 141 216 417 432 351 212 287 469 330 180 343 231 223 187 136 303 350 393 339 664 319 361 443 124 341 179 325 418 507 186 168 353 32 260 157 639 657 317 21 138 610 528 662 285 202 462 326 193 531 671 259 642 101 359 363 185 298 638 520 595 
460 609 522 318 315 650 559 679 648 302 686 3 515 10 643 632 651 448 103 619 95 654 111 14 127 92 401 658 100 694 291 308 309 445 420 356 409 201 220 203 546 529 495 143 685 70 243 65 132 294 421 568 536 395 672 94 424 625 275 498 214 1 324 470 349 
693 277 652 604 567 290 427 336 338 149 36 183 17 268 199 387 566 150 441 173 80 526 611 16 335 200 52 33 239 81 204 249 570 579 292 158 689 695 56 208 475 236 267 117 74 174 241 12 484 496 555 86 280 560 394 442 406 142 425 8 692 211 489 
577 608 139 426 76 665 629 144 640 623 140 307 274 450 346 551 561 483 465 178 59 539 490 151 312 461 301 30 386 261 416 11 35 365 487 384 478 576 589 270 15 64 687 673 181 447 649 171 600 313 228 119 46 320 161 39 272 345 254 410 537 481 305 
653 586 197 587 542 329 251 583 145 112 628 334 276 108 439 250 514 355 602 505 503 382 133 440 485 40 190 344 4 167 633 23 506 58 497 544 43 375 390 207 37 98 189 659 109 22 412 232 222 2 154 182 342 438 57 34 596 
225 601 684 543 44 165 491 273 48 552 523 405 545 300 696 282 614 635 269 368 516 352 327 159 480 471 283 217 322 666 415 83 581 41 477 646 598 556 238 492 89 509 360 476 641 71 205 636 391 621 486 680 26 669 474 668 146 434 535 188 
660 93 389 215 554 131 237 606 55 105 493 354 419 548 407 372 488 634 463 135 348 699 288 110 676 436 69 533 25 347 538 617 134 524 311 67 525 340 271 532 573 206 84 457 513 358 176 20 77 113 519 
316 367 304 264 423 162 175 170 79 235 615 155 45 585 265 306 13 530 422 299 230 257 378 449 278 453 369 42 459 233 366 482 402 547 192 562 675 500 160 224 123 295 362 674 82 404 467 627 323 670 499 452 678 599 
381 357 667 87 408 121 195 213 593 592 19 550 626 613 383 279 379 637 511 455 163 512 631 60 624 582 682 29 414 63 451 688 54 468 464 198 663 399 563 331 472 374 572 128 578 107 102 78 5 184 591 400 429 
337 584 656 72 9 177 125 612 286 153 164 234 172 242 413 328 47 281 411 430 104 644 630 473 253 262 698 252 403 518 73 517 510 240 333 97 114 62 376 574 622 169 99 7 580 196 569 227 118 691 50 
263 433 605 66 116 284 122 88 18 661 575 392 521 380 126 96 310 645 210 534 91 332 677 618 603 219 321 508 616 129 435 255 31 106 364 385 51 85 191 466 446 6 540 289 293 456 166 
