15543
314 304 264 423 152 549 683 148 541 504 494 248 268 405 545 655 242 173 380 13 151 281 310 463 135 348 52 100 694 291 308 666 24 558 690 297 697 418 371 158 689 373 56 208 562 675 685 74 174 160 132 659 388 22 147 396 169 99 7 101 182 342 221 156 246 501 34 596 595 
61 660 601 684 398 72 9 408 237 284 122 88 105 287 469 330 180 548 231 223 187 136 327 92 401 534 437 91 11 309 262 41 356 633 502 168 353 32 43 375 639 657 317 21 458 68 243 528 662 285 202 574 572 622 621 486 674 82 2 672 580 627 323 670 8 638 520 305 
460 337 584 209 543 290 427 165 144 491 417 686 3 515 620 155 276 448 103 619 95 654 488 530 312 454 511 339 428 75 261 258 245 81 445 420 29 414 366 482 594 538 546 192 134 267 117 447 65 385 51 462 326 193 206 578 137 647 120 115 272 442 406 474 668 146 298 553 296 
653 586 277 656 215 554 131 116 623 36 183 17 226 479 566 150 441 282 526 368 516 352 159 455 30 382 133 217 60 253 204 249 570 579 533 682 347 616 492 89 236 390 673 181 525 241 12 484 496 555 119 680 560 154 513 254 5 499 452 678 599 
263 608 139 426 665 629 66 338 195 213 593 112 628 551 561 483 108 413 490 557 47 266 411 505 503 512 361 485 110 341 42 436 384 478 576 589 270 129 244 524 311 67 563 649 218 370 600 412 232 671 222 161 457 467 359 625 275 498 214 537 692 211 489 
564 316 367 93 652 604 587 650 559 336 679 648 302 140 307 274 450 346 632 550 419 343 194 614 635 269 607 303 16 645 210 664 319 440 322 453 369 179 698 252 23 506 58 497 544 695 510 240 333 138 610 340 271 532 85 191 228 86 536 107 102 394 94 345 438 57 591 400 429 
577 357 667 315 87 329 640 149 583 145 523 493 354 626 696 265 80 96 611 355 602 397 163 449 278 630 40 35 365 325 477 507 186 598 556 238 64 687 207 97 71 205 294 295 362 256 395 39 78 6 540 434 481 519 
693 130 389 567 590 175 170 606 55 10 164 234 172 45 585 407 372 328 299 430 104 699 631 444 676 69 646 518 73 517 260 157 475 700 229 641 114 62 376 391 531 466 26 446 569 176 20 77 113 166 
609 565 527 597 605 216 273 432 552 643 387 300 465 306 539 111 14 127 27 257 378 33 416 332 415 83 581 459 233 292 25 402 547 529 495 143 106 364 224 123 421 568 280 404 424 358 185 1 324 470 349 
225 433 681 542 121 48 351 212 18 661 575 392 439 250 514 637 461 301 658 644 239 473 624 582 487 321 63 451 688 54 468 464 509 360 31 37 98 171 109 313 46 320 642 196 142 425 184 293 456 
588 38 197 162 141 177 125 612 79 235 615 199 19 651 431 383 279 379 49 422 393 335 480 471 283 443 124 190 344 4 167 409 201 220 203 617 435 255 476 500 53 189 636 571 128 84 28 363 227 118 691 50 
381 522 318 76 44 251 286 153 592 334 613 521 178 59 247 126 634 350 230 200 386 288 677 618 603 219 403 508 377 15 90 198 663 399 70 331 472 374 573 259 669 410 289 535 188 
