18333
61 314 130 264 423 398 542 683 148 541 504 494 248 268 346 551 545 655 242 173 306 13 530 637 511 455 30 664 100 694 443 124 341 262 297 697 418 633 502 158 594 538 373 43 617 562 675 685 37 160 132 659 388 571 147 86 466 99 7 101 182 342 221 156 246 501 553 296 
460 588 304 197 76 87 66 116 623 122 88 105 287 469 550 180 548 231 223 187 49 422 299 230 200 512 217 485 40 190 344 4 325 477 646 168 353 32 468 464 639 657 317 21 500 53 528 662 285 202 574 572 555 396 674 82 404 272 442 446 275 498 214 1 324 520 305 
263 522 527 215 554 9 216 121 284 686 3 515 10 164 632 651 448 103 194 614 95 654 111 14 127 92 401 658 644 437 416 288 677 42 371 414 366 482 616 15 546 192 134 663 458 68 243 65 218 370 484 326 193 232 671 222 137 647 120 115 669 363 185 298 470 349 
337 584 656 567 290 131 141 679 648 140 55 643 387 566 150 441 282 526 368 516 352 505 503 382 133 278 322 473 624 179 249 570 579 292 25 347 556 492 89 435 255 311 67 525 241 12 462 391 621 531 680 560 672 94 345 625 410 537 692 113 166 
660 608 139 426 665 629 338 612 79 552 112 628 561 575 613 439 250 490 557 47 266 411 602 480 471 52 261 440 110 253 365 487 384 478 576 589 270 129 244 524 333 399 563 649 331 472 374 600 22 622 228 362 256 161 457 467 359 6 540 499 452 678 599 
225 277 652 604 587 650 559 336 237 302 583 307 274 450 199 19 354 419 392 521 178 59 539 488 634 16 645 210 428 319 630 453 369 204 698 252 403 58 497 544 695 56 208 240 267 117 74 610 114 62 376 85 191 486 536 107 642 394 424 569 57 34 211 489 
381 93 209 315 427 165 144 491 273 606 593 226 493 330 626 696 265 80 96 126 281 310 335 339 386 361 245 81 445 420 356 41 186 598 689 260 157 687 673 181 641 71 205 294 421 568 206 578 395 154 513 406 474 668 146 434 481 519 
564 609 565 597 72 590 408 177 125 195 213 615 234 172 300 585 407 372 151 312 454 27 397 163 283 239 60 332 676 436 69 533 201 220 203 510 236 390 700 229 174 271 532 573 169 2 39 580 28 438 20 77 596 595 
577 357 318 684 605 175 417 432 145 523 405 334 431 383 380 514 136 327 159 257 378 534 75 258 666 415 83 581 459 233 23 506 402 547 375 495 143 106 364 385 51 412 119 46 320 102 78 254 5 8 638 400 429 
316 367 433 681 152 549 640 149 351 212 479 483 343 619 247 635 611 355 463 135 348 449 631 444 582 682 29 507 63 451 688 54 529 509 360 31 138 70 340 224 123 496 128 84 26 196 142 425 184 591 293 188 
693 38 389 543 44 170 48 286 235 620 592 155 276 108 279 379 328 430 104 699 91 11 35 24 558 690 167 409 518 73 517 90 198 476 97 98 189 636 295 259 358 176 227 118 691 50 
653 586 601 667 162 329 251 36 183 153 17 18 661 45 465 413 269 607 303 350 393 461 301 33 291 308 309 618 603 219 321 508 377 238 64 475 207 447 171 109 313 280 627 323 670 289 535 456 
