262 607 138 680 151 548 682 147 540 503 493 247 267 154 654 447 102 172 556 305 12 150 280 410 91 400 385 693 630 10 308 203 296 696 417 632 501 450 687 537 372 491 156 197 662 398 173 159 131 658 387 570 127 118 679 559 579 181 341 155 245 19 590 292 187 
60 380 356 666 596 553 130 328 639 431 139 54 104 286 468 353 241 230 222 186 135 309 504 502 381 132 238 39 34 23 41 370 402 517 72 516 237 63 638 656 228 499 52 527 661 284 201 573 571 554 395 673 81 1 38 466 358 624 274 497 213 0 323 469 348 
459 692 129 564 422 566 589 215 120 283 35 212 592 111 345 631 650 430 193 613 94 653 110 13 126 26 396 347 282 216 321 287 676 444 419 355 40 645 507 376 42 616 133 523 310 105 363 217 369 483 495 146 670 168 98 119 114 445 141 424 183 691 112 518 
576 208 214 541 164 143 490 169 194 182 16 386 565 149 440 177 58 538 367 515 351 158 479 470 698 277 629 443 331 178 248 569 532 200 57 496 543 55 207 254 475 524 240 11 567 85 255 101 423 322 409 433 399 428 
652 585 600 526 75 664 628 65 337 148 551 614 198 18 549 179 547 618 246 489 48 487 633 15 644 209 663 318 484 109 364 486 383 477 575 588 269 14 545 191 243 266 116 96 70 204 293 84 190 279 25 27 253 669 536 480 304 
587 276 651 603 586 649 558 335 678 647 605 306 273 449 163 233 171 275 107 379 513 636 460 300 657 90 452 368 557 689 697 251 578 365 167 352 31 89 561 674 457 446 64 384 50 325 192 530 535 106 403 77 437 56 117 690 49 
315 366 303 263 161 140 176 124 611 685 2 225 492 329 625 695 264 79 95 125 302 349 392 334 199 511 257 665 414 581 681 28 413 62 219 202 259 686 672 180 640 330 471 373 312 221 136 646 153 512 405 220 473 667 145 297 552 295 
224 196 397 71 8 416 301 121 87 17 660 44 464 406 371 327 298 229 256 29 448 244 80 675 435 68 185 597 688 694 528 88 434 699 316 20 137 562 188 635 21 411 231 577 394 6 100 344 568 175 76 595 
608 388 425 604 174 115 622 582 144 9 642 478 482 342 281 525 46 529 421 326 601 454 162 51 32 290 307 340 82 580 458 232 22 505 401 546 374 508 359 30 684 67 339 270 531 461 390 620 205 83 456 357 184 500 33 210 488 
336 583 655 542 43 407 236 350 211 627 333 418 391 520 438 249 634 610 354 462 134 377 533 99 415 59 252 343 3 324 476 506 291 157 593 53 509 494 142 36 113 61 375 599 294 45 319 160 195 5 539 498 451 677 598 
659 37 432 289 426 272 47 285 152 522 404 560 574 612 382 278 378 311 429 103 643 436 360 442 123 189 261 166 408 481 615 128 474 235 389 206 73 609 97 223 122 420 572 485 465 641 393 93 668 362 226 7 637 519 594 
563 313 92 521 317 683 314 86 250 78 234 514 619 591 550 544 299 584 412 268 606 265 453 510 338 427 74 260 439 472 623 617 602 218 320 24 346 555 467 463 239 332 66 69 242 648 170 108 621 227 361 258 671 271 441 626 4 288 534 455 165 
