13090
61 381 38 433 681 162 141 237 541 504 494 248 620 199 19 483 465 231 223 49 607 303 352 430 104 319 245 60 253 204 249 570 579 292 25 347 54 529 89 117 267 74 174 114 189 636 22 412 232 680 672 272 196 156 670 324 470 349
460 588 357 667 76 665 629 338 48 286 153 523 405 172 276 108 380 514 637 461 301 382 261 91 453 369 42 371 682 63 594 517 129 687 207 447 171 568 362 46 320 26 345 221 363 227 118 691 50
564 314 93 522 318 426 605 175 144 491 170 606 307 274 450 226 493 330 242 407 372 488 634 16 645 210 386 239 288 677 618 603 219 321 518 73 32 43 617 435 255 31 97 71 218 370 388 571 128 206 256 395 442 406 323 410 298 553 296
577 656 315 87 165 273 623 36 213 593 643 479 566 150 585 265 80 526 611 355 230 257 163 133 278 630 81 344 4 325 477 646 451 689 695 510 639 657 229 525 205 374 496 555 86 222 137 642 115 182 342 498 214 1 535 188
316 367 277 652 604 567 590 336 679 648 284 583 145 10 346 632 550 180 548 306 13 151 281 411 602 135 378 534 75 437 258 666 415 24 558 690 297 697 418 507 186 598 556 492 244 700 317 21 106 364 385 51 462 313 486 671 259 560 7 580 446 6 540 434 481 305
653 586 209 398 72 9 683 148 686 3 105 287 387 575 392 521 439 250 490 557 530 422 299 92 401 658 699 443 124 190 262 41 356 633 23 201 220 203 260 157 240 333 500 160 12 484 622 396 674 82 404 101 669 474 668 146 537 692 113 519
337 584 389 215 44 408 177 125 612 79 235 515 164 234 354 431 383 413 328 47 266 350 393 335 200 449 694 631 473 624 582 698 252 403 168 353 688 538 373 90 562 675 399 70 340 271 532 85 193 169 161 154 513 142 425 8 638 520 595
225 608 139 597 554 131 66 116 302 552 615 18 661 45 441 619 247 126 96 505 503 512 440 322 110 365 487 384 533 576 589 270 15 546 192 495 143 685 37 53 528 662 285 202 295 228 280 457 627 438 57 184 591 400 429
693 601 684 543 650 559 216 417 432 140 55 112 628 551 545 300 696 178 59 539 368 516 327 159 480 471 644 217 11 309 445 420 29 414 366 482 402 547 375 198 663 138 610 98 224 123 421 573 578 99 39 28 569 176 289 293 456 166
660 304 197 290 427 251 122 88 469 561 651 448 103 173 279 269 379 312 454 511 339 428 283 416 444 332 179 167 409 506 58 497 544 56 208 475 236 390 673 181 641 649 62 376 574 572 191 119 84 2 394 94 424 254 5 499 452 678 599
609 565 527 587 542 329 640 149 351 212 592 334 419 343 282 95 654 111 14 127 27 397 348 52 33 361 485 40 35 676 436 69 502 158 616 468 464 509 360 476 458 68 243 65 331 472 294 600 326 147 466 102 78 358 185 501 34 211 489
263 130 264 423 152 549 121 195 183 17 268 155 655 626 613 194 614 635 187 136 310 463 455 30 664 100 291 308 341 83 581 459 233 478 508 377 238 64 134 524 311 67 563 241 132 659 109 391 621 531 536 107 647 120 467 359 625 275 246 20 77 596
