13090
316 367 277 656 426 665 629 66 338 612 79 235 615 155 655 242 282 526 47 266 430 104 386 261 440 322 40 35 365 325 477 646 576 589 270 15 529 89 117 476 641 71 224 123 496 128 119 84 99 7 442 196 363 227 8 638 520 595
564 314 608 264 543 152 549 683 148 302 583 145 199 354 626 613 619 95 654 111 14 127 27 397 348 449 694 485 110 676 436 69 533 518 73 32 468 464 198 663 138 610 649 331 472 202 574 572 573 486 536 280 404 94 406 358 185 501 34 211 489
460 693 130 652 604 587 542 329 640 149 686 3 620 226 493 330 180 343 380 514 637 230 257 163 283 239 11 309 445 420 356 633 23 506 58 497 544 695 56 208 687 207 97 340 189 636 295 531 671 256 395 101 182 342 6 540 434 481 305
61 337 584 389 215 554 131 165 177 125 284 351 212 346 632 550 431 383 413 328 611 355 505 503 699 278 631 444 332 179 249 570 579 366 451 689 260 157 562 675 37 98 271 532 462 313 466 560 580 446 569 176 324 470 349
225 433 681 605 336 237 541 286 153 523 405 334 419 548 439 250 490 557 530 422 299 393 335 200 52 217 308 341 83 581 459 233 478 508 377 373 492 639 657 229 68 53 528 662 285 374 22 412 232 578 457 467 359 254 410 298 553 296
263 304 197 76 87 408 273 48 504 494 248 628 551 545 300 696 407 372 488 634 16 645 210 664 319 416 666 415 24 558 690 487 384 502 158 616 43 617 475 236 390 673 181 447 171 109 555 674 82 39 115 272 345 275 498 214 1 293 456 166
660 357 667 398 650 559 679 648 606 307 274 450 18 661 575 392 521 178 59 539 368 516 352 602 480 471 100 361 288 677 618 603 219 321 25 347 54 510 509 360 31 685 106 364 218 370 484 391 621 680 642 627 323 670 499 452 678 599
588 93 209 423 162 175 116 623 36 213 593 112 287 469 561 483 465 231 223 49 607 303 327 159 455 30 534 75 630 453 369 42 371 682 63 594 517 129 495 143 500 243 65 385 51 568 396 169 2 672 424 625 5 537 692 113 519
609 522 318 315 290 427 491 417 432 552 515 10 643 479 566 150 441 173 80 247 126 96 350 461 301 382 33 258 245 473 253 204 297 697 418 507 186 598 556 238 64 134 524 311 67 525 241 132 659 388 326 193 107 102 394 513 438 57 118 691 50
381 38 139 597 72 9 144 170 122 88 105 592 19 651 448 103 194 614 635 187 136 310 463 135 378 512 91 81 344 4 698 252 403 168 353 688 538 90 244 700 317 21 74 70 160 12 421 622 228 86 222 137 647 154 669 142 425 184 591 400 429
653 586 601 684 567 590 141 251 140 55 268 387 45 585 265 306 13 151 281 411 92 401 658 644 437 291 60 624 582 167 409 482 402 547 375 240 333 399 563 205 294 85 191 206 259 26 28 474 668 146 289 535 188
577 565 527 44 216 121 195 183 17 164 234 172 276 108 279 269 379 312 454 511 339 428 133 443 124 190 262 41 29 414 292 201 220 203 546 192 435 255 267 458 174 114 62 376 600 571 147 362 46 320 161 120 78 221 156 246 20 77 596
