13090
564 316 367 277 656 215 44 549 148 541 36 213 593 268 405 545 300 696 194 614 635 187 136 327 461 301 658 75 261 416 11 309 262 41 356 633 23 506 58 497 544 695 56 208 562 675 685 106 71 218 370 484 568 119 84 99 7 272 345 625 275 498 214 1 113 519
653 586 601 684 597 665 629 144 121 48 504 494 248 620 199 19 483 465 231 223 49 607 303 16 645 210 534 33 361 453 369 42 371 682 63 594 517 468 464 198 663 21 74 174 340 171 109 295 531 671 222 161 39 78 569 176 289 535 188
263 93 522 318 315 87 66 251 583 145 523 493 354 242 282 95 654 111 14 127 92 401 52 100 694 291 40 35 676 436 69 478 576 589 270 15 546 192 687 673 181 97 160 12 462 391 86 680 560 101 406 323 670 537 692 293 456 166
61 381 38 389 543 152 408 177 125 612 686 3 515 10 226 387 566 150 585 265 306 13 151 281 411 505 503 382 133 217 322 473 624 582 487 384 502 158 616 43 617 134 524 311 37 364 271 532 326 193 362 256 137 647 442 446 142 425 184 591 400 429
660 608 139 426 76 72 9 170 195 183 17 628 551 561 575 392 521 178 59 539 611 355 393 335 200 386 437 258 308 341 83 581 698 252 403 518 73 32 373 129 244 700 317 500 243 65 385 51 22 147 46 320 394 513 254 410 298 553 296
314 209 587 542 165 491 273 606 307 274 450 164 234 172 276 108 439 250 514 637 27 397 348 699 440 485 110 365 167 409 168 353 688 538 492 435 255 31 138 610 114 189 636 313 228 536 280 26 359 358 185 501 34 211 489
460 337 584 433 681 605 336 237 302 140 55 112 592 334 419 548 413 328 47 266 430 104 283 245 444 332 179 249 570 579 533 201 220 203 510 639 657 229 458 68 53 528 662 285 374 412 232 259 404 115 28 5 499 452 678 599
609 565 527 567 590 141 679 648 284 122 88 105 287 469 330 448 103 407 372 488 634 350 602 135 378 512 278 631 666 415 24 558 690 459 233 292 25 347 54 529 89 509 360 476 641 649 224 123 421 573 107 642 467 627 438 57 118 691 50
225 264 423 650 559 338 623 351 212 155 655 626 613 619 247 490 557 530 422 299 230 257 163 449 91 60 253 204 297 697 418 507 186 598 556 238 64 475 236 390 207 399 563 331 472 294 600 496 555 396 466 102 672 580 196 156 246 20 77 596 595
588 304 197 554 131 329 116 79 235 615 346 632 550 180 343 80 526 368 516 352 159 480 471 319 239 443 124 190 618 603 219 321 508 377 90 495 143 70 205 202 574 572 622 621 486 674 82 2 120 94 424 221 363 227 8 638 520
577 130 652 604 398 290 427 683 417 432 552 18 661 45 441 173 279 269 379 312 454 511 339 428 644 630 81 344 4 325 477 646 451 689 260 157 117 267 447 98 132 659 388 571 128 206 169 457 669 474 668 146 324 470 349
693 357 667 162 175 216 640 149 286 153 643 479 651 431 383 380 126 96 310 463 455 30 664 288 677 445 420 29 414 366 482 402 547 375 240 333 67 525 241 62 376 85 191 578 395 154 182 342 6 540 434 481 305
