13090
577 130 264 423 554 131 141 116 606 55 105 287 469 354 448 103 173 380 514 637 27 397 348 283 322 11 309 445 420 29 414 292 518 73 32 260 157 117 267 74 610 649 171 85 191 206 222 404 115 272 442 359 625 275 498 214 1 400 429
381 38 433 76 665 629 66 251 79 235 615 199 19 483 465 178 59 539 368 516 352 159 480 471 133 694 291 473 253 204 297 697 418 507 366 451 689 695 510 240 333 447 224 123 421 572 622 621 362 259 560 672 182 342 6 540 499 452 678 599
564 314 304 197 542 144 491 273 623 140 307 274 450 164 387 575 392 521 306 13 151 281 411 602 135 378 699 440 485 40 35 365 325 477 646 576 589 270 15 546 529 495 143 21 138 70 243 65 331 472 294 412 119 46 320 7 78 569 176 434 481 305
263 93 522 318 315 290 427 165 177 125 612 36 183 17 268 226 493 330 626 613 231 223 49 607 303 327 461 301 382 100 361 444 332 179 249 570 579 186 598 556 90 244 700 229 525 340 271 532 22 147 396 680 26 513 323 670 537 692 113 519
460 693 601 684 597 152 549 679 648 284 583 145 643 479 566 150 441 282 526 47 266 350 230 257 163 52 33 630 453 369 42 371 682 63 594 517 492 89 435 255 31 685 106 241 62 376 600 295 232 671 84 39 580 196 156 246 20 77 596
653 586 277 652 604 398 72 9 329 640 302 122 88 346 632 550 180 548 439 250 490 557 530 422 299 505 503 664 319 239 308 341 83 581 459 233 478 508 377 56 208 562 675 458 68 98 385 51 391 578 395 120 28 5 289 535 456 166
225 608 139 681 605 175 121 686 3 515 10 18 661 45 343 407 372 488 634 16 645 210 386 261 258 666 415 24 558 690 603 219 321 25 347 54 468 464 475 236 390 673 181 641 71 12 484 313 228 86 169 161 457 101 627 254 410 298 553 296
316 367 656 426 162 683 417 432 351 212 592 551 561 651 431 383 413 328 611 355 393 335 200 512 91 288 677 618 698 252 403 168 353 688 538 373 129 198 663 500 114 189 636 574 573 486 536 280 647 154 424 438 57 118 691 50
660 389 587 650 559 216 148 48 552 620 234 172 276 108 279 269 379 312 454 511 339 428 75 437 217 245 60 624 582 487 384 502 158 616 43 617 134 524 311 67 563 205 374 571 128 107 102 394 669 142 425 184 591 293 188
588 357 667 543 44 408 237 541 286 153 523 405 334 419 585 265 80 247 126 96 430 104 449 416 110 676 436 69 533 201 220 203 192 639 657 317 37 364 218 370 388 568 256 137 642 446 474 668 146 324 470 349
61 609 565 527 567 590 170 195 213 593 112 155 655 242 619 95 654 111 14 127 92 401 658 644 443 124 190 262 41 356 633 23 506 58 497 544 238 64 687 207 399 174 160 132 659 109 496 555 674 82 2 467 406 358 185 501 34 211 489
337 584 209 215 87 336 338 149 504 494 248 628 545 300 696 194 614 635 187 136 310 463 455 30 534 278 631 81 344 4 167 409 482 402 547 375 509 360 476 97 53 528 662 285 202 462 326 193 531 466 99 94 345 221 363 227 8 638 520 595
