13090
564 316 367 277 656 215 44 336 338 612 79 235 515 10 643 479 566 150 441 173 279 269 379 312 454 511 339 428 75 239 11 309 262 41 356 633 292 158 616 43 617 255 267 685 106 364 12 484 496 193 531 280 120 94 196 569 176 537 692 113 519
61 660 38 433 681 554 131 141 251 504 494 248 268 628 551 545 655 448 103 194 614 635 187 136 463 135 378 261 288 677 445 420 29 414 366 482 402 547 375 240 333 458 68 385 51 313 362 259 560 154 424 323 670 499 452 678 599
460 609 139 426 162 549 216 121 195 213 593 112 155 45 585 265 80 526 611 355 430 104 699 416 60 253 365 487 384 502 168 353 688 54 468 464 639 657 229 37 98 331 472 202 295 228 46 320 102 272 442 358 185 501 34 211 489
225 565 527 597 665 629 66 417 432 140 55 620 18 661 575 392 521 439 250 490 557 530 422 299 92 401 658 283 217 485 40 35 204 698 252 403 576 589 270 373 129 475 236 390 207 641 71 205 294 600 22 412 396 222 137 647 394 78 254 410 434 481 305
263 130 389 76 152 165 679 648 48 351 212 592 19 651 431 383 413 328 47 266 350 230 257 163 512 440 322 110 676 436 69 478 508 377 15 529 89 509 360 31 399 563 649 218 370 388 571 128 206 169 2 672 467 359 438 57 184 591 400 429
381 93 652 604 87 408 177 125 284 583 145 105 405 354 242 380 514 637 461 301 382 133 100 361 245 81 344 4 325 477 646 451 689 695 510 198 663 67 525 340 224 123 574 572 555 674 82 26 513 406 142 425 8 638 520 595
693 304 197 587 650 559 116 623 36 183 17 226 387 300 696 282 95 654 111 14 127 27 397 348 644 694 631 473 624 582 167 409 201 220 203 56 208 495 143 174 171 568 119 680 404 669 363 227 324 470 349
314 209 423 567 590 329 640 149 552 450 164 234 172 276 108 178 59 539 368 516 327 159 455 30 386 437 258 308 341 83 581 459 233 23 506 58 497 544 260 687 673 181 447 160 132 659 109 391 232 86 536 161 642 115 182 342 221 6 540 118 691 50
337 584 522 318 315 290 427 144 491 170 122 88 346 632 550 626 613 306 13 151 281 411 393 335 200 52 33 630 444 332 179 249 570 579 533 518 73 32 546 192 435 117 476 74 610 114 62 376 421 573 84 457 627 275 498 214 1 535 456 166
577 357 667 398 72 9 683 148 541 286 153 523 493 561 483 465 231 223 49 607 303 352 602 480 471 449 91 666 415 24 558 690 297 697 418 507 186 598 556 90 244 700 317 21 500 241 189 636 622 621 578 107 101 446 474 668 146 298 553 296
653 586 601 684 543 542 273 606 307 274 615 287 469 330 180 548 407 372 488 634 16 645 210 534 319 443 124 190 618 603 219 321 25 347 538 492 157 562 675 138 70 243 65 271 532 85 191 486 671 256 395 7 580 28 625 5 289 293 188
588 608 264 605 175 237 302 686 3 199 334 419 343 619 247 126 96 310 505 503 664 278 291 453 369 42 371 682 63 594 517 238 64 134 524 311 97 53 528 662 285 374 462 326 147 466 99 39 345 156 246 20 77 596
