13090
61 381 357 667 162 549 177 125 612 686 3 515 10 643 387 566 150 441 173 279 269 379 312 454 511 339 428 100 416 666 415 24 558 690 297 697 418 507 186 576 589 270 373 129 435 255 476 67 525 340 62 376 600 571 128 578 107 102 580 446 6 540 434 481 305
653 586 656 215 650 559 336 679 648 48 286 153 523 226 493 561 483 465 407 372 111 14 127 27 397 348 52 33 291 60 253 365 325 477 646 168 353 688 54 468 464 475 236 390 673 181 447 218 370 388 326 193 232 222 137 39 94 424 254 498 214 1 113 519
314 130 565 527 76 44 165 338 623 36 183 17 479 575 392 521 380 126 96 310 463 135 378 449 440 322 288 677 618 603 219 321 201 220 203 260 157 495 143 21 74 174 528 132 659 109 496 555 466 99 7 272 345 438 57 118 691 50
564 588 93 209 426 554 131 141 237 541 504 494 248 620 199 19 651 431 383 80 247 490 557 530 422 299 461 301 664 319 361 40 35 676 436 69 478 508 377 15 90 240 333 37 364 171 573 486 169 2 672 467 342 221 156 670 184 591 400 429
225 277 652 604 587 542 66 116 302 583 145 628 551 545 300 696 231 223 49 607 303 352 505 503 382 133 278 308 341 83 581 459 233 23 506 58 497 544 238 64 687 207 399 70 241 12 484 22 412 531 536 280 642 394 442 359 275 246 20 77 596
460 609 522 318 315 87 408 170 606 55 268 592 354 626 613 439 250 514 637 230 257 30 386 444 332 179 167 409 25 347 538 546 529 89 509 360 31 106 114 189 636 574 572 191 119 84 457 28 625 5 499 452 678 599
263 608 139 597 665 629 251 351 212 155 655 448 103 194 614 635 187 136 327 159 455 163 512 258 245 473 624 582 487 384 502 598 556 192 134 524 311 641 71 205 294 462 391 621 396 674 82 404 627 569 176 289 535 456 166
316 367 304 197 398 72 9 329 273 284 122 88 105 405 334 419 548 178 59 539 368 516 602 480 471 261 630 81 344 4 698 252 403 594 517 492 244 700 229 500 243 65 385 51 295 671 256 161 154 513 406 323 410 298 553 296
660 601 684 423 567 590 683 148 79 235 112 287 469 330 180 343 619 95 654 488 634 16 645 210 534 75 694 631 11 309 445 420 29 414 366 482 402 547 375 639 657 317 138 563 160 224 123 421 568 362 46 320 26 182 358 185 501 34 211 489
337 584 389 543 290 427 640 149 552 615 18 661 45 585 265 306 13 151 281 411 92 401 658 699 217 485 110 204 249 570 579 533 518 73 32 510 117 267 97 98 271 532 313 395 120 78 474 668 146 537 692 293 188
577 38 264 152 144 491 417 432 140 307 274 450 164 234 172 276 108 413 328 47 266 350 393 335 200 283 239 443 124 190 262 41 356 633 292 158 616 43 617 198 663 458 68 53 662 285 202 622 228 86 680 647 115 669 142 425 324 470 349
693 433 681 605 175 216 121 195 213 593 346 632 550 242 282 526 611 355 430 104 644 437 91 453 369 42 371 682 63 451 689 695 56 208 562 675 685 610 649 331 472 374 85 147 206 259 560 101 196 363 227 8 638 520 595
