13090
337 584 209 423 665 629 66 116 302 686 3 515 164 387 45 585 265 306 13 151 281 411 92 401 699 278 630 453 369 42 371 682 63 451 689 373 43 617 562 675 500 53 205 294 600 571 128 206 222 99 7 272 446 5 499 452 678 599
564 588 601 684 543 44 165 144 491 273 48 504 494 248 620 199 19 651 448 103 173 279 269 379 312 430 104 449 361 245 60 253 676 436 69 186 508 377 260 157 687 673 181 97 65 331 472 374 22 412 396 466 404 78 474 668 146 289 293 188
653 586 277 652 604 567 590 336 121 284 122 88 105 18 661 575 392 521 439 250 490 557 530 422 299 393 335 200 386 239 443 124 190 262 41 29 414 366 482 402 547 375 495 143 67 525 241 12 484 295 228 46 320 26 442 196 156 246 20 77 596 595
460 693 38 389 426 76 152 408 237 541 36 213 593 112 155 655 242 178 59 539 368 516 352 159 480 471 75 261 91 288 677 618 603 219 321 594 517 129 244 700 229 37 98 224 123 421 622 621 531 169 161 647 115 182 358 185 501 34 211 489
61 314 357 667 315 290 427 683 148 432 351 212 287 469 330 626 613 619 247 126 96 310 505 503 382 133 100 694 485 110 204 249 570 579 533 201 220 203 90 117 476 106 364 218 370 388 313 362 674 82 101 342 221 6 540 434 481 305
225 433 681 162 549 177 125 612 286 153 523 405 334 419 343 194 614 635 187 136 327 602 135 378 512 291 308 341 83 581 459 233 478 576 589 270 15 546 192 134 524 311 641 71 385 51 462 573 486 671 256 137 154 627 254 410 298 553 296
263 656 215 554 131 141 338 623 140 307 274 10 643 479 566 150 441 282 95 654 111 14 454 511 339 428 644 416 81 344 4 698 252 403 168 353 688 538 56 208 435 255 267 399 563 649 189 636 574 572 555 119 680 642 394 345 625 275 498 214 1 535 456 166
609 522 318 605 175 170 195 183 17 268 628 354 431 383 413 328 47 266 350 461 301 658 33 631 444 332 179 487 384 502 158 616 492 89 509 360 31 685 68 243 271 532 326 147 259 457 513 406 323 670 537 692 113 519
577 130 565 527 597 72 9 329 251 552 450 346 632 550 180 548 407 372 488 634 16 645 210 664 217 322 473 624 582 167 409 506 58 497 544 695 510 639 657 317 21 138 610 340 171 109 496 193 578 107 102 580 28 438 57 118 691 50
316 367 93 139 587 650 559 417 583 145 234 172 276 108 380 514 637 463 455 30 534 319 440 666 415 24 558 690 297 697 418 507 292 518 73 32 468 464 240 333 447 160 132 659 85 191 395 672 94 424 142 425 184 591 400 429
381 608 264 398 87 216 640 149 79 235 615 592 551 545 300 696 80 526 611 355 230 257 163 52 437 258 11 309 445 420 356 633 23 598 556 238 64 198 663 458 174 114 62 376 391 232 84 560 39 669 363 227 324 470 349
660 304 197 542 679 648 606 55 226 493 561 483 465 231 223 49 607 303 127 27 397 348 283 40 35 365 325 477 646 25 347 54 529 475 236 390 207 74 70 528 662 285 202 568 86 536 280 2 120 467 359 569 176 8 638 520
