13090
61 609 565 527 597 665 629 66 491 170 195 183 17 268 199 19 651 431 383 413 328 611 355 461 301 658 33 416 288 677 618 603 219 321 518 73 32 90 198 663 21 138 610 340 224 123 421 572 193 232 674 82 154 345 410 434 481 305
564 316 367 93 139 681 590 141 417 432 552 615 346 632 550 180 343 619 95 654 488 634 16 645 210 386 291 308 341 83 581 459 233 478 576 589 270 129 244 700 229 106 364 271 532 462 313 531 259 404 94 627 323 670 289 535 188
381 38 209 423 567 290 427 336 640 149 504 494 248 405 334 419 548 279 269 379 312 454 511 339 428 133 91 60 624 582 487 384 502 158 616 64 117 267 685 37 65 218 370 568 84 560 272 442 196 142 425 184 591 293 456 166
660 522 318 426 162 549 116 302 122 88 628 354 448 103 194 614 635 187 136 327 159 480 471 52 100 361 485 40 35 676 436 69 533 25 347 54 617 134 524 311 67 563 649 62 376 574 622 228 362 256 137 7 580 406 221 569 176 537 692 400 429
460 337 584 433 587 650 559 338 623 140 307 274 450 164 234 172 276 108 380 514 637 463 455 30 382 319 239 453 369 42 371 682 63 594 517 468 464 475 236 390 673 181 641 71 205 202 326 147 671 169 99 101 182 342 6 540 324 470 349
225 608 264 398 72 9 408 177 125 612 79 235 523 226 493 330 242 439 250 490 557 530 422 299 230 257 163 512 694 666 415 24 558 690 297 697 418 507 23 201 220 203 56 208 495 143 458 68 241 132 659 388 573 578 107 102 669 363 227 8 638 520 595
693 601 684 605 175 216 121 48 286 153 10 643 387 575 392 521 178 59 539 368 516 352 92 401 664 258 245 110 365 325 477 646 598 556 260 687 207 500 160 12 484 496 555 119 46 320 161 647 120 115 359 438 57 118 691 50
263 652 604 76 44 329 251 583 145 592 551 545 300 696 282 526 47 266 350 602 135 378 699 631 81 344 4 167 409 506 58 497 544 238 492 157 562 675 525 385 51 22 412 86 466 457 28 156 246 20 77 596
577 130 389 543 152 679 648 284 686 3 515 620 155 655 626 613 265 306 13 151 281 411 393 335 200 534 75 261 440 473 253 204 249 570 579 186 508 377 15 546 192 240 333 447 98 171 109 295 680 26 424 358 185 501 34 211 489
653 586 277 656 215 554 131 165 144 273 606 55 105 287 469 561 483 465 231 223 49 607 303 430 104 449 278 322 11 309 445 420 356 633 292 451 689 695 510 639 657 317 74 174 114 189 636 391 621 486 536 280 2 672 467 446 474 668 146 298 553 296
314 357 667 315 87 237 541 36 213 593 112 479 566 150 441 173 80 247 126 96 310 505 503 283 217 443 124 190 262 41 29 414 366 482 402 547 529 89 435 255 476 97 53 331 472 294 600 571 128 206 222 642 394 78 254 5 499 452 678 599
588 304 197 542 683 148 351 212 18 661 45 585 407 372 111 14 127 27 397 348 644 437 630 444 332 179 698 252 403 168 353 688 538 373 43 375 509 360 31 399 70 243 528 662 285 374 85 191 396 395 39 513 625 275 498 214 1 113 519
