13090
61 660 608 139 426 76 44 549 144 491 170 140 55 268 628 551 561 651 448 103 194 614 635 187 136 327 602 135 378 512 416 473 253 365 487 384 533 201 220 203 492 157 255 31 399 174 241 132 659 388 295 232 259 513 254 670 537 692 293 456 166
693 601 684 315 290 427 336 679 648 284 686 3 112 287 387 45 441 173 279 269 379 312 454 511 339 428 361 245 40 35 676 436 69 186 598 556 260 198 663 67 563 160 224 123 421 572 191 396 107 102 394 94 424 221 156 246 20 77 596 595
564 588 38 264 423 162 329 116 606 307 274 450 592 19 483 465 178 59 539 368 516 350 461 301 658 644 278 631 11 309 445 420 356 633 502 158 616 529 89 435 117 267 97 53 271 532 85 193 531 680 26 580 359 358 185 501 34 211 489
314 93 522 318 605 273 623 122 88 105 493 330 242 231 223 49 607 303 352 159 480 471 52 33 239 81 344 4 325 477 646 168 353 688 54 468 464 475 236 390 673 181 447 340 171 109 571 128 578 395 672 272 669 363 227 8 638 520
316 367 304 197 398 87 66 251 79 235 515 10 226 469 354 431 383 306 13 151 281 411 27 397 348 699 217 288 677 618 603 219 321 594 517 238 90 562 675 685 74 70 243 65 12 484 391 362 46 320 404 467 406 438 57 118 691 50
460 609 209 681 152 175 338 195 213 593 643 479 566 150 585 265 80 247 126 96 310 463 455 163 133 100 258 308 341 83 581 459 233 478 576 589 270 15 546 192 495 143 21 525 385 51 22 622 621 671 169 161 647 154 182 342 275 498 214 1 113 519
653 586 277 656 215 554 131 141 237 541 36 183 17 405 545 300 696 380 514 637 230 257 30 534 75 485 110 204 698 252 403 508 377 43 617 134 524 311 138 610 528 662 285 202 568 206 674 82 2 7 101 345 474 668 146 289 535 188
381 357 667 597 665 629 683 148 432 351 212 164 234 172 276 108 413 328 47 266 430 104 283 440 322 666 415 24 558 690 297 697 418 507 23 506 58 497 544 56 208 240 333 500 71 205 294 462 326 147 222 137 642 627 323 410 298 553 296
225 565 527 587 542 408 121 48 552 615 18 661 575 392 521 439 250 490 557 530 422 299 505 503 382 319 443 124 190 262 41 29 414 366 482 402 547 375 509 360 476 106 364 218 370 412 466 28 625 5 434 481 305
263 433 543 650 559 216 417 302 583 145 620 199 334 419 548 619 95 654 111 14 127 92 401 664 261 91 444 332 179 249 570 579 292 25 347 538 64 687 207 37 649 331 472 374 496 555 119 84 99 120 78 569 176 324 470 349
577 130 389 72 9 640 149 504 494 248 346 632 550 180 343 407 372 488 634 16 645 210 449 291 60 624 582 167 409 518 73 32 373 129 244 700 317 458 68 98 189 636 574 573 486 536 280 560 39 442 446 6 540 499 452 678 599
337 584 652 604 567 590 165 177 125 612 286 153 523 155 655 626 613 282 526 611 355 393 335 200 386 437 694 630 453 369 42 371 682 63 451 689 695 510 639 657 229 641 114 62 376 600 313 228 86 256 457 115 196 142 425 184 591 400 429
