13090
564 314 357 667 543 44 549 679 648 284 122 88 199 354 242 265 306 13 151 281 411 463 455 30 534 75 437 217 443 124 190 262 41 29 414 366 482 402 547 375 509 360 31 685 106 364 385 51 462 572 622 621 486 259 457 94 669 363 227 8 638 520
460 609 522 318 315 650 559 683 148 541 504 494 248 493 561 45 465 231 223 49 607 303 327 602 135 378 644 694 485 40 35 676 436 69 478 576 589 270 15 64 255 267 458 563 340 171 109 313 531 84 99 39 115 272 442 359 474 668 146 289 535 456 166
225 277 656 426 605 175 144 491 417 302 686 3 105 287 387 566 150 441 407 372 111 14 127 92 401 658 33 631 666 415 24 558 690 297 697 418 507 23 25 347 538 373 468 464 198 663 500 53 218 370 484 22 412 119 280 560 394 513 406 358 185 501 34 211 489
577 608 139 681 152 165 237 606 55 112 592 19 651 448 103 173 380 514 637 230 257 163 512 278 291 453 369 42 371 682 63 451 689 43 617 562 675 399 174 649 271 532 571 128 536 107 102 345 221 569 176 434 481 305
61 660 304 197 567 590 141 216 121 48 552 515 620 346 632 550 626 613 194 614 635 187 136 310 505 503 382 133 100 258 245 473 624 582 487 384 533 201 220 203 546 529 240 333 37 71 224 123 421 573 222 137 642 196 6 540 499 452 678 599
693 130 652 604 76 665 629 329 251 79 235 615 18 661 575 392 521 178 59 539 368 516 352 430 104 91 444 332 179 249 570 579 186 598 556 90 495 143 67 525 205 374 391 578 26 28 625 275 246 20 77 596 595
316 367 93 389 215 87 66 116 623 351 212 155 655 431 383 80 247 126 96 159 480 471 449 416 288 677 618 603 219 321 508 377 238 492 89 435 117 476 68 241 62 376 574 147 671 46 320 404 101 182 342 156 670 324 470 349
381 38 433 587 542 408 640 432 140 307 274 450 226 469 330 180 548 439 250 490 557 530 422 299 27 397 348 699 440 322 11 309 445 420 356 633 502 594 517 260 157 687 673 181 641 114 189 636 326 193 232 86 256 395 7 78 438 57 184 591 293 188
588 601 684 597 554 131 170 195 183 17 268 628 551 545 300 696 619 95 654 488 634 16 645 210 664 319 361 110 365 325 477 646 518 73 32 510 639 657 229 447 528 132 659 388 568 466 627 142 425 118 691 50
263 264 423 398 290 427 336 338 149 36 213 593 643 479 483 343 282 526 47 266 350 393 335 200 386 261 630 81 344 4 167 409 506 58 497 544 695 56 208 475 236 390 207 97 160 12 85 191 228 362 674 82 2 154 424 254 5 537 692 113 519
653 586 565 527 72 9 273 583 145 523 405 334 419 585 413 328 611 355 461 301 52 60 253 204 698 252 403 168 353 688 54 192 134 524 311 138 610 98 331 472 294 600 496 555 396 680 647 120 467 446 498 214 1 400 429
337 584 209 162 177 125 612 286 153 10 164 234 172 276 108 279 269 379 312 454 511 339 428 283 239 308 341 83 581 459 233 292 158 616 129 244 700 317 21 74 70 243 65 662 285 202 295 206 169 161 672 580 323 410 298 553 296
