13186
314 93 209 162 549 251 583 145 523 405 561 483 465 407 372 488 530 312 463 455 163 133 91 81 344 4 325 477 646 451 689 492 157 495 143 447 649 271 532 85 191 486 84 99 359 438 57 184 591 293 188
564 225 608 139 681 650 559 237 284 79 235 615 628 551 545 300 696 194 614 635 269 607 303 454 511 339 428 283 416 40 35 204 249 570 579 533 25 347 538 56 208 562 675 685 74 174 160 132 659 600 622 280 26 580 28 625 5 499 452 678 599
653 586 601 684 543 44 121 195 183 17 155 655 448 103 439 250 490 557 47 266 350 461 301 382 437 694 291 308 341 83 581 459 233 478 576 589 270 373 90 244 700 229 37 98 331 472 374 326 193 232 86 466 560 7 101 196 6 540 289 535 456 166
588 656 426 76 665 629 66 116 504 494 248 287 469 172 276 108 178 59 539 634 352 430 104 386 443 124 190 262 41 356 633 502 158 616 43 375 198 663 500 71 205 294 421 568 119 46 320 102 513 142 425 324 470 349
460 693 304 197 554 131 408 640 149 686 3 268 493 330 242 173 279 379 637 230 257 30 664 319 361 485 110 365 167 409 518 73 32 468 464 117 267 458 68 65 171 109 555 536 2 672 467 406 323 410 298 553 296
577 38 264 423 398 152 683 148 541 36 213 593 112 18 661 45 585 265 306 13 151 281 411 602 135 378 512 239 666 415 24 558 690 297 697 418 507 23 506 58 497 544 695 510 240 333 138 70 243 189 636 574 572 573 362 256 395 39 115 272 442 446 275 246 20 77 596
263 130 389 215 87 165 177 125 612 286 153 10 592 334 419 343 619 95 654 111 14 127 92 401 658 699 288 677 618 603 219 321 508 377 15 546 192 687 673 181 610 114 62 376 295 228 259 642 394 669 474 668 146 537 692 113 519
61 660 277 652 604 567 590 141 216 417 432 140 307 274 450 164 234 354 626 613 413 328 611 355 393 335 200 449 278 630 453 369 42 371 682 63 594 517 129 435 255 31 399 563 528 662 285 202 462 391 621 169 161 154 345 221 156 670 8 638 520 595
337 584 522 318 315 290 427 329 273 606 55 105 346 632 550 180 548 231 223 187 136 327 159 480 471 52 33 631 11 309 445 420 29 414 366 482 402 547 529 89 509 360 476 67 525 340 224 123 496 147 396 674 82 404 424 358 185 501 34 211 489
609 565 527 597 605 175 144 491 170 48 351 212 643 479 575 392 521 380 514 49 422 299 27 397 348 644 217 322 473 253 676 436 69 186 598 556 238 617 639 657 317 21 97 53 218 370 388 571 128 206 222 137 78 254 498 214 1 400 429
316 367 433 587 542 338 623 122 88 199 19 651 431 383 80 247 126 96 310 505 503 100 258 245 444 332 179 487 384 292 201 220 203 260 475 236 390 207 106 364 385 51 313 578 107 647 120 94 627 569 176 434 481 305
381 357 667 72 9 336 679 648 302 552 515 620 226 387 566 150 441 282 526 368 516 16 645 210 534 75 261 440 60 624 582 698 252 403 168 353 688 54 64 134 524 311 641 241 12 484 22 412 531 671 680 457 182 342 363 227 118 691 50
