13090
61 381 38 139 681 398 542 408 116 195 213 593 268 405 561 651 448 103 173 80 247 126 96 454 511 339 428 644 437 217 666 415 24 558 690 249 570 579 533 201 220 203 546 192 244 700 229 641 114 189 636 22 622 396 222 137 39 467 406 474 668 146 499 452 678 599
225 608 264 423 152 549 679 648 302 140 307 274 450 18 661 575 392 521 439 250 490 557 530 422 299 505 503 382 133 100 361 443 124 190 262 41 29 414 366 482 402 547 375 495 143 21 97 71 385 51 462 326 147 362 259 26 359 254 498 214 1 293 456 166
460 337 584 209 315 290 427 165 216 417 432 552 112 346 632 550 180 548 407 372 488 634 16 645 210 664 278 631 81 344 4 698 252 403 508 377 15 64 134 524 311 67 525 241 62 376 421 568 107 102 28 275 246 20 77 596
564 316 367 304 197 587 650 559 491 170 606 55 105 592 551 545 300 696 619 95 654 111 14 127 27 397 348 449 239 308 341 83 581 459 233 292 158 616 90 562 675 138 70 243 649 218 370 388 313 119 46 320 161 154 513 358 185 501 34 211 489
588 93 652 604 567 590 141 177 125 612 286 153 523 226 469 354 431 383 413 328 611 355 430 104 75 416 60 624 582 487 384 502 451 689 695 56 208 475 236 390 207 68 340 132 659 600 412 531 674 642 394 94 345 625 5 434 481 305
653 586 522 318 426 76 44 66 338 623 583 145 10 643 479 566 150 441 231 223 49 607 303 327 159 480 471 699 91 288 677 618 603 219 321 518 73 32 260 157 687 673 181 447 65 171 109 496 191 228 671 680 560 672 442 627 569 176 537 692 113 519
263 565 527 605 329 251 79 235 615 628 334 419 343 194 614 635 187 136 310 463 135 378 283 291 453 369 42 371 682 63 594 517 238 529 89 639 657 317 37 331 472 294 391 621 486 256 82 404 669 142 425 8 638 520 595
693 601 684 597 665 629 640 149 36 183 17 199 19 483 465 279 269 379 312 92 401 658 319 440 485 110 365 167 409 25 347 538 373 43 617 435 255 476 500 53 205 202 574 572 555 536 280 457 272 196 156 670 289 535 188
609 277 656 215 554 131 336 237 541 351 212 493 330 242 282 526 47 266 350 602 455 163 512 694 245 444 332 179 325 477 646 168 353 688 54 510 509 360 31 685 74 610 98 224 123 571 128 206 578 395 7 101 182 342 438 57 118 691 50
577 130 389 72 9 683 148 48 504 494 248 287 387 45 585 265 306 13 151 281 411 393 335 200 386 261 630 11 309 445 420 356 633 23 506 58 497 544 129 240 333 399 563 160 12 484 295 84 2 78 221 363 227 324 470 349
660 357 667 543 87 121 122 88 164 234 172 276 108 380 514 637 461 301 534 322 40 35 676 436 69 478 576 589 270 492 198 663 458 174 528 662 285 374 573 86 466 647 120 115 424 323 410 298 553 296
314 433 162 175 144 273 284 686 3 515 620 155 655 626 613 178 59 539 368 516 352 230 257 30 52 33 258 473 253 204 297 697 418 507 186 598 556 468 464 117 267 106 364 271 532 85 193 232 169 99 580 446 6 540 184 591 400 429
