13090
263 304 197 290 427 336 170 122 88 105 18 661 45 465 407 372 488 634 16 645 210 664 100 258 666 415 24 558 690 603 219 321 518 73 32 373 43 375 495 143 67 525 340 224 123 391 86 536 280 560 7 94 359 254 670 499 452 678 599
577 38 433 681 398 152 408 177 125 612 79 235 615 155 655 626 613 413 328 47 266 350 393 335 200 534 75 437 694 291 453 369 42 371 682 63 451 689 90 562 675 97 71 385 51 295 531 259 26 182 342 156 246 20 77 596 595
460 693 130 652 604 567 590 338 149 686 3 628 551 545 300 696 439 250 490 557 530 422 299 27 397 348 449 91 81 344 4 698 252 403 576 589 270 15 64 435 255 476 500 53 528 662 285 374 85 147 362 674 82 404 467 406 221 6 540 184 591 293 188
564 609 565 527 72 9 329 116 284 583 145 10 643 479 566 150 441 231 223 49 607 303 454 511 339 428 283 440 322 11 309 445 420 29 414 292 25 347 54 468 464 198 663 641 241 189 636 574 572 191 228 119 46 107 457 424 323 410 298 553 296
61 314 277 656 315 87 683 417 302 552 515 199 334 419 585 265 306 13 151 281 411 602 455 30 133 416 288 677 618 167 409 482 402 547 192 134 524 311 37 364 218 370 600 568 466 102 513 438 57 118 691 50
660 357 667 597 605 175 144 491 273 432 140 307 274 450 592 19 483 343 194 614 635 187 136 327 159 480 471 699 245 473 253 204 297 697 418 507 186 598 556 260 157 475 236 390 207 399 563 160 132 659 388 313 206 84 2 672 580 28 363 227 324 470 349
653 586 389 215 554 131 165 237 48 286 153 523 405 354 242 282 526 611 355 463 135 378 512 278 630 110 676 436 69 533 201 220 203 56 208 117 267 685 74 70 243 331 472 294 421 573 578 137 647 154 627 569 176 289 535 456 166
225 608 264 423 162 141 148 541 351 212 164 234 172 276 108 380 514 637 461 301 644 217 443 124 190 262 41 356 633 23 506 58 497 544 695 510 509 360 31 138 610 649 171 109 622 621 486 256 395 101 446 474 668 146 434 481 305
316 367 93 209 543 542 66 251 504 494 248 620 346 632 550 431 383 80 247 126 96 310 505 503 382 319 239 308 341 83 581 459 233 478 508 377 238 492 89 639 657 317 21 458 68 98 12 484 22 412 671 680 39 78 358 185 501 34 211 489
588 601 684 665 629 640 623 36 213 593 493 561 651 448 103 173 279 269 379 312 230 257 163 52 261 444 332 179 249 570 579 366 168 353 688 538 546 529 687 673 181 447 65 271 532 571 128 320 120 272 442 196 142 425 8 638 520
381 139 587 650 559 216 121 195 183 17 268 226 469 330 180 548 619 95 654 111 14 127 92 401 658 33 631 60 624 582 487 384 502 158 616 129 244 700 229 106 114 62 376 496 555 396 169 161 642 115 669 5 537 692 400 429
337 584 522 318 426 76 44 549 679 648 606 55 112 287 387 575 392 521 178 59 539 368 516 352 430 104 386 361 485 40 35 365 325 477 646 594 517 617 240 333 174 205 202 462 326 193 232 222 99 394 345 625 275 498 214 1 113 519
