13186
564 316 367 93 522 318 315 290 427 336 338 623 351 212 643 479 483 441 619 247 126 96 310 463 135 378 534 75 261 440 485 40 35 676 436 69 186 598 556 238 64 687 673 181 447 649 331 472 294 391 621 531 671 680 404 345 254 498 214 1 113 519
61 314 608 139 426 76 72 9 408 237 302 122 88 105 287 387 566 150 585 265 80 526 368 516 352 505 503 382 33 416 110 365 325 477 646 168 353 688 54 56 208 435 255 31 399 70 171 109 568 206 536 280 560 39 467 363 227 8 638 520 595
653 586 277 656 215 44 549 491 273 284 583 145 523 405 561 575 392 521 413 328 611 355 393 335 200 386 361 81 344 4 698 252 403 518 73 32 373 468 464 240 333 74 174 241 189 636 574 572 555 86 222 137 7 424 438 57 184 591 400 429
460 337 584 264 597 554 131 141 177 125 612 686 3 515 620 18 661 45 465 231 223 187 136 327 159 455 163 512 288 677 618 603 219 321 594 517 43 375 495 143 21 458 68 243 65 12 484 496 191 396 466 99 120 442 446 142 425 324 470 349
577 130 652 604 587 650 559 216 417 432 140 307 274 450 592 551 545 300 696 282 95 654 488 530 312 454 511 339 428 283 217 322 444 332 179 249 570 579 533 576 589 270 15 90 562 675 138 610 98 132 659 22 412 46 320 2 154 513 406 358 185 501 34 211 489
660 357 667 543 542 329 640 149 36 183 17 268 155 655 626 613 306 13 151 281 411 92 401 658 644 437 694 291 308 341 83 581 487 384 502 158 616 492 117 267 685 525 218 370 388 295 232 395 101 182 342 221 569 176 289 535 188
609 209 398 87 683 148 541 504 494 248 226 493 354 431 383 178 59 539 634 16 645 210 664 319 239 443 124 190 262 41 29 414 366 482 402 547 529 89 639 657 317 106 114 62 376 421 573 674 102 672 627 323 410 434 481 305
225 565 527 162 165 144 121 195 213 593 164 234 172 276 108 380 514 49 422 299 230 257 30 449 630 473 624 582 167 409 25 347 538 129 244 700 229 641 71 385 51 462 326 147 362 259 26 580 196 6 540 499 452 678 599
588 304 197 605 175 679 648 48 552 615 346 632 550 242 173 279 379 637 461 301 631 11 309 445 420 356 633 23 506 58 497 544 695 510 509 360 476 37 364 528 662 285 374 600 313 486 256 82 642 78 156 670 537 692 293 456 166
693 38 433 681 152 66 116 79 235 10 199 19 651 448 103 407 372 111 14 350 602 480 471 52 100 258 245 60 253 204 297 697 418 507 292 201 220 203 260 157 475 236 390 207 500 53 205 202 571 128 119 84 647 394 94 359 5 118 691 50
381 389 567 590 170 606 55 112 628 334 419 548 439 250 490 557 47 266 430 104 133 91 666 415 24 558 690 459 233 478 508 377 546 192 198 663 97 160 224 123 85 193 578 107 457 115 28 625 275 246 20 77 596
263 601 684 423 665 629 251 286 153 469 330 180 343 194 614 635 269 607 303 127 27 397 348 699 278 453 369 42 371 682 63 451 689 617 134 524 311 67 563 340 271 532 622 228 169 161 272 669 474 668 146 298 553 296
