13090
460 337 584 652 604 665 629 679 648 284 122 88 105 287 387 566 150 441 173 380 514 637 461 301 534 319 443 124 190 262 41 29 414 366 482 402 547 375 117 267 458 68 53 331 472 294 574 572 555 362 256 395 7 272 669 142 425 184 591 400 429
564 316 367 433 76 44 336 251 504 494 248 268 226 469 561 651 448 103 619 95 654 111 14 127 27 397 348 699 258 245 444 332 179 325 477 646 168 353 688 54 64 495 143 685 74 610 98 171 421 568 396 466 99 120 28 625 275 498 214 1 113 519
61 660 304 197 398 72 9 216 121 195 213 593 112 628 551 545 300 696 407 372 488 634 16 645 210 664 261 291 308 341 83 581 459 233 478 508 377 373 129 475 236 390 673 181 447 649 385 51 313 578 107 154 446 6 540 434 481 305
653 586 277 656 215 554 131 141 640 48 286 153 523 155 655 431 383 178 59 539 368 516 352 159 455 163 75 437 217 322 453 369 42 371 682 63 594 517 238 492 89 435 255 476 500 71 205 374 573 119 84 457 406 323 670 324 470 349
225 608 139 597 87 66 491 273 623 552 493 330 242 231 223 49 607 303 327 602 480 471 449 666 415 24 558 690 297 697 418 507 292 158 616 192 134 524 311 174 271 532 462 326 147 536 137 647 78 363 227 8 638 520 595
314 209 681 152 329 116 606 307 274 450 164 234 172 276 108 439 250 490 557 530 422 299 230 257 30 644 440 81 344 4 167 409 506 58 497 544 43 617 198 663 67 525 340 224 123 85 191 228 86 46 320 404 513 254 5 499 452 678 599
588 38 264 423 567 590 175 144 170 79 235 615 346 632 550 180 548 279 269 379 312 454 511 339 428 694 630 473 624 582 698 252 403 518 73 32 546 529 509 360 31 106 364 528 662 285 202 22 622 222 161 642 394 94 424 358 185 501 34 211 489
693 601 684 315 290 427 165 237 541 36 183 17 405 354 626 613 282 526 611 355 463 135 378 512 278 631 11 309 445 420 356 633 23 201 220 203 260 157 562 675 37 241 12 484 391 621 531 680 560 115 345 410 537 692 293 456 166
609 522 318 426 162 549 338 149 583 145 10 643 479 483 465 80 247 126 96 350 393 335 200 52 33 361 485 110 204 249 570 579 533 598 556 510 639 657 317 21 138 563 189 636 295 259 672 580 182 342 221 569 176 289 535 188
577 130 565 527 587 650 559 683 148 432 351 212 18 661 45 585 265 306 13 151 281 411 92 401 658 283 239 40 35 365 487 384 502 451 689 695 56 208 687 207 399 70 243 65 218 370 388 571 128 206 169 102 101 627 438 57 118 691 50
263 93 389 543 542 408 177 125 612 686 3 515 199 334 419 343 194 614 635 187 136 310 505 503 382 133 100 416 60 253 676 436 69 186 576 589 270 15 90 244 700 229 641 114 62 376 600 496 193 232 671 280 2 39 467 359 474 668 146 298 553 296
381 357 667 605 417 302 140 55 620 592 19 575 392 521 413 328 47 266 430 104 386 91 288 677 618 603 219 321 25 347 538 468 464 240 333 97 160 132 659 109 412 486 674 82 26 442 196 156 246 20 77 596
