13090
460 693 130 565 527 597 605 66 338 612 79 235 615 287 469 330 180 343 194 614 635 187 136 350 602 455 30 386 261 416 473 624 582 698 252 403 168 353 688 538 373 43 617 562 675 399 70 243 649 271 532 22 555 362 320 404 580 28 142 425 118 691 50
61 381 38 433 681 162 116 623 36 213 593 112 628 551 561 651 448 103 265 306 13 151 281 411 393 335 200 449 694 630 81 344 4 325 477 646 518 73 32 90 117 267 447 65 62 376 568 206 674 82 154 446 569 176 537 692 293 188
564 314 357 667 44 329 640 149 552 10 346 632 550 242 619 247 126 96 310 505 503 382 133 100 361 443 124 190 618 603 219 321 201 220 203 510 495 143 21 37 71 385 51 85 191 228 578 395 7 513 406 323 410 298 553 296
337 584 209 215 650 559 336 273 606 307 274 450 592 545 300 696 282 95 654 111 14 127 92 401 658 644 278 291 308 341 83 581 459 233 478 508 377 129 475 236 390 673 181 641 114 189 636 571 128 119 84 457 345 625 5 324 470 349
660 608 264 423 567 590 175 237 284 351 212 643 387 45 465 231 223 49 607 303 352 159 480 471 699 258 245 40 35 676 436 69 533 598 556 260 157 639 657 317 97 98 331 472 374 313 531 169 2 672 94 627 254 670 289 535 456 166
263 93 652 604 665 629 216 121 48 286 153 523 493 354 626 613 407 372 488 634 16 645 210 534 75 217 444 332 179 249 570 579 186 576 589 270 15 546 529 89 435 255 476 458 174 205 294 600 496 147 46 107 102 394 467 342 438 57 184 591 400 429
653 586 389 398 152 549 251 122 88 199 19 483 441 173 80 526 611 355 430 104 283 60 253 204 297 697 418 507 292 158 616 468 464 509 360 31 685 106 364 171 109 391 621 466 99 39 115 359 358 185 501 34 211 489
225 139 426 554 131 141 679 648 302 686 3 515 620 18 661 575 392 521 178 59 539 368 516 327 461 301 664 319 322 453 369 42 371 682 63 451 689 695 56 208 687 207 74 610 340 662 285 202 462 412 86 259 560 101 669 474 668 146 499 452 678 599
316 367 522 318 76 72 9 177 125 195 183 17 268 226 479 566 150 585 413 328 47 266 27 397 348 52 33 631 666 415 24 558 690 167 409 25 347 54 64 134 524 311 67 525 218 370 574 572 573 486 671 680 647 120 272 442 196 363 227 8 638 520 595
609 277 656 543 87 683 417 432 140 55 405 334 419 548 439 250 490 557 530 422 299 230 257 163 512 440 485 110 365 487 384 502 594 517 238 492 244 700 229 68 53 528 132 659 388 295 396 222 161 182 221 6 540 434 481 305
577 304 197 587 542 408 148 541 504 494 248 164 234 172 276 108 380 514 637 463 135 378 437 91 288 677 445 420 29 414 366 482 402 547 192 198 663 138 563 160 224 123 421 622 256 137 642 78 156 246 20 77 596
588 601 684 315 290 427 165 144 491 170 583 145 105 155 655 431 383 279 269 379 312 454 511 339 428 239 11 309 262 41 356 633 23 506 58 497 544 375 240 333 500 241 12 484 326 193 232 536 280 26 424 275 498 214 1 113 519
