13090
564 609 565 527 597 72 9 336 237 541 504 494 248 620 346 632 550 180 548 439 250 490 557 530 422 299 230 257 163 512 291 308 341 83 581 459 233 478 576 589 270 546 529 89 435 255 31 500 160 132 659 109 391 621 486 671 259 560 672 78 6 540 434 481 305
460 337 584 433 543 44 549 144 491 170 48 286 153 523 405 545 300 696 194 614 635 187 136 327 159 480 471 52 33 239 453 369 42 371 682 63 594 517 492 687 673 181 74 610 114 62 376 496 555 362 256 99 39 513 406 438 57 118 691 50
61 660 38 209 681 152 175 216 148 432 552 450 18 661 575 392 521 80 247 126 96 463 455 30 382 278 631 60 624 582 698 252 403 518 73 32 373 129 475 236 390 207 447 98 171 421 573 206 222 137 642 101 342 5 184 591 293 456 166
577 93 522 318 587 650 559 177 125 612 79 235 615 199 19 483 465 407 372 488 634 16 645 210 699 91 473 253 204 249 570 579 186 508 377 15 90 244 700 229 641 205 202 574 147 396 46 320 161 647 154 669 363 227 324 470 349
653 586 277 656 215 554 131 66 251 583 145 515 10 226 493 354 431 383 413 328 47 266 350 393 335 200 133 440 322 11 309 445 420 356 633 292 158 616 192 240 333 97 53 224 123 571 128 280 457 467 446 142 425 8 638 520
381 304 197 162 141 116 623 122 88 105 287 469 330 626 613 265 306 13 151 281 411 602 135 378 644 694 40 35 365 487 384 502 482 402 547 375 117 267 37 385 51 313 531 536 395 7 345 625 275 498 214 1 400 429
225 608 139 426 76 665 629 683 417 351 212 592 551 561 651 448 103 173 380 514 637 461 301 534 75 261 630 81 344 4 325 477 646 451 689 468 464 509 360 476 458 563 649 331 472 294 85 191 466 272 196 569 176 537 692 113 519
314 357 667 315 290 427 165 121 195 183 17 155 655 242 282 526 611 355 27 397 348 449 258 666 415 24 558 690 297 697 418 507 23 25 347 54 64 134 524 311 138 70 71 218 370 388 295 84 404 442 359 474 668 146 499 452 678 599
263 130 389 567 590 408 273 606 55 268 628 334 419 343 619 95 654 111 14 127 92 401 658 283 217 485 110 676 436 69 533 201 220 203 260 157 495 143 21 68 243 65 271 532 462 326 193 232 674 82 26 580 627 323 410 298 553 296
588 601 684 423 87 679 648 284 36 213 593 643 387 566 150 441 231 223 49 607 303 310 505 503 664 319 443 124 190 262 41 29 414 366 168 353 688 538 43 617 639 657 317 67 525 340 189 636 22 412 578 107 102 394 94 424 221 156 246 20 77 596 595
316 367 264 605 329 640 149 686 3 112 479 45 585 279 269 379 312 454 511 339 428 100 361 245 444 332 179 167 409 506 58 497 544 695 510 198 663 399 174 241 12 484 568 119 680 182 358 185 501 34 211 489
693 652 604 398 542 338 302 140 307 274 164 234 172 276 108 178 59 539 368 516 352 430 104 386 437 416 288 677 618 603 219 321 598 556 238 56 208 562 675 685 106 364 528 662 285 374 600 572 622 228 86 169 2 120 115 28 254 670 289 535 188
