13186
660 608 139 681 398 152 175 679 648 606 55 105 592 19 651 431 383 279 379 637 230 257 30 664 319 245 473 253 365 167 409 506 58 497 544 695 56 208 240 333 458 68 98 189 636 295 531 671 169 161 642 272 406 358 185 501 34 211 489
564 588 209 426 76 665 629 66 251 122 88 628 551 545 300 696 407 372 111 14 127 92 401 512 440 485 40 35 204 698 252 403 168 353 688 54 468 464 509 360 31 37 364 224 123 568 578 107 102 394 94 345 569 176 184 591 293 188
577 601 684 315 290 427 329 273 623 140 307 274 450 493 330 242 173 380 126 96 310 505 503 382 437 630 453 369 42 371 682 63 594 517 238 492 157 562 675 67 70 243 649 171 85 191 486 680 26 513 625 5 537 692 113 519
460 337 584 656 587 650 559 336 338 612 36 213 593 112 287 469 561 483 441 282 526 368 516 16 645 210 386 261 258 11 309 445 420 29 414 292 451 689 373 43 375 639 657 229 447 528 662 285 202 574 572 622 621 259 404 101 446 474 668 146 298 553 296
653 586 277 652 604 162 141 177 125 286 153 643 479 575 392 521 178 59 539 634 352 463 455 163 449 239 60 624 582 487 384 502 158 616 617 495 143 500 160 132 659 109 571 147 119 84 560 120 442 196 156 670 499 452 678 599
381 38 433 72 9 408 121 284 686 3 268 226 387 566 150 585 265 80 247 490 557 47 266 350 461 301 658 133 322 81 344 4 325 477 646 25 347 538 129 475 236 390 673 181 641 65 218 370 388 326 193 232 86 320 2 39 28 142 425 8 638 520
263 304 264 423 567 590 683 417 432 351 212 18 661 45 465 413 328 611 355 393 335 200 534 100 694 631 666 415 24 558 690 297 697 418 507 186 508 377 90 244 700 317 21 138 563 331 472 374 600 573 46 395 672 467 627 6 540 434 481 305
609 565 527 597 87 640 149 79 235 515 10 405 354 626 613 194 614 635 269 607 303 430 104 283 416 444 332 179 249 570 579 533 518 73 32 510 117 267 106 71 205 294 22 412 396 256 137 647 580 359 254 498 214 1 400 429
61 314 130 389 215 554 131 165 116 48 552 615 199 334 419 343 306 13 151 281 411 602 135 378 75 217 308 341 83 581 459 233 23 201 220 203 64 198 663 685 525 241 12 484 496 555 466 154 182 342 438 57 118 691 50
225 197 605 237 302 583 145 523 155 655 448 103 619 95 654 488 530 312 454 511 339 428 644 278 291 110 676 436 69 478 576 589 270 15 546 192 134 524 311 74 610 114 62 376 421 128 206 222 99 78 221 275 246 20 77 596 595
693 357 667 543 44 549 216 148 541 504 494 248 620 346 632 550 180 548 231 223 187 136 327 159 480 471 52 33 361 443 124 190 262 41 356 633 366 482 402 547 529 89 435 255 476 97 53 385 51 391 362 674 82 7 669 363 227 324 470 349
316 367 93 522 318 542 144 491 170 195 183 17 164 234 172 276 108 439 250 514 49 422 299 27 397 348 699 91 288 677 618 603 219 321 598 556 260 687 207 399 174 340 271 532 462 313 228 536 280 457 115 424 323 410 289 535 456 166
