13174
61 381 304 197 567 590 141 679 648 302 686 3 515 10 164 234 354 431 383 380 126 96 454 511 339 428 644 437 91 473 624 582 487 384 502 158 616 468 464 475 236 390 207 106 364 224 123 462 391 232 86 536 107 26 446 6 540 434 481 305
564 314 38 433 398 87 66 116 623 583 145 268 405 334 419 548 413 328 47 266 350 602 135 378 449 416 60 253 676 436 69 533 518 73 32 373 64 134 524 311 74 174 649 171 421 568 466 99 394 359 358 185 501 34 211 489
460 588 93 522 318 426 76 72 9 336 273 432 140 307 274 450 18 661 575 392 521 178 59 539 490 151 281 411 505 503 382 694 666 415 24 558 690 459 233 478 576 589 270 617 639 657 317 138 563 160 132 659 109 572 622 621 486 578 395 7 272 442 196 156 246 20 77 596 595
263 601 684 423 162 549 683 148 541 286 153 523 469 330 180 343 231 223 187 136 310 463 455 163 512 217 485 40 35 365 167 409 506 58 497 544 260 157 687 673 181 447 528 662 285 374 600 496 555 222 137 647 115 182 342 438 57 184 591 400 429
316 367 277 656 315 290 427 329 251 504 494 248 620 226 493 172 276 108 439 250 514 637 461 301 658 133 100 443 124 190 618 603 219 321 25 347 538 129 244 700 229 641 114 62 376 191 169 457 669 363 227 8 638 520
577 608 139 681 542 165 177 125 612 79 235 615 155 655 626 613 194 614 635 269 368 516 352 430 104 386 239 288 677 445 420 356 633 23 594 517 43 375 117 267 399 70 241 189 636 574 573 119 680 404 580 28 625 275 498 214 1 535 456 166
337 584 652 604 587 650 559 338 149 36 213 593 112 346 632 550 242 282 526 611 355 393 335 200 534 75 261 291 308 341 83 581 698 252 403 168 353 688 54 56 208 562 675 500 53 12 484 295 396 259 560 39 467 627 474 668 146 298 553 296
653 586 389 665 629 216 640 606 55 643 479 45 441 407 372 111 14 127 27 397 348 278 631 11 309 262 41 29 414 366 482 402 547 192 198 663 685 37 71 205 202 313 228 671 46 320 102 672 94 345 254 410 118 691 50
225 565 527 605 175 144 491 170 195 183 17 628 551 545 300 696 619 95 654 488 634 16 645 210 664 319 258 81 344 4 325 477 646 508 377 15 546 529 495 143 21 458 68 243 65 218 370 388 326 193 362 256 161 154 424 142 425 324 470 349
660 357 667 597 554 131 408 417 351 212 592 561 483 465 557 306 13 530 422 299 92 401 699 630 453 369 42 371 682 63 451 689 695 510 509 360 31 610 385 51 85 147 674 82 513 406 323 670 499 452 678 599
693 130 264 543 152 237 284 122 88 105 287 387 566 150 585 265 80 247 49 607 303 327 159 480 471 283 440 322 444 332 179 249 570 579 186 598 556 238 492 89 435 255 476 67 525 340 271 532 22 412 531 84 2 120 78 221 569 176 289 293 188
609 209 215 44 121 48 552 199 19 651 448 103 173 279 379 312 230 257 30 52 33 361 245 110 204 297 697 418 507 292 201 220 203 90 240 333 97 98 331 472 294 571 128 206 280 642 101 5 537 692 113 519
