13090
564 660 38 433 681 162 141 491 170 195 183 17 18 661 45 441 265 306 13 151 281 411 602 455 30 664 319 291 308 341 83 581 459 233 478 508 377 238 192 687 207 500 243 65 171 109 295 531 536 280 647 154 513 406 323 670 289 535 456 166
460 337 584 652 604 554 131 336 417 302 122 88 405 334 419 548 439 250 490 557 530 422 299 461 301 52 239 11 309 445 420 356 633 23 506 58 497 544 260 157 639 657 317 21 458 68 53 528 662 285 202 313 228 578 107 102 672 467 342 438 57 184 591 400 429
653 586 601 684 423 398 72 9 679 648 284 686 3 515 10 643 479 575 392 521 413 328 47 266 350 230 257 163 512 91 288 677 618 603 219 321 518 73 32 373 492 89 509 360 31 685 106 340 62 376 191 259 457 94 196 142 425 324 470 349
225 277 656 605 165 144 121 36 213 593 268 226 493 354 626 613 282 95 654 111 14 127 27 397 348 33 630 666 415 24 558 690 249 570 579 292 25 347 538 129 244 700 229 174 241 132 659 388 571 128 256 161 642 394 78 358 185 501 34 211 489
577 357 667 315 290 427 640 149 79 235 615 199 19 651 448 103 173 380 514 637 92 401 658 75 437 694 443 124 190 262 41 29 414 366 482 402 547 375 198 663 74 610 98 385 51 573 680 120 272 442 359 474 668 146 537 692 113 519
61 314 130 565 527 597 542 66 338 623 583 145 105 287 387 566 150 585 407 372 488 634 430 104 449 416 60 624 582 698 252 403 576 589 270 15 90 495 143 97 114 189 636 574 572 622 119 84 99 101 627 254 5 118 691 50
609 209 543 152 408 116 606 55 112 592 551 545 300 696 194 614 635 187 136 327 159 480 471 699 258 453 369 42 371 682 63 594 517 64 255 476 67 525 205 374 600 496 555 222 137 669 410 298 553 296
381 93 522 318 665 629 177 125 612 552 620 346 632 550 180 343 231 223 49 607 303 16 645 210 283 217 485 110 365 487 384 533 201 220 203 546 529 435 117 267 399 70 71 218 370 484 326 147 396 169 404 115 424 625 275 498 214 1 293 188
263 608 139 426 76 44 549 683 148 48 504 494 248 164 234 172 276 108 279 269 379 312 454 511 339 428 644 278 631 444 332 179 325 477 646 451 689 695 510 240 333 138 563 649 12 421 568 362 395 39 446 363 227 8 638 520 595
588 389 215 87 329 251 140 307 274 450 155 655 242 619 247 126 96 310 463 135 378 534 100 40 35 204 297 697 418 507 186 598 556 56 208 562 675 641 271 532 462 391 621 486 671 46 320 26 580 182 221 6 540 499 452 678 599
316 367 197 587 650 559 216 273 432 351 212 628 561 483 465 178 59 539 368 516 352 505 503 382 133 361 245 473 253 676 436 69 502 158 616 43 617 134 524 311 447 160 224 123 85 193 206 674 82 2 7 345 569 176 434 481 305
693 304 264 567 590 175 237 541 286 153 523 469 330 431 383 80 526 611 355 393 335 200 386 261 440 322 81 344 4 167 409 168 353 688 54 468 464 475 236 390 673 181 37 364 331 472 294 22 412 232 86 466 560 28 156 246 20 77 596
