13174
460 693 38 433 597 605 336 251 504 494 248 268 592 551 545 300 696 619 95 654 111 14 127 92 401 658 644 437 258 245 444 332 179 249 570 579 533 168 353 688 538 373 510 509 360 476 97 98 132 659 388 571 147 362 46 320 161 642 101 669 142 425 324 470 349
564 609 277 264 423 162 141 170 195 213 593 112 287 469 330 626 613 194 614 635 269 611 355 430 104 449 91 110 204 297 697 418 507 186 576 589 270 15 546 192 639 657 229 641 241 189 636 412 395 39 115 28 625 5 499 452 678 599
61 381 389 426 665 629 683 417 432 351 212 226 479 483 465 407 372 488 634 230 257 30 386 217 308 341 83 581 459 233 23 506 58 497 544 238 375 495 143 106 364 271 532 572 573 486 222 99 7 272 442 359 358 185 501 34 211 489
314 130 565 527 152 338 149 583 145 493 561 575 392 521 439 250 514 637 463 135 378 534 291 453 369 42 371 682 63 451 689 695 56 208 562 675 67 525 205 374 85 191 206 84 26 424 275 498 214 1 113 519
653 586 656 215 44 549 144 121 284 686 3 515 620 346 632 550 180 343 178 59 539 490 151 281 411 393 335 200 512 278 630 473 624 582 487 384 502 158 616 90 117 267 500 160 12 421 568 86 674 82 404 467 627 323 410 298 553 296
577 93 652 604 76 72 9 640 48 552 450 164 234 354 431 383 413 328 47 266 350 461 301 664 319 440 322 666 415 24 558 690 603 219 321 598 556 129 240 333 138 70 71 224 123 496 555 578 107 120 446 474 668 146 289 535 456 166
316 367 209 681 554 131 408 237 302 140 307 274 615 628 172 276 108 279 379 312 454 511 339 428 33 631 11 309 445 420 29 414 292 25 347 54 64 134 524 311 74 610 114 62 376 600 295 531 259 94 345 569 176 537 692 400 429
337 584 522 318 315 290 427 165 177 125 612 36 183 17 405 334 419 548 380 126 96 310 505 503 382 133 100 694 443 124 190 262 41 356 633 366 482 402 547 529 89 435 255 31 685 37 53 528 662 285 202 462 391 621 396 169 102 394 196 363 227 118 691 50
588 357 667 543 87 66 491 273 606 55 643 387 566 150 441 173 557 306 13 530 422 299 27 397 348 52 239 60 253 365 325 477 646 518 73 32 468 464 198 663 21 458 174 331 472 294 574 622 466 457 78 221 6 540 434 481 305
263 601 684 398 650 559 679 648 79 235 523 155 655 242 282 526 368 516 16 645 210 283 485 40 35 676 436 69 478 508 377 260 157 687 207 399 563 649 218 370 484 313 228 671 256 137 647 154 182 342 438 57 184 591 293 188
660 304 197 587 542 329 116 623 122 88 105 18 661 45 585 265 80 247 49 607 303 352 602 455 163 699 361 81 344 4 698 252 403 594 517 43 617 475 236 390 673 181 447 340 171 109 326 193 232 536 280 2 672 513 254 670 8 638 520 595
225 608 139 567 590 175 216 148 541 286 153 10 199 19 651 448 103 231 223 187 136 327 159 480 471 75 261 416 288 677 618 167 409 201 220 203 492 244 700 317 68 243 65 385 51 22 128 119 680 560 580 406 156 246 20 77 596
