13174
61 660 93 139 72 9 329 116 623 36 213 593 112 628 334 419 548 619 95 654 111 14 127 27 397 348 449 91 288 677 618 603 219 321 25 347 538 43 617 495 143 458 68 53 528 132 659 600 22 412 232 86 680 457 28 625 670 537 692 113 519
381 277 656 426 162 175 273 432 140 55 287 387 566 150 441 557 306 13 530 422 299 230 257 30 386 239 308 341 83 581 459 233 478 508 377 15 546 192 134 524 311 67 525 385 51 571 128 169 102 672 272 669 142 425 184 591 293 188
316 367 209 681 398 542 165 177 125 612 552 10 643 479 655 626 613 194 614 635 269 368 516 352 159 455 163 52 261 440 666 415 24 558 690 297 697 418 507 186 598 556 238 56 208 475 236 390 673 181 74 610 98 331 472 294 462 326 193 206 674 82 26 442 196 363 227 8 638 520
577 304 197 587 650 559 683 148 541 351 212 164 234 172 276 108 178 59 539 490 151 281 411 463 135 378 512 278 291 453 369 42 371 682 63 594 517 129 244 700 317 21 106 364 662 285 374 391 621 531 222 137 647 120 115 424 474 668 146 434 481 305
460 588 608 264 423 567 590 336 679 648 606 307 274 450 469 330 242 231 223 187 136 327 92 401 658 699 258 60 624 582 698 252 403 576 589 270 260 435 255 476 37 171 109 572 622 119 320 161 642 101 182 342 221 569 176 324 470 349
263 357 667 597 554 131 141 216 417 302 583 145 523 155 45 585 265 80 247 49 607 303 430 104 283 443 124 190 262 41 356 633 23 506 58 497 544 90 562 675 138 70 243 65 218 370 388 295 362 46 2 39 467 446 275 498 214 1 400 429
337 584 522 318 605 408 237 48 286 153 268 346 632 550 180 343 380 126 96 310 505 503 382 33 361 485 110 204 325 477 646 518 73 32 373 468 464 639 657 229 500 241 12 484 313 228 536 280 560 94 406 438 57 118 691 50
609 389 215 290 427 121 284 686 3 515 620 226 493 561 651 431 383 413 328 47 266 350 602 480 471 319 416 444 332 179 249 570 579 533 482 402 547 375 240 333 399 563 340 189 636 568 256 395 7 513 6 540 499 452 678 599
564 314 38 433 543 44 549 338 149 504 494 248 592 551 545 300 696 282 526 611 355 393 335 200 534 75 437 217 322 473 253 365 487 384 292 451 689 695 510 509 360 31 641 114 62 376 421 573 486 671 259 154 345 254 5 289 535 456 166
653 586 601 684 315 87 251 79 235 615 18 661 575 392 521 439 250 514 637 461 301 133 100 694 630 11 309 445 420 29 414 366 168 353 688 54 64 198 663 685 174 649 271 532 85 191 578 107 404 580 359 156 246 20 77 596 595
225 565 527 76 152 144 640 195 183 17 199 19 483 465 407 372 488 634 16 645 210 664 245 40 35 676 436 69 502 158 616 492 157 687 207 97 71 205 202 574 147 84 627 323 410 298 553 296
693 130 652 604 665 629 66 491 170 122 88 105 405 354 448 103 173 279 379 312 454 511 339 428 644 631 81 344 4 167 409 201 220 203 529 89 117 267 447 160 224 123 496 555 396 466 99 394 78 358 185 501 34 211 489
