13090
61 381 93 652 604 587 542 66 251 36 213 593 112 493 561 483 441 279 269 379 312 430 104 449 258 308 341 83 581 459 233 478 576 589 270 15 546 529 89 435 117 267 97 114 62 376 22 622 621 466 7 272 442 627 323 410 298 553 296
225 608 139 681 162 549 679 648 606 55 105 287 469 330 180 343 282 526 611 355 230 257 30 664 261 631 666 415 24 558 690 167 409 168 353 688 538 129 244 700 229 37 53 528 662 285 202 313 228 362 674 82 404 101 359 474 668 146 537 692 113 519
564 660 522 318 426 650 559 336 338 623 351 212 164 234 172 276 108 413 328 47 266 350 393 335 200 52 33 361 288 677 445 420 29 414 292 158 616 468 464 198 663 685 106 364 171 85 191 486 169 161 642 115 669 142 425 118 691 50
460 609 277 656 215 44 408 148 48 504 494 248 268 628 551 545 300 696 439 250 490 557 530 422 299 92 401 658 699 416 11 309 262 41 356 633 23 506 58 497 544 260 475 236 390 673 181 563 649 385 51 568 46 320 2 154 182 342 6 540 324 470 349
577 130 565 527 76 665 629 144 491 273 432 552 450 346 632 550 626 613 194 614 635 187 136 327 159 455 163 512 485 40 35 365 325 477 646 508 377 90 562 675 74 174 160 132 659 109 295 671 222 137 647 120 78 358 185 501 34 211 489
316 367 304 197 554 131 141 177 125 612 79 235 615 199 19 651 448 103 619 95 654 111 14 454 511 339 428 75 694 630 110 676 436 69 366 451 689 695 56 208 255 31 399 70 71 205 374 600 571 128 206 680 457 94 424 625 5 434 481 305
263 601 684 597 605 175 237 541 286 153 523 226 387 566 150 585 265 306 13 151 281 411 505 503 382 133 239 453 369 42 371 682 63 594 517 43 617 134 524 311 67 525 241 12 484 496 555 86 536 107 102 394 28 254 498 214 1 293 456 166
314 357 667 543 152 640 149 583 145 515 620 155 45 465 231 223 49 607 303 127 27 397 348 644 278 291 60 253 204 297 697 418 507 186 598 556 238 375 495 143 138 610 98 224 123 421 147 396 259 513 156 670 499 452 678 599
653 586 433 315 87 170 195 183 17 592 354 242 173 80 247 126 96 310 463 135 378 534 319 440 322 473 624 582 487 384 502 482 402 547 192 687 207 641 65 189 636 391 232 256 395 672 580 406 438 57 184 591 400 429
588 38 389 398 590 683 417 302 140 307 274 10 643 479 655 431 383 178 59 539 368 516 352 602 480 471 283 217 245 444 332 179 249 570 579 533 201 220 203 492 157 509 360 476 458 68 243 218 370 388 412 531 280 560 196 569 176 289 535 188
337 584 209 423 567 290 427 165 216 121 284 686 3 405 334 419 548 407 372 488 634 16 645 210 386 437 91 81 344 4 698 252 403 518 73 32 373 510 240 333 447 340 271 532 462 326 193 119 84 99 39 467 446 275 246 20 77 596
693 264 72 9 329 116 122 88 18 661 575 392 521 380 514 637 461 301 100 443 124 190 618 603 219 321 25 347 54 64 639 657 317 21 500 331 472 294 574 572 573 578 26 345 221 363 227 8 638 520 595
