13090
61 381 93 652 604 76 665 629 329 116 623 122 88 105 592 551 545 300 696 231 223 49 607 303 16 645 210 534 319 239 443 124 190 262 41 356 633 23 506 58 497 544 695 510 495 143 685 74 174 649 331 472 294 22 412 228 362 320 26 580 196 363 227 8 638 520 595
564 316 367 389 215 87 66 491 170 195 213 593 112 628 561 483 441 173 80 247 490 557 530 422 299 27 397 348 52 33 630 666 415 24 558 690 603 219 321 201 220 203 546 192 244 700 229 447 65 12 484 391 486 169 161 120 115 424 323 670 499 452 678 599
460 693 38 433 543 44 177 125 612 79 235 615 346 632 550 180 343 194 614 635 187 136 327 159 480 471 283 440 322 473 624 582 698 252 403 518 73 32 373 90 562 675 399 70 243 218 370 388 571 128 222 137 647 182 342 156 246 20 77 596
660 608 139 597 554 131 165 216 121 48 504 494 248 620 18 661 575 392 521 178 59 539 368 516 352 430 104 449 278 631 60 253 204 297 697 418 507 186 598 556 260 157 255 267 37 53 271 532 462 313 86 466 102 672 467 446 6 540 434 481 305
337 584 209 681 605 175 679 648 583 145 287 387 566 150 585 265 306 13 151 281 411 461 301 664 261 288 677 618 487 384 502 594 517 238 64 134 524 311 641 71 385 51 85 191 396 680 560 154 513 358 185 501 34 211 489
314 130 565 527 567 590 251 140 307 274 155 45 465 279 269 379 312 454 511 339 428 75 416 11 309 445 420 29 414 366 482 402 547 529 687 673 181 525 241 62 376 496 555 536 280 2 406 438 57 118 691 50
609 522 318 72 9 336 237 302 686 3 515 10 643 479 655 431 383 380 126 96 310 505 503 382 133 100 258 245 110 365 167 409 168 353 688 54 468 464 475 236 390 207 97 340 171 600 295 531 256 395 7 101 669 474 668 146 537 692 293 456 166
263 264 423 398 152 549 144 273 284 36 183 17 268 405 334 419 548 619 95 654 111 14 127 92 401 658 217 81 344 4 325 477 646 25 347 538 129 639 657 317 21 458 68 114 189 636 574 147 578 107 457 78 254 5 184 591 400 429
577 357 667 587 542 408 148 541 286 153 523 226 493 330 242 282 526 611 355 463 455 30 386 291 453 369 42 371 682 63 451 689 492 89 509 360 31 138 610 98 224 123 421 572 622 621 119 84 404 94 359 625 275 498 214 1 113 519
588 304 197 290 427 683 417 432 351 212 164 234 172 276 108 413 328 47 266 350 393 335 200 699 361 308 341 83 581 459 233 292 158 616 43 617 198 663 106 364 528 662 285 374 573 206 674 82 642 442 627 142 425 324 470 349
225 601 684 315 650 559 338 149 552 450 469 354 626 613 439 250 514 637 230 257 163 644 437 91 444 332 179 249 570 579 533 576 589 270 15 56 208 435 117 476 67 563 160 132 659 109 568 259 394 28 221 410 298 553 296
653 586 277 656 426 162 141 640 606 55 199 19 651 448 103 407 372 488 634 602 135 378 512 694 485 40 35 676 436 69 478 508 377 375 240 333 500 205 202 326 193 232 671 46 99 39 272 345 569 176 289 535 188
