18466
113 29 64 341 293 84 60 361 142 200 389 27 294 263 390 87 12 228 8 329 269 145 173 141 159 317 401 327 32 120 456 442 493 76 421 346 362 10 473 109 444 115 21 126 81 169 93 267 369 402 23
185 474 69 330 102 397 463 140 478 494 387 447 498 283 139 272 406 400 201 411 471 407 324 138 321 240 9 344 485 356 7 202 380 192 378 252 198 124 301 112 416 191 77 114 391 394 100 2
17 136 199 395 359 366 311 92 40 278 336 282 288 446 117 118 122 99 196 290 62 34 157 184 197 437 232 435 375 299 250 206 50 490 238 488 154 225 31 251 86 236 104 432 163 119 207 239 55 166 205
287 259 452 51 164 350 306 66 174 303 492 322 189 156 483 47 71 176 331 377 379 418 367 226 155 214 433 279 430 364 305 30 59 1 467 443 116 381 215 67 246 254 130 354 363 479 179 310 177 268 426 371 285 147 95
143 85 373 219 409 261 106 133 211 370 253 489 74 128 35 487 151 37 388 449 41 160 434 43 241 427 73 233 352 68 337 123 313 90 450 333 13 149 280 248 6 464 237 297 383 39 457 440
158 11 368 129 103 98 491 419 194 70 75 292 458 360 229 131 385 243 91 148 338 260 496 222 26 481 468 162 469 244 216 46 264 94 408 48 182 343 307 167 275 441 309 461 161 475 339 89 439
308 180 318 54 486 300 38 396 289 224 425 291 412 372 417 217 476 459 415 16 465 193 315 414 347 152 499 353 296 24 460 405 245 83 472 220 403 209 96 326 20 4 5 270 19 107 178 101 56
277 424 204 80 18 298 453 500 351 61 181 135 82 212 44 65 462 78 208 497 495 127 227 111 482 256 392 429 262 72 190 230 271 79 428 249 334 365 132 231 393 286 455 323 358 175 384 150
265 284 477 242 108 420 121 335 88 218 221 436 332 45 22 186 28 382 15 97 376 312 223 14 454 105 187 325 63 404 257 210 276 355 319 445 195 480 431 258 423 52 273 413 171 146 58 235 438 172 448
255 203 328 234 165 134 168 170 153 320 33 110 345 399 125 316 42 25 188 57 410 247 398 213 348 422 342 374 451 304 302 281 137 144 266 466 340 36 386 183 3 484 274 314 357 53 470 49 349 295
