18435
255 203 328 234 165 134 60 361 142 278 218 322 189 156 483 47 71 176 118 415 410 247 398 213 348 407 434 482 256 30 59 1 467 443 116 380 254 130 354 363 479 179 464 237 413 309 314 161 49 89 439
185 113 29 64 341 293 397 98 170 153 320 289 61 345 282 288 446 186 87 382 208 91 449 41 193 197 14 43 305 374 451 250 206 50 490 245 90 355 319 445 149 280 248 6 326 126 163 207 169 93 285 384 339 402 440
143 85 102 84 453 500 351 492 221 436 332 45 22 151 37 8 329 269 145 173 422 312 342 414 327 392 429 262 72 190 230 202 381 215 79 48 182 198 124 301 115 310 274 297 383 39 391 394 100 295
277 424 204 373 219 409 350 306 66 174 200 425 291 412 372 417 217 117 390 377 379 196 400 201 411 184 324 347 435 375 244 216 46 264 313 210 192 246 266 466 340 334 365 132 231 393 286 455 357 461 178 101 438 95
17 136 80 18 298 366 335 88 370 253 181 135 82 212 131 243 459 388 290 62 34 157 433 223 430 138 240 9 344 353 296 24 460 405 67 428 249 195 480 431 258 423 4 5 270 19 107 239 235 349 150
287 259 452 242 108 420 121 300 38 396 303 389 27 294 263 25 28 78 99 418 148 338 260 496 471 222 437 321 232 152 499 485 356 7 137 94 144 83 472 220 36 386 183 3 20 52 273 268 426 371 267 172
265 284 477 199 395 359 463 311 92 40 224 336 399 125 42 188 57 15 97 376 141 159 26 481 241 427 73 299 456 442 493 421 450 333 13 473 109 444 104 432 171 146 457 369 205
474 69 330 51 164 168 106 133 211 194 70 489 74 128 35 487 316 44 12 228 497 495 127 227 279 454 105 187 325 63 404 257 76 276 346 362 252 403 209 96 112 416 177 323 358 175 470 475 448 23
158 11 368 129 103 486 491 419 33 110 447 498 283 139 476 65 462 122 367 226 155 214 111 401 468 162 469 233 352 68 337 123 271 154 225 31 251 86 236 275 441 81 119 53 58 147 2
308 180 318 54 261 140 478 494 387 75 292 458 360 229 272 385 331 406 16 465 160 315 317 364 32 120 304 302 281 238 488 408 378 10 343 307 167 484 21 191 77 114 55 166 56
