18455
287 259 452 51 164 350 335 88 40 61 447 27 294 272 390 87 379 16 465 213 157 433 184 279 437 321 232 435 375 299 250 206 50 490 381 210 90 266 466 340 334 365 132 231 393 126 297 383 39 457 147 448
474 69 330 199 395 359 486 300 38 396 289 70 389 282 288 446 117 243 382 388 367 269 145 173 141 197 401 468 162 469 244 216 46 264 313 276 408 450 333 13 149 280 248 6 484 21 191 77 114 391 49 95
255 203 328 234 165 134 60 361 142 278 75 292 458 360 229 186 331 377 99 418 400 201 411 111 14 481 241 32 120 485 356 7 76 421 428 10 473 109 444 115 286 455 323 358 175 55 166 402 440
277 29 64 341 293 397 98 170 153 320 194 492 221 436 332 45 22 71 176 188 57 196 247 398 496 454 105 187 325 63 404 257 238 488 355 319 198 124 301 112 416 268 177 81 169 93 267 101 438 172 439
17 136 80 18 298 453 500 370 253 345 399 125 316 42 459 415 8 329 226 155 160 407 434 414 347 152 499 353 296 24 460 405 245 215 67 346 362 252 251 86 236 326 20 4 5 357 53 58 384 339 89 23
185 143 85 373 219 409 261 106 133 211 387 218 291 412 372 417 217 476 25 28 78 208 91 449 41 260 227 422 312 324 256 240 9 344 456 442 493 94 254 130 36 386 183 3 464 237 413 171 146 470 100 295
308 180 318 54 121 311 92 200 181 135 82 212 44 65 462 12 228 148 338 193 315 317 430 138 392 429 262 72 190 230 137 192 246 83 472 220 445 249 343 307 167 275 441 309 461 161 235 349 205
113 424 204 102 84 366 306 66 174 303 425 489 74 128 35 487 263 118 122 410 290 62 34 214 342 43 30 59 1 467 443 116 144 79 48 182 354 363 479 179 310 274 314 426 371 285 369 2
158 11 368 129 103 168 491 419 351 110 322 189 156 483 47 151 37 497 495 127 348 222 26 364 305 374 451 304 302 281 202 380 154 225 31 195 480 431 104 432 163 119 207 239 475 150
265 284 477 242 108 420 463 140 478 494 33 224 336 498 283 139 131 385 406 15 97 376 471 159 223 482 327 427 73 233 352 68 337 123 271 378 403 209 96 258 423 52 273 270 19 107 178 394 56
