18455
143 85 373 219 409 463 140 478 494 387 70 181 135 82 212 263 462 57 8 329 226 155 160 315 197 414 364 305 392 429 262 72 190 230 215 67 246 346 362 10 354 363 479 179 104 432 163 119 207 161 384 95
308 180 318 54 261 106 133 211 351 253 447 282 288 446 131 118 228 148 338 193 433 317 437 321 232 435 375 244 216 46 264 488 408 378 195 480 431 275 441 357 53 55 166 448
113 424 204 80 18 164 486 311 92 40 278 336 498 283 139 476 65 188 406 15 97 376 159 223 14 43 30 59 1 467 443 116 380 192 355 319 209 96 258 310 274 314 426 371 285 438 56
265 284 477 199 395 359 350 306 66 174 303 389 27 294 272 385 28 122 99 196 400 201 411 430 374 451 250 206 50 490 137 94 144 79 48 182 473 109 444 231 393 126 297 383 175 470 49 349 2
287 259 452 242 108 420 121 300 38 396 194 492 425 489 74 128 35 487 316 44 37 247 398 213 227 422 312 342 454 105 187 325 63 404 257 313 428 252 403 343 307 167 484 21 191 77 39 457 339 89 439
185 474 69 330 102 397 98 491 419 61 218 221 436 332 45 22 151 382 415 410 290 62 34 496 471 222 26 347 152 499 353 296 24 460 405 245 90 83 472 220 445 249 334 365 132 115 286 455 323 358 114 391 101 172 205
158 11 368 129 103 168 170 153 320 289 33 110 345 399 125 217 186 243 459 449 41 260 214 184 279 256 468 162 469 233 352 68 337 123 271 154 225 31 198 124 301 326 20 4 5 309 461 178 394 100 440
255 203 328 234 165 134 60 361 142 200 291 412 372 417 42 25 87 12 208 497 495 127 348 324 481 240 9 344 304 302 281 238 266 466 340 251 86 236 112 416 268 177 81 169 93 267 369 402 23
17 136 51 84 366 335 88 370 322 189 156 483 47 71 176 331 377 379 418 91 367 269 145 173 141 407 434 482 138 241 32 120 485 356 7 202 381 210 276 254 130 36 386 183 3 464 237 413 171 146 58 235 147 295
277 29 64 341 293 298 453 500 224 75 292 458 360 229 117 390 78 388 16 465 157 111 401 327 427 73 299 456 442 493 76 421 450 333 13 149 280 248 6 423 52 273 270 19 107 239 475 150
