18455
265 284 477 242 108 420 121 300 38 396 61 336 498 283 139 263 37 8 329 226 155 160 111 414 321 232 435 469 244 216 46 264 238 488 346 362 251 86 236 310 274 314 426 371 161 49 349 150
255 203 328 234 165 134 366 306 66 174 303 492 221 436 332 45 22 476 65 462 459 208 196 367 269 145 173 315 317 327 392 429 262 72 190 230 381 215 67 154 225 31 209 96 115 286 455 323 358 175 55 166 439
287 259 452 51 164 359 350 335 88 370 253 345 399 125 217 117 188 406 497 495 127 227 471 159 434 430 454 32 120 485 356 7 245 90 83 472 220 445 249 195 480 431 258 423 52 273 413 171 146 457 369 402 23
308 180 318 54 486 491 419 351 110 322 189 156 483 47 71 176 382 415 388 400 201 411 184 279 482 256 240 9 344 296 24 460 405 276 408 48 182 198 124 301 231 393 126 357 53 470 475 339 56
158 11 368 129 103 463 311 92 40 70 75 292 458 360 229 186 118 418 290 62 34 214 222 401 364 305 374 451 250 206 50 490 380 254 130 354 363 479 179 104 432 163 119 207 58 101 448
474 69 330 102 84 60 361 142 278 447 282 288 446 151 331 377 379 91 148 338 193 197 437 105 187 325 304 302 281 202 210 378 252 334 365 132 112 416 297 383 39 235 438 172 295
185 143 85 373 219 409 261 140 478 494 387 425 489 74 128 35 487 316 42 78 15 97 376 141 407 324 43 241 427 73 233 352 68 337 123 137 94 144 450 333 13 149 280 248 6 326 20 4 5 309 461 178 384 205
113 424 204 199 395 168 106 133 211 194 218 291 412 372 417 131 385 390 87 57 410 247 398 348 422 312 223 14 138 30 59 1 467 443 116 313 79 428 403 343 307 167 484 21 191 77 114 391 394 100 2
17 136 80 18 298 453 500 200 389 27 294 272 25 28 122 99 449 41 260 496 342 347 152 499 353 456 442 493 76 421 355 319 10 473 109 444 275 441 268 177 81 169 93 267 147 89 440
277 29 64 341 293 397 98 170 153 320 289 33 224 181 135 82 212 44 243 12 228 16 465 213 157 433 26 481 468 162 375 299 63 404 257 271 192 246 266 466 340 36 386 183 3 464 237 270 19 107 239 285 95
