18435
255 203 328 234 165 134 453 500 33 110 322 189 156 483 47 131 385 122 99 418 497 495 127 227 471 312 223 482 364 305 374 451 63 404 257 76 90 254 130 198 124 301 115 310 274 323 358 175 470 475 448 23
113 424 204 373 219 409 261 140 478 494 387 492 425 291 412 372 417 217 476 390 37 388 400 201 160 159 434 414 347 435 375 244 216 46 264 313 192 428 149 280 248 6 326 126 357 461 178 235 100 440
308 180 318 54 121 300 38 396 75 292 458 360 229 117 243 459 379 449 41 260 496 433 184 279 14 43 241 427 73 299 250 206 50 490 381 210 276 83 472 220 354 363 479 179 104 432 171 146 457 147 295
265 284 477 199 395 350 335 88 370 253 389 282 288 446 186 118 377 91 367 269 145 173 26 327 392 429 262 72 190 230 202 67 154 225 31 209 96 20 52 273 413 163 207 169 93 267 101 438 56
277 29 64 341 293 298 366 306 66 174 303 218 221 436 332 45 22 71 176 331 415 410 290 62 34 214 422 197 401 30 59 1 467 443 116 380 266 466 340 36 386 183 3 484 21 191 77 114 55 166 95
143 85 102 397 98 170 153 320 289 278 336 399 125 316 42 28 382 196 247 398 213 348 315 317 481 152 499 456 442 493 245 215 408 450 333 13 473 109 444 464 237 297 383 39 391 394 150
158 11 368 129 103 168 106 133 211 194 70 345 27 294 263 188 57 148 338 193 141 111 430 256 468 162 469 233 352 68 337 123 137 421 378 252 403 343 307 167 275 441 268 426 371 285 349
17 136 80 18 164 359 486 491 419 351 224 489 74 128 35 487 151 12 228 16 465 411 342 138 232 32 120 485 356 7 238 488 346 362 10 251 86 236 112 416 177 81 119 53 58 49 172 205
287 259 452 242 108 420 463 311 92 40 61 181 135 82 212 44 65 462 78 208 15 97 376 222 437 321 240 9 344 353 296 24 460 405 94 144 79 48 182 334 365 132 231 393 286 455 309 314 161 369 402 2
185 474 69 330 51 84 60 361 142 200 447 498 283 139 272 25 87 406 8 329 226 155 157 407 324 454 105 187 325 304 302 281 271 246 355 319 445 249 195 480 431 258 423 4 5 270 19 107 239 384 339 89 439
