18455
185 113 424 204 51 164 359 486 491 419 351 224 447 498 283 139 476 65 462 12 228 91 449 41 260 496 422 312 223 401 364 305 105 187 325 304 302 281 202 380 192 154 225 249 334 365 124 301 231 393 126 171 146 58 394 448
17 136 80 18 298 453 500 289 33 110 336 282 288 446 131 385 418 400 201 411 184 279 430 454 152 499 485 356 7 245 276 450 333 13 473 109 444 115 286 455 323 358 175 470 101 438 172 440
265 284 477 199 395 463 140 478 494 387 70 345 399 125 42 118 122 99 196 247 398 213 227 317 14 481 232 32 120 456 442 493 76 79 428 252 403 343 307 167 326 20 4 5 270 19 107 239 55 349 150
308 180 318 54 261 311 92 40 61 218 221 436 332 45 22 151 28 78 208 8 329 226 155 214 433 434 43 241 427 73 233 352 68 337 123 210 90 355 319 10 209 96 423 52 273 413 309 461 178 235 147 439
474 69 330 102 84 60 361 142 200 425 489 74 128 35 487 316 44 377 410 290 62 34 157 111 374 451 353 296 24 460 405 381 215 67 346 362 31 251 86 236 112 416 357 53 285 166 95
158 11 368 129 103 168 106 133 211 278 75 291 412 372 417 217 117 243 331 406 16 465 160 471 407 197 414 347 435 469 244 216 46 264 94 144 254 130 36 386 183 3 484 21 191 77 39 457 100 295
255 203 328 234 165 134 366 335 88 253 292 458 360 229 272 25 188 382 415 148 338 193 315 26 138 468 162 375 299 250 206 50 490 238 488 408 378 195 480 431 258 310 274 314 426 371 161 49 339 56
143 85 373 219 409 350 306 66 174 303 389 27 294 263 37 388 15 97 376 141 159 324 437 321 240 9 344 63 404 257 271 246 83 472 220 445 198 132 275 441 268 177 81 169 93 267 369 402 23
287 259 452 242 108 420 121 300 38 396 370 181 135 82 212 186 390 87 57 367 269 145 173 342 256 30 59 1 467 443 116 313 48 182 149 280 248 6 464 237 297 383 114 391 475 89 2
277 29 64 341 293 397 98 170 153 320 194 492 322 189 156 483 47 71 176 459 379 497 495 127 348 222 482 327 392 429 262 72 190 230 137 421 266 466 340 354 363 479 179 104 432 163 119 207 384 205
