18455
113 424 204 80 18 298 453 500 289 278 221 436 332 45 22 71 176 87 377 8 329 226 155 214 433 279 482 256 240 9 344 63 404 257 76 144 266 466 340 36 386 183 3 464 237 268 177 81 169 93 285 384 448
158 11 368 129 103 168 491 419 351 61 218 292 458 360 229 272 462 57 379 410 247 398 213 157 159 223 14 454 152 499 353 296 24 460 405 421 254 130 251 86 236 115 286 455 357 53 58 49 89 23
185 143 85 102 84 60 361 142 110 322 189 156 483 47 151 459 196 400 201 411 222 481 241 427 73 299 304 302 281 202 381 154 225 31 198 124 301 112 416 413 163 119 207 239 100 295
255 203 328 234 165 134 366 311 92 40 224 75 291 412 372 417 217 117 243 12 228 497 495 127 348 111 414 321 232 435 375 244 216 46 264 238 488 408 378 252 334 365 132 231 393 126 297 383 175 55 166 205
308 180 318 54 486 300 38 396 194 492 425 489 74 128 35 487 476 118 122 99 418 15 97 376 422 317 430 347 32 120 485 356 7 380 450 333 13 149 280 248 6 310 274 314 426 371 267 101 56
265 284 477 199 395 261 106 133 211 370 253 389 282 288 446 131 385 188 406 449 41 260 160 471 184 324 138 364 105 187 325 456 442 493 245 90 355 319 445 343 307 167 484 21 191 77 39 391 235 438 172 439
474 69 330 51 164 359 121 306 66 174 303 345 399 125 316 42 25 78 91 367 269 145 173 315 197 26 468 162 469 233 352 68 337 123 271 192 246 428 249 195 480 431 275 441 323 358 114 470 369 95
287 259 452 242 108 420 463 140 478 494 387 336 27 294 186 331 415 388 290 62 34 227 312 342 43 305 374 451 250 206 50 490 137 94 79 48 182 403 209 96 258 423 52 273 270 19 107 178 394 147 440
277 29 64 341 293 397 98 170 153 320 33 70 447 498 283 139 263 390 37 148 338 193 141 407 434 401 327 392 429 262 72 190 230 313 210 276 83 472 220 354 363 479 179 104 432 171 146 457 349 150
17 136 373 219 409 350 335 88 200 181 135 82 212 44 65 28 382 208 16 465 496 437 30 59 1 467 443 116 215 67 346 362 10 473 109 444 326 20 4 5 309 461 161 475 339 402 2
