18435
474 69 330 102 397 121 300 38 396 289 33 224 389 27 294 117 331 406 367 226 155 160 407 197 414 347 32 120 304 302 281 202 381 215 67 378 252 195 480 431 258 423 52 273 413 163 207 169 93 285 384 448
143 85 373 219 409 350 335 88 278 181 135 82 212 44 37 99 418 497 495 127 348 422 223 437 321 240 9 344 63 404 257 94 144 355 319 10 473 109 444 275 441 323 358 175 470 475 339 89 439
158 11 368 129 103 98 311 92 110 345 282 288 446 151 28 78 208 148 338 193 141 111 454 105 187 325 456 442 493 238 488 154 225 36 386 183 3 20 4 5 270 19 107 239 55 166 2
287 259 452 51 164 359 366 306 66 174 303 336 399 125 272 25 188 57 379 410 290 62 34 496 26 392 429 262 485 356 7 245 276 254 130 334 365 132 231 393 286 455 171 146 58 394 56
17 136 242 108 420 463 140 478 494 387 218 292 458 360 229 131 385 118 91 449 41 260 214 433 222 482 138 364 305 374 451 72 190 230 76 421 408 450 333 13 149 280 248 6 484 21 191 77 39 457 369 402 440
277 424 204 80 18 298 453 500 370 70 221 436 332 45 22 476 65 382 196 247 398 157 184 279 14 481 232 435 375 244 216 46 264 313 90 346 362 31 251 86 236 326 126 357 461 178 95
265 284 477 199 395 261 106 133 211 351 253 447 498 283 139 263 462 459 8 329 269 145 173 471 342 43 30 59 1 467 443 116 380 192 83 472 220 445 249 354 363 479 179 104 432 81 119 53 49 349 150
255 203 328 234 165 134 168 170 153 320 194 492 322 189 156 483 47 71 176 122 415 15 97 376 315 317 430 256 241 427 73 299 250 206 50 490 137 210 79 48 182 403 343 307 167 464 237 268 426 371 267 147 23
308 180 318 54 486 491 419 40 61 425 489 74 128 35 487 316 42 390 87 12 228 16 465 213 227 159 434 401 468 162 469 233 352 68 337 123 271 246 428 198 124 301 112 416 177 309 314 161 101 438 172 205
185 113 29 64 341 293 84 60 361 142 200 75 291 412 372 417 217 186 243 377 388 400 201 411 312 324 327 152 499 353 296 24 460 405 266 466 340 209 96 115 310 274 297 383 114 391 235 100 295
