18466
185 113 29 64 341 293 54 261 106 133 211 200 425 489 74 128 35 487 316 42 25 459 388 15 97 376 141 342 14 468 162 469 244 216 46 264 238 79 428 252 403 343 307 167 275 441 268 426 371 147 150
277 424 204 373 219 409 350 335 88 370 492 221 436 332 45 22 476 65 415 367 269 145 173 111 401 364 305 374 451 456 442 493 271 192 254 130 354 363 479 179 464 237 413 163 119 207 239 55 166 95
17 136 80 18 164 463 140 478 494 278 218 292 458 360 229 272 462 78 208 410 290 62 34 496 433 184 279 437 321 232 152 499 353 296 24 460 405 245 215 67 246 355 319 445 249 334 365 132 231 393 286 455 323 358 114 267 101 438 402 2
308 180 318 298 453 500 351 253 389 27 294 263 37 247 398 213 227 471 407 197 482 347 435 375 299 250 206 50 490 137 94 90 83 472 220 473 109 444 326 20 4 191 77 39 391 49 349 439
158 11 368 129 103 168 170 153 320 289 33 110 322 189 156 483 47 131 385 331 377 497 495 127 348 422 223 454 105 187 325 63 404 257 421 408 450 333 13 149 280 248 6 104 432 171 146 58 384 339 205
265 284 477 199 395 359 486 491 419 194 70 447 498 283 139 186 243 12 228 16 465 411 317 414 327 32 120 304 302 281 202 381 210 154 225 31 195 480 431 258 423 52 273 270 19 107 161 235 100
474 69 330 102 397 98 311 92 40 61 336 282 288 446 151 28 406 99 418 8 329 226 155 157 315 430 256 241 427 73 233 352 68 337 123 313 276 346 362 10 251 86 236 112 416 177 357 53 457 369 295
143 85 51 84 60 361 142 224 75 291 412 372 417 217 117 390 87 57 379 91 449 41 260 214 159 434 43 392 429 262 72 190 230 380 266 466 340 198 124 301 115 21 126 81 169 93 285 89 440
287 259 452 242 108 420 121 300 38 396 387 181 135 82 212 44 188 382 148 338 193 222 26 481 240 9 344 485 356 7 76 144 378 209 96 310 5 309 461 178 394 56
255 203 328 234 165 134 366 306 66 174 303 345 399 125 71 176 118 122 196 400 201 160 312 324 138 30 59 1 467 443 116 488 48 182 36 386 183 3 484 274 314 297 383 175 470 475 172 448 23
