18435
277 29 64 341 293 54 486 335 88 370 253 389 27 294 263 25 28 78 400 201 157 184 279 430 347 32 120 304 302 281 202 381 215 266 466 340 195 480 431 258 423 52 273 268 426 371 285 384 448
265 284 477 199 395 359 463 140 478 494 387 492 425 489 74 128 35 487 316 44 188 382 208 15 97 376 471 222 327 152 499 485 356 7 245 144 450 333 13 149 280 248 6 484 21 191 77 39 391 394 89 2
185 474 69 330 51 84 60 361 142 278 181 135 82 212 151 406 148 338 260 496 433 317 401 364 305 374 451 63 404 257 137 94 90 83 472 220 445 249 334 365 124 301 115 310 274 297 383 114 470 147 150
308 180 318 298 366 306 66 174 110 336 282 288 446 117 390 87 57 99 418 8 329 269 145 173 141 437 240 9 344 353 296 24 460 405 421 154 225 403 343 307 167 275 441 171 146 457 369 205
113 424 204 80 18 164 350 311 92 200 447 498 283 139 272 385 37 91 247 398 213 348 407 223 482 454 105 187 325 456 442 493 76 67 246 48 182 198 132 112 416 177 357 461 178 235 349 295
143 85 373 219 409 168 491 419 40 224 221 436 332 45 22 71 176 377 410 290 62 34 214 312 342 14 481 232 435 469 244 216 46 264 313 79 428 10 209 96 20 4 5 270 19 107 239 339 402 23
158 11 368 129 103 261 106 133 211 351 61 345 399 125 217 476 65 462 459 379 497 495 127 227 422 434 414 321 392 429 262 72 190 230 380 192 254 130 354 363 479 179 104 432 81 119 53 58 475 56
255 203 328 234 165 134 453 500 289 33 322 189 156 483 47 131 243 331 388 449 41 193 111 43 30 59 1 467 443 116 210 276 346 362 31 251 86 236 326 126 309 314 161 49 100 440
287 259 452 242 108 420 121 300 38 396 303 218 292 458 360 229 186 12 228 16 465 411 315 197 26 138 241 427 73 233 352 68 337 123 271 408 378 252 473 109 444 231 393 286 455 323 358 175 55 166 95
17 136 102 397 98 170 153 320 194 70 75 291 412 372 417 42 118 122 415 196 367 226 155 160 159 324 256 468 162 375 299 250 206 50 490 238 488 355 319 36 386 183 3 464 237 413 163 207 169 93 267 101 438 172 439
