18435
158 11 368 129 103 98 170 153 320 194 70 75 291 412 372 417 217 131 188 57 8 329 226 155 160 111 14 347 152 499 456 442 493 76 421 266 466 340 36 386 183 3 484 21 191 77 39 457 349 150
185 474 69 330 199 395 463 335 88 387 447 498 283 139 151 331 377 379 148 338 193 422 324 437 30 59 1 467 443 116 313 192 408 378 10 473 109 444 115 310 274 297 383 114 391 394 147 439
277 424 204 80 18 298 453 500 370 253 181 135 82 212 44 65 118 228 16 465 496 342 43 305 374 451 72 190 230 381 215 67 254 130 354 363 479 179 104 432 81 119 53 55 166 402 2
308 180 318 54 261 140 478 494 33 492 292 458 360 229 272 385 12 415 388 449 41 260 214 222 481 232 427 73 299 250 206 50 490 137 79 428 252 334 365 132 258 423 4 5 163 207 169 93 267 369 95
255 203 328 234 165 134 168 106 133 211 200 389 282 288 446 117 390 37 418 91 367 269 145 173 315 327 392 429 262 485 356 7 202 380 246 346 362 403 343 307 167 275 441 268 426 371 285 384 56
287 259 452 51 164 359 486 491 419 351 224 221 436 332 45 22 476 462 459 208 497 495 127 348 184 279 482 454 105 187 325 63 404 257 271 48 182 251 86 236 20 52 273 270 19 107 239 475 89 23
143 85 373 219 409 366 306 66 174 303 425 489 74 128 35 487 316 186 243 406 15 97 376 141 407 197 26 256 468 162 375 244 216 46 264 238 488 154 225 31 209 96 112 416 177 357 461 178 235 339 205
265 284 477 242 108 420 121 300 38 396 289 61 218 322 189 156 483 47 71 176 78 290 62 34 227 159 317 401 241 32 120 304 302 281 94 144 450 333 13 149 280 248 6 326 126 309 314 161 100 440
17 136 102 397 350 311 92 40 110 345 27 294 263 28 122 410 247 398 213 157 433 434 414 364 435 469 233 352 68 337 123 210 276 83 472 220 445 249 195 480 431 464 237 413 171 146 58 49 295
113 29 64 341 293 84 60 361 142 278 336 399 125 42 25 87 382 99 196 400 201 411 471 312 223 430 138 321 240 9 344 353 296 24 460 405 245 90 355 319 198 124 301 231 393 286 455 323 358 175 470 101 438 172 448
