18466
158 11 368 129 103 350 306 66 174 303 447 282 288 446 117 390 37 15 97 376 159 434 454 105 187 325 456 442 493 76 421 408 450 333 13 149 280 248 6 326 20 4 5 270 19 107 239 285 384 339 402 440
287 259 452 51 164 359 486 300 38 396 33 224 345 399 125 217 476 65 462 99 418 91 148 338 193 222 430 256 468 162 469 233 352 68 337 123 271 192 246 378 252 209 96 423 52 273 413 163 119 207 161 439
265 284 477 199 395 366 311 92 61 336 498 283 139 272 25 87 57 8 329 226 155 214 407 223 401 241 427 73 299 63 404 257 313 210 276 83 472 220 403 343 307 167 275 441 268 426 371 267 349 150
185 474 69 330 102 397 98 170 153 320 289 200 389 27 294 263 331 377 379 410 247 398 213 348 422 317 14 481 392 429 262 72 190 230 238 254 130 334 365 132 231 393 286 455 323 358 175 470 101 438 205
143 85 373 219 409 261 106 133 211 370 221 436 332 45 22 71 176 188 382 208 449 41 260 496 471 312 342 437 321 232 32 120 304 302 281 137 144 79 48 182 354 363 479 179 464 237 357 53 457 369 95
255 203 328 234 165 134 168 491 419 194 492 425 291 412 372 417 186 406 400 201 160 111 414 327 435 375 244 216 46 264 380 154 225 31 198 124 301 115 21 126 81 169 93 55 166 56
113 29 64 341 293 84 60 361 142 110 489 74 128 35 487 316 42 118 122 497 495 127 227 324 138 364 305 374 451 250 206 50 490 245 215 67 355 319 445 249 195 480 431 258 104 432 171 146 58 49 100 2
308 180 318 54 463 140 478 494 387 70 75 292 458 360 229 131 385 28 78 196 367 269 145 173 141 279 482 347 152 499 485 356 7 202 381 488 428 251 86 236 112 416 191 77 114 391 475 172 295
17 136 242 108 420 121 335 88 40 278 218 322 189 156 483 47 151 12 228 16 465 411 315 197 43 30 59 1 467 443 116 94 266 466 340 36 386 183 3 310 177 309 461 178 394 147 89
277 424 204 80 18 298 453 500 351 253 181 135 82 212 44 243 459 415 388 290 62 34 157 433 184 26 240 9 344 353 296 24 460 405 90 346 362 10 473 109 444 484 274 314 297 383 39 235 448 23
