18450
185 113 29 64 341 293 84 366 311 92 200 345 399 125 263 390 459 415 388 15 97 376 141 197 14 454 32 120 304 302 281 202 381 210 192 83 472 220 252 403 209 96 258 104 432 81 169 93 285 369 23
158 11 368 129 103 350 335 88 40 61 447 498 283 139 272 385 243 57 379 8 329 226 155 160 471 159 324 138 364 305 374 451 250 206 50 490 380 48 182 149 280 248 6 326 126 357 53 58 475 172 448
287 259 452 51 164 261 106 133 211 194 492 221 436 332 45 22 186 87 382 208 410 247 398 214 422 312 223 430 468 162 375 244 216 46 264 238 488 154 225 354 363 479 179 464 237 270 19 107 178 235 438 56
255 203 328 234 165 134 168 306 66 174 303 425 489 74 128 35 487 316 42 25 28 406 400 201 411 407 43 30 59 1 467 443 116 313 90 355 319 445 249 334 365 124 301 112 416 177 323 358 175 470 166 95
17 136 242 108 420 463 140 478 494 278 218 322 189 156 483 47 71 176 118 122 91 449 41 260 227 315 317 401 232 435 469 233 352 68 337 123 137 94 144 246 450 333 13 473 109 444 231 393 286 455 171 146 314 384 205
265 284 477 199 395 359 121 300 38 396 370 253 389 282 288 446 117 12 228 148 338 193 111 437 321 240 9 344 353 296 24 460 405 245 215 67 254 130 198 132 115 310 274 297 383 39 457 100 440
277 424 204 80 18 298 453 500 387 70 75 292 458 360 229 476 462 78 16 465 213 157 342 481 105 187 325 63 404 257 271 266 466 340 195 480 431 423 52 273 413 309 461 161 49 339 402 2
143 85 373 219 409 60 361 142 110 291 412 372 417 217 131 331 377 99 196 367 269 145 173 433 222 26 256 241 427 73 299 456 442 493 79 428 36 386 183 3 20 4 5 163 119 207 239 55 349 295
308 180 318 54 486 491 419 351 224 181 135 82 212 44 65 37 418 290 62 34 496 184 279 482 347 152 499 485 356 7 276 346 362 31 343 307 167 275 441 268 426 371 267 101 89 439
474 69 330 102 397 98 170 153 320 289 33 336 27 294 151 188 497 495 127 348 434 414 327 392 429 262 72 190 230 76 421 408 378 10 251 86 236 484 21 191 77 114 391 394 147 150
