18435
185 113 424 204 80 18 164 359 60 361 142 200 425 291 412 372 417 217 186 243 459 208 410 247 398 213 157 315 197 437 240 9 344 63 404 257 245 378 149 280 248 6 464 237 309 314 161 475 172 448
143 85 373 219 409 261 106 133 211 492 389 27 294 263 78 196 367 269 145 173 312 223 414 327 392 429 262 72 190 230 271 79 48 182 198 132 231 393 286 455 323 358 114 55 166 439
265 284 477 199 395 350 311 92 40 61 322 189 156 483 47 131 25 188 57 388 15 97 376 159 324 454 105 187 325 304 302 281 313 210 276 428 10 209 96 258 423 4 5 270 19 107 239 394 89 440
17 136 242 108 420 463 140 478 494 387 75 292 458 360 229 272 385 118 122 415 16 465 193 422 317 14 43 241 427 73 299 250 206 50 490 238 488 355 319 445 354 363 479 179 104 432 81 119 53 457 339 402 23
255 203 328 234 165 134 168 491 419 351 110 447 282 288 446 117 390 87 228 148 338 411 407 434 401 364 305 374 451 353 296 24 460 405 254 130 36 386 183 3 20 52 273 413 171 146 58 101 438 295
277 29 64 341 293 54 121 306 66 174 303 336 498 283 139 476 65 462 406 290 62 34 496 433 222 26 347 32 120 456 442 493 76 144 408 450 333 13 251 86 236 112 416 177 268 426 371 285 384 56
474 69 330 102 397 486 300 38 396 289 278 218 221 436 332 45 22 71 176 12 99 400 201 160 471 111 482 256 30 59 1 467 443 116 94 90 346 362 249 334 365 124 301 275 441 357 461 178 235 100 2
287 259 452 51 84 453 500 370 253 345 399 125 316 42 28 382 379 418 91 449 41 260 227 138 152 499 485 356 7 202 380 192 83 472 220 252 403 343 307 167 326 126 297 383 175 470 147 205
308 180 318 298 366 335 88 33 224 181 135 82 212 44 331 377 8 329 226 155 214 141 342 481 468 162 469 233 352 68 337 123 137 421 154 225 31 195 480 431 484 21 191 77 39 391 49 349 150
158 11 368 129 103 98 170 153 320 194 70 489 74 128 35 487 151 37 497 495 127 348 184 279 430 321 232 435 375 244 216 46 264 381 215 67 246 266 466 340 473 109 444 115 310 274 163 207 169 93 267 369 95
