18435
17 136 80 18 298 366 306 66 174 200 75 292 458 360 229 476 462 78 497 495 127 348 312 324 138 364 305 30 59 1 467 443 116 313 210 276 48 182 36 386 183 3 20 52 273 413 163 207 169 93 55 100 295
113 424 204 373 219 409 463 140 478 494 387 70 291 412 372 417 217 186 459 208 148 338 260 496 433 223 430 321 232 427 73 299 250 206 50 490 238 488 266 466 340 473 109 444 231 393 286 455 357 461 178 384 205
185 474 69 330 51 164 486 300 38 396 303 447 498 283 139 272 37 388 15 97 376 222 43 392 429 262 485 356 7 202 381 79 428 252 198 132 115 310 274 323 358 114 391 475 339 89 439
277 29 64 341 293 84 60 361 142 224 221 436 332 45 22 71 176 331 406 449 41 411 159 317 401 241 32 120 456 442 493 137 94 90 408 450 333 13 209 96 423 4 5 270 19 107 239 285 438 56
143 85 102 397 98 170 153 320 289 33 110 336 27 294 117 390 87 228 16 465 193 342 414 327 435 469 233 352 68 337 123 215 67 378 10 354 363 479 179 464 237 171 146 58 49 172 448 23
158 11 368 129 103 350 311 92 40 278 218 322 189 156 483 47 151 122 91 290 62 34 214 471 26 454 105 187 325 63 404 257 245 144 154 225 31 251 86 236 112 416 177 309 314 161 235 147 150
287 259 452 242 108 420 453 500 370 253 345 399 125 316 42 25 188 57 379 418 8 329 269 145 173 141 407 434 482 256 240 9 344 304 302 281 271 192 246 346 362 149 280 248 6 484 21 191 77 39 394 95
255 203 328 234 165 134 168 491 419 351 492 425 489 74 128 35 487 263 118 377 410 247 398 213 157 315 197 347 152 499 353 296 24 460 405 254 130 334 365 124 301 275 441 268 426 371 267 101 349
265 284 477 199 395 359 121 335 88 194 389 282 288 446 131 385 243 12 415 196 367 226 155 160 111 14 481 468 162 375 244 216 46 264 380 355 319 403 343 307 167 326 126 297 383 175 470 166 2
308 180 318 54 261 106 133 211 61 181 135 82 212 44 65 28 382 99 400 201 227 422 184 279 437 374 451 72 190 230 76 421 83 472 220 445 249 195 480 431 258 104 432 81 119 53 457 369 402 440
