18444
17 136 80 18 164 261 106 133 211 370 253 447 498 283 139 263 25 87 12 228 449 338 496 422 184 197 26 454 105 187 325 304 302 281 202 421 378 149 280 248 6 326 126 297 383 114 391 49 100 295
185 474 69 330 102 397 98 311 92 40 61 221 436 332 45 22 71 176 188 382 196 247 41 260 160 312 401 30 59 1 467 443 116 313 210 79 48 182 403 209 96 115 310 274 357 461 178 394 147 89 2
265 284 477 242 108 420 463 140 478 494 387 492 345 399 125 217 476 390 377 379 410 290 62 34 348 222 414 327 427 73 299 250 206 50 490 238 488 154 225 10 473 109 444 20 4 5 270 19 107 239 369 402 440
277 424 204 318 54 486 491 419 351 110 291 412 372 417 42 118 406 8 329 226 155 214 471 279 138 364 305 392 429 262 72 190 230 137 94 144 355 319 445 249 343 307 167 464 237 413 163 207 169 93 55 166 205
255 203 328 234 165 134 168 170 153 320 200 425 489 74 128 35 487 316 44 65 462 57 497 495 127 227 315 317 14 43 241 32 120 485 356 7 76 276 266 466 340 334 365 124 301 112 416 177 309 314 161 235 438 150
308 180 199 395 359 121 300 38 396 33 224 75 292 458 360 229 272 385 243 459 208 400 201 411 111 430 256 240 9 344 296 24 460 405 245 90 254 130 354 363 479 179 104 432 171 146 58 384 439
113 29 64 341 293 298 453 500 289 278 336 27 294 131 37 99 418 91 148 97 376 159 223 481 468 162 375 244 216 46 264 381 408 450 333 13 251 86 236 258 423 52 273 268 426 371 267 101 349
158 11 368 129 103 366 306 66 174 303 181 135 82 212 186 122 16 465 193 141 407 434 482 347 435 469 233 352 68 337 123 215 67 83 472 220 36 386 183 3 484 21 191 77 39 285 95
143 85 373 219 409 350 335 88 194 218 322 189 156 483 47 151 28 78 367 269 145 173 433 342 437 374 451 63 404 257 380 346 362 31 198 132 231 393 286 455 81 119 53 457 172 448 23
287 259 452 51 84 60 361 142 70 389 282 288 446 117 331 415 388 15 398 213 157 324 321 232 152 499 353 456 442 493 271 192 246 428 252 195 480 431 275 441 323 358 175 470 475 339 56
