18435
17 136 373 219 409 261 335 88 33 492 425 291 412 372 417 217 131 243 78 208 410 290 62 34 348 315 317 481 240 9 344 485 356 7 380 266 466 340 198 124 301 112 416 177 268 426 371 285 166 295
158 11 368 129 103 98 170 153 320 289 200 345 498 283 139 117 390 87 122 99 418 8 329 226 155 214 141 184 324 454 105 187 325 63 404 257 245 144 378 252 251 86 236 326 126 297 383 114 267 147 56
185 113 29 64 341 293 54 121 300 38 396 387 70 447 27 294 263 25 12 228 449 41 260 496 407 197 14 347 152 499 353 456 442 493 76 421 83 472 220 445 249 354 363 479 179 104 432 163 207 169 93 55 172 448 23
287 259 452 51 84 60 361 142 110 489 74 128 35 487 476 118 377 379 148 338 193 342 414 327 392 429 262 72 190 230 137 94 90 346 362 403 343 307 167 275 441 171 146 58 384 339 89 439
265 284 477 242 108 420 453 500 351 224 336 399 125 316 42 462 459 388 247 398 213 157 433 222 26 138 305 374 451 296 24 460 405 210 192 246 450 333 13 209 96 231 393 286 455 357 461 178 394 100
255 203 328 234 165 134 168 106 133 211 370 253 389 282 288 446 186 188 57 196 400 201 160 422 279 43 241 427 73 233 352 68 337 123 271 79 428 149 280 248 6 484 21 191 77 39 391 49 150
308 180 318 298 366 306 66 174 303 221 436 332 45 22 71 176 331 415 91 367 269 145 173 471 159 223 430 364 32 120 304 302 281 202 381 488 254 130 36 386 183 3 20 52 273 270 19 107 239 235 349 205
143 85 102 397 486 491 419 194 75 292 458 360 229 272 385 28 406 15 97 376 434 437 321 232 435 469 244 216 46 264 215 67 154 225 31 195 480 431 258 423 4 5 81 119 53 457 369 402 440
277 424 204 80 18 164 359 350 311 92 40 278 181 135 82 212 44 65 37 497 495 127 227 111 482 256 30 59 1 467 443 116 313 276 408 48 182 334 365 132 115 310 274 323 358 175 470 475 2
474 69 330 199 395 463 140 478 494 61 218 322 189 156 483 47 151 382 16 465 411 312 401 468 162 375 299 250 206 50 490 238 355 319 10 473 109 444 464 237 413 309 314 161 101 438 95
