18435
287 259 452 51 164 359 350 306 66 174 303 336 282 288 446 151 331 377 99 196 367 226 155 214 223 401 321 232 427 73 233 352 68 337 123 94 90 83 472 220 36 386 183 3 20 52 273 413 163 207 169 93 267 101 438 95
185 113 424 204 318 54 486 491 419 351 224 181 135 82 212 44 65 28 406 497 495 127 227 315 197 14 138 364 305 374 451 63 404 257 137 421 355 319 445 354 363 479 179 464 237 270 19 107 239 394 172 23
265 284 477 242 108 420 121 300 38 396 289 278 447 498 283 139 186 243 57 15 97 376 422 342 481 468 162 469 244 216 46 264 313 79 48 182 251 86 236 258 423 4 5 357 461 178 369 205
17 136 80 18 298 366 311 92 40 61 291 412 372 417 272 25 188 382 208 410 247 398 213 348 407 434 430 256 240 9 344 485 356 7 245 215 67 246 254 130 195 480 431 104 432 81 119 53 55 339 150
158 11 368 129 103 261 140 478 494 387 492 425 489 74 128 35 487 316 42 118 122 415 400 201 157 312 26 454 105 187 325 456 442 493 76 408 378 252 403 209 96 275 441 171 146 58 166 448
143 85 373 219 409 168 106 133 211 200 75 292 458 360 229 71 176 87 12 379 8 329 269 145 173 111 414 327 435 375 299 250 206 50 490 238 488 346 362 31 198 132 112 416 177 268 426 371 285 384 56
255 203 328 234 165 134 60 361 142 253 322 189 156 483 47 131 385 228 148 338 260 160 471 184 279 437 30 59 1 467 443 116 381 210 276 428 10 473 109 444 115 310 274 297 383 114 391 235 100 2
474 69 330 102 84 453 500 370 70 389 27 294 263 462 78 418 91 449 41 193 433 317 241 32 120 304 302 281 271 450 333 13 149 280 248 6 326 126 309 314 161 475 402 440
308 180 199 395 463 335 88 33 110 345 399 125 217 117 37 290 62 34 496 141 159 324 43 392 429 262 72 190 230 202 380 192 266 466 340 343 307 167 484 21 191 77 39 457 147 89 439
277 29 64 341 293 397 98 170 153 320 194 218 221 436 332 45 22 476 390 459 388 16 465 411 222 482 347 152 499 353 296 24 460 405 144 154 225 249 334 365 124 301 231 393 286 455 323 358 175 470 49 349 295
