18435
143 85 242 108 420 463 140 478 494 33 110 345 399 125 316 42 188 382 208 91 449 41 193 434 401 364 305 374 451 304 302 281 137 276 355 319 445 195 480 431 104 432 81 119 53 58 438 172 448 23
185 474 69 330 102 397 98 491 419 40 224 336 282 288 446 117 78 99 418 497 495 127 348 422 312 223 454 105 187 325 63 404 257 76 421 266 466 340 334 365 132 115 310 274 171 146 457 369 402 2
265 284 477 199 395 359 350 335 88 370 253 181 135 82 212 44 243 331 406 410 290 62 34 496 317 414 347 152 499 353 456 442 493 380 428 10 209 96 112 416 177 323 358 114 267 150
277 424 204 80 18 164 261 106 133 211 351 292 458 360 229 186 390 87 12 228 16 465 157 222 26 256 241 427 73 233 352 68 337 123 271 79 48 182 36 386 183 3 484 21 191 77 39 391 394 147 295
255 203 328 234 165 134 168 170 153 320 194 492 425 489 74 128 35 487 272 462 57 388 15 97 376 433 342 14 481 30 59 1 467 443 116 313 210 90 378 252 403 343 307 167 275 441 268 426 371 285 384 440
17 136 373 219 409 60 361 142 61 447 498 283 139 263 25 459 415 8 329 269 145 173 315 197 430 321 232 435 375 299 250 206 50 490 245 144 346 362 473 109 444 20 52 273 270 19 107 239 475 89 439
308 180 318 298 453 500 289 200 75 291 412 372 417 217 476 65 28 122 196 247 398 213 227 111 43 392 429 262 72 190 230 238 488 408 450 333 13 149 280 248 6 326 126 297 383 175 470 49 339 95
158 11 368 129 103 121 306 66 174 303 218 322 189 156 483 47 151 37 379 148 338 260 160 184 279 437 240 9 344 296 24 460 405 215 154 225 31 251 86 236 258 423 4 5 309 314 161 101 100
113 29 64 341 293 54 486 300 38 396 387 70 389 27 294 131 385 118 377 367 226 155 214 141 159 324 138 468 162 469 244 216 46 264 94 192 246 83 472 220 249 354 363 479 179 464 237 413 163 207 169 93 55 166 56
287 259 452 51 84 366 311 92 278 221 436 332 45 22 71 176 400 201 411 471 407 482 327 32 120 485 356 7 202 381 67 254 130 198 124 301 231 393 286 455 357 461 178 235 349 205
