18435
255 203 328 234 165 134 60 361 142 110 291 412 372 417 42 25 382 497 495 127 227 111 414 232 435 375 299 250 206 50 490 137 421 346 362 10 473 109 444 20 4 5 270 19 107 239 55 166 95
17 136 80 18 298 366 311 92 40 278 181 135 82 212 44 390 37 400 201 157 312 26 347 32 120 456 442 493 94 79 428 249 195 480 431 258 423 52 273 413 171 146 58 101 438 172 448
277 424 204 318 54 261 106 133 211 351 61 218 322 189 156 483 47 71 176 78 208 410 290 62 34 496 407 342 454 105 187 325 63 404 257 245 144 246 408 450 333 13 149 280 248 6 326 126 297 383 39 391 475 89 439
185 474 69 330 102 397 98 170 153 320 289 33 224 425 489 74 128 35 487 316 131 118 406 99 418 449 41 260 214 222 437 321 240 9 344 304 302 281 202 381 215 67 154 225 31 343 307 167 484 21 191 77 114 267 100 2
308 180 373 219 409 463 140 478 494 253 447 27 294 263 462 459 388 15 97 376 422 434 482 256 468 162 469 244 216 46 264 238 192 254 130 334 365 132 112 416 177 357 461 178 235 147 205
113 29 64 341 293 84 453 500 370 336 399 125 217 476 65 188 57 379 8 329 269 145 173 433 279 14 481 152 499 353 296 24 460 405 210 276 266 466 340 36 386 183 3 464 237 163 207 169 93 285 384 339 56
265 284 477 199 395 359 486 335 88 387 70 75 292 458 360 229 272 385 243 12 16 465 411 471 159 223 401 327 392 429 262 72 190 230 380 378 252 198 124 301 231 393 286 455 309 314 161 369 295
287 259 452 242 108 420 121 300 38 396 194 345 498 283 139 151 28 228 91 148 338 193 141 184 197 430 241 427 73 233 352 68 337 123 271 83 472 220 445 354 363 479 179 104 432 81 119 53 457 349 150
158 11 368 129 103 168 491 419 200 221 436 332 45 22 186 87 122 415 196 247 398 213 348 324 138 364 305 374 451 485 356 7 76 488 355 319 403 209 96 275 441 268 426 371 394 440
143 85 51 164 350 306 66 174 303 492 389 282 288 446 117 331 377 367 226 155 160 315 317 43 30 59 1 467 443 116 313 90 48 182 251 86 236 115 310 274 323 358 175 470 49 402 23
