18435
158 11 368 129 103 486 300 38 396 387 70 181 135 82 212 44 65 37 388 148 338 260 160 471 317 401 468 162 469 233 352 68 337 123 137 94 90 428 249 354 363 479 179 464 237 413 163 207 169 93 267 369 95
265 284 477 199 395 463 140 478 494 61 425 291 412 372 417 217 131 385 87 57 379 418 91 367 269 145 173 141 222 26 454 105 187 325 456 442 493 271 192 346 362 252 403 343 307 167 326 126 297 383 39 285 166 448
113 424 204 80 18 298 366 335 88 253 447 498 283 139 117 243 459 415 196 290 62 34 496 111 481 232 435 375 244 216 46 264 215 67 246 266 466 340 251 86 236 20 4 5 357 461 178 101 147 150
185 474 69 330 51 164 359 350 306 66 174 303 492 345 399 125 42 25 28 78 410 247 398 227 422 184 197 347 152 499 485 356 7 245 144 83 472 220 445 195 480 431 258 423 52 273 270 19 107 239 55 56
143 85 373 219 409 168 491 419 351 224 389 282 288 446 151 331 377 15 97 376 315 256 241 32 120 304 302 281 202 380 154 225 31 209 96 115 310 274 323 358 175 470 475 402 2
308 180 318 54 261 106 133 211 370 218 322 189 156 483 47 71 176 118 208 497 495 127 348 312 342 14 43 392 429 262 72 190 230 76 408 450 333 13 149 280 248 6 104 432 171 146 457 100 23
255 203 328 234 165 134 453 500 289 33 110 489 74 128 35 487 316 263 390 122 99 16 465 213 157 433 279 430 138 364 305 30 59 1 467 443 116 313 210 276 355 319 10 473 109 444 231 393 286 455 309 314 161 384 339 89 440
277 29 64 341 293 397 98 170 153 320 194 336 27 294 186 188 406 449 41 193 223 414 327 427 73 299 250 206 50 490 238 488 378 334 365 132 275 441 81 119 53 58 394 172 205
17 136 102 84 60 361 142 200 75 292 458 360 229 272 462 12 228 8 329 226 155 214 159 324 437 374 451 353 296 24 460 405 381 79 48 182 198 124 301 112 416 177 268 426 371 235 438 439
287 259 452 242 108 420 121 311 92 40 278 221 436 332 45 22 476 382 400 201 411 407 434 482 321 240 9 344 63 404 257 421 254 130 36 386 183 3 484 21 191 77 114 391 49 349 295
