18455
308 180 318 54 453 500 40 278 336 399 125 217 476 37 400 201 157 222 481 468 162 469 244 216 46 264 238 488 48 182 251 86 236 112 416 309 461 178 89 2
255 203 328 234 165 134 168 306 66 174 303 492 389 27 294 131 118 377 8 329 226 155 160 315 197 26 138 364 305 374 451 485 356 7 202 380 246 346 362 403 343 307 167 326 20 4 5 270 19 107 239 285 384 439
17 136 80 18 298 366 335 88 370 253 447 282 288 446 186 331 406 497 495 127 348 407 223 482 347 152 499 353 296 24 460 405 144 79 428 252 354 363 479 179 104 432 163 119 207 394 147 150
265 284 477 242 108 420 121 300 38 396 289 200 425 489 74 128 35 487 316 44 65 462 188 382 99 418 148 338 411 312 342 14 454 32 120 304 302 281 381 215 67 355 319 10 209 96 115 286 455 323 358 175 470 49 349 205
474 69 330 102 397 98 170 153 320 33 110 291 412 372 417 42 25 87 228 91 449 41 260 214 324 321 240 9 344 456 442 493 271 266 466 340 334 365 124 301 275 441 357 53 58 475 172 448 23
287 259 452 51 164 359 350 311 92 61 218 221 436 332 45 22 71 176 12 415 410 290 62 34 496 422 434 430 256 105 187 325 63 404 257 245 192 378 149 280 248 6 464 237 268 177 81 169 93 267 101 339 295
277 424 204 199 395 261 106 133 211 351 224 181 135 82 212 263 28 122 388 367 269 145 173 471 159 414 327 392 429 262 72 190 230 76 276 408 450 333 13 473 109 444 231 393 126 297 383 39 457 369 402 440
158 11 368 129 103 486 491 419 194 322 189 156 483 47 151 78 16 465 193 141 111 401 232 435 375 299 250 206 50 490 421 154 225 31 198 132 310 274 314 426 371 161 100
113 29 64 341 293 84 60 361 142 345 498 283 139 117 243 459 208 15 97 376 317 437 30 59 1 467 443 116 313 210 90 254 130 36 386 183 3 484 21 191 77 114 391 235 438 56
185 143 85 373 219 409 463 140 478 494 387 70 75 292 458 360 229 272 385 390 57 379 196 247 398 213 227 433 184 279 43 241 427 73 233 352 68 337 123 137 94 83 472 220 445 249 195 480 431 258 423 52 273 413 171 146 55 166 95
