18435
185 143 85 373 219 409 168 170 153 320 289 200 75 291 412 372 417 42 459 208 410 247 398 496 422 482 256 468 162 469 244 216 46 264 380 192 246 83 472 220 249 251 86 236 326 126 309 314 161 49 349 440
277 29 64 341 293 397 463 140 478 494 33 110 447 282 288 446 131 385 118 377 99 196 400 201 411 279 43 241 427 73 233 352 68 337 123 94 144 154 225 198 132 231 393 286 455 357 461 178 394 172 439
17 136 80 18 298 366 335 88 370 322 189 156 483 47 71 176 12 228 16 465 213 157 312 342 138 374 451 72 190 230 271 48 182 403 343 307 167 275 441 323 358 175 470 101 438 150
255 203 328 234 165 134 453 500 387 492 425 489 74 128 35 487 316 44 65 382 379 290 62 34 214 433 184 324 481 30 59 1 467 443 116 313 450 333 13 149 280 248 6 104 432 81 119 53 55 166 448
308 180 318 54 261 106 133 211 351 253 389 27 294 263 462 188 57 418 91 148 338 260 348 317 14 347 435 375 299 250 206 50 490 238 488 266 466 340 334 365 124 301 484 21 191 77 114 391 235 100 295
287 259 452 242 108 420 121 300 38 396 194 70 181 135 82 212 186 390 37 15 97 376 471 407 223 414 364 305 392 429 262 485 356 7 245 90 254 130 36 386 183 3 20 52 273 413 171 146 58 147 95
113 424 204 51 164 359 486 491 419 40 61 292 458 360 229 117 87 122 415 367 269 145 173 315 197 430 454 105 187 325 63 404 257 137 67 346 362 31 209 96 112 416 177 268 426 371 267 56
265 284 477 199 395 350 311 92 278 218 221 436 332 45 22 151 331 406 8 329 226 155 160 222 26 327 32 120 456 442 493 76 421 355 319 445 473 109 444 115 310 274 297 383 39 457 369 205
474 69 330 102 84 60 361 142 224 336 399 125 217 476 243 78 388 449 41 193 141 111 401 321 240 9 344 304 302 281 202 381 215 79 428 10 354 363 479 179 464 237 163 207 169 93 285 384 339 402 23
158 11 368 129 103 98 306 66 174 303 345 498 283 139 272 25 28 497 495 127 227 159 434 437 232 152 499 353 296 24 460 405 210 276 408 378 252 195 480 431 258 423 4 5 270 19 107 239 475 89 2
