18435
265 284 477 199 395 359 463 140 478 494 33 110 447 498 283 139 263 118 406 418 16 465 193 159 434 401 364 305 374 451 485 356 7 76 144 79 428 249 334 365 124 301 112 416 177 357 461 178 394 100 295
287 259 452 51 164 168 106 133 211 194 70 181 135 82 212 131 243 331 379 8 329 226 155 160 279 481 240 9 344 63 404 257 271 346 362 252 343 307 167 326 126 297 383 114 391 235 349 2
277 29 64 341 293 84 453 500 289 278 218 322 189 156 483 47 71 176 188 382 449 41 260 214 141 111 430 454 152 499 353 296 24 460 405 381 192 266 466 340 473 109 444 231 393 286 455 323 358 175 470 166 205
113 424 204 318 54 486 491 419 351 253 489 74 128 35 487 316 44 65 462 377 99 196 400 201 411 222 26 138 468 162 469 244 216 46 264 313 210 408 450 333 13 149 280 248 6 104 432 81 119 53 285 384 56
255 203 328 234 165 134 60 361 142 200 221 436 332 45 22 186 390 37 497 495 127 227 433 184 324 437 232 435 375 299 250 206 50 490 245 215 67 246 83 472 220 445 195 480 431 484 21 191 77 39 457 369 95
17 136 80 18 298 366 306 66 174 303 336 282 288 446 151 459 388 15 97 376 422 312 342 43 30 59 1 467 443 116 380 254 130 36 386 183 3 20 4 5 270 19 107 239 101 147 89 439
474 69 330 102 397 98 170 153 320 61 75 292 458 360 229 272 385 87 122 415 91 367 269 145 173 471 407 223 14 347 32 120 304 302 281 202 421 378 403 209 96 258 423 52 273 413 171 146 58 475 402 23
308 180 373 219 409 261 335 88 387 492 345 399 125 42 25 12 228 148 338 496 414 327 392 429 262 72 190 230 276 355 319 10 354 363 479 179 464 237 163 207 169 93 267 438 448
185 143 85 242 108 420 121 300 38 396 370 389 27 294 117 57 247 398 213 348 317 321 105 187 325 456 442 493 238 488 154 225 31 251 86 236 275 441 268 426 371 55 172 440
158 11 368 129 103 350 311 92 40 224 425 291 412 372 417 217 476 28 78 208 410 290 62 34 157 315 197 482 256 241 427 73 233 352 68 337 123 137 94 90 48 182 198 132 115 310 274 309 314 161 49 339 150
