18435
265 284 477 199 395 359 486 300 38 396 33 224 489 74 128 35 487 316 186 188 57 388 16 465 157 454 105 187 325 63 404 257 137 94 90 83 472 220 249 343 307 167 326 126 171 146 470 49 349 205
113 29 64 341 293 84 60 361 142 110 336 399 125 42 462 122 497 495 127 227 159 223 401 327 392 429 262 485 356 7 76 144 346 362 31 473 109 444 275 441 268 426 371 285 166 402 2
277 424 204 373 219 409 350 306 66 174 303 492 425 291 412 372 417 217 131 118 406 196 400 201 411 184 279 256 305 374 451 72 190 230 202 380 254 130 334 365 132 112 416 177 309 314 161 235 438 448
287 259 452 51 164 261 106 133 211 370 253 322 189 156 483 47 151 331 377 418 367 226 155 160 324 43 30 59 1 467 443 116 381 210 192 246 408 450 333 13 149 280 248 6 484 21 191 77 39 457 369 95
474 69 330 102 397 98 491 419 387 75 292 458 360 229 476 65 28 415 290 62 34 214 471 197 482 138 321 232 152 499 353 456 442 493 421 154 225 10 251 86 236 104 432 81 119 53 58 394 100 295
308 180 318 54 121 311 92 40 61 345 27 294 272 385 12 228 15 97 376 407 434 430 347 435 469 233 352 68 337 123 313 276 355 319 445 195 480 431 258 423 4 5 270 19 107 239 475 150
17 136 80 18 298 366 335 88 194 70 447 498 283 139 263 25 87 382 99 8 329 269 145 173 141 111 414 364 32 120 304 302 281 271 48 182 36 386 183 3 20 52 273 357 461 178 101 172 23
185 143 85 242 108 420 463 140 478 494 200 181 135 82 212 44 243 459 208 410 247 398 213 348 422 312 342 437 240 9 344 296 24 460 405 245 215 67 378 252 198 124 301 231 393 286 455 323 358 175 55 339 439
158 11 368 129 103 453 500 351 389 282 288 446 117 390 78 449 41 193 433 222 26 481 241 427 73 299 250 206 50 490 79 428 403 209 96 115 310 274 297 383 114 391 384 56
255 203 328 234 165 134 168 170 153 320 289 278 218 221 436 332 45 22 71 176 37 379 91 148 338 260 496 315 317 14 468 162 375 244 216 46 264 238 488 266 466 340 354 363 479 179 464 237 413 163 207 169 93 267 147 89 440
