18444
17 136 80 18 164 261 106 133 211 194 70 75 292 458 360 229 272 385 390 87 382 208 497 495 127 227 315 197 26 481 240 9 344 353 296 24 460 405 245 246 346 362 10 473 109 444 231 393 286 455 323 358 114 267 369 95
185 474 69 330 199 395 359 350 311 92 200 345 498 283 139 71 176 459 196 290 62 34 496 471 407 342 454 105 187 325 63 404 257 76 421 154 225 31 343 307 167 275 441 357 461 178 101 100 295
158 11 368 129 103 463 140 478 494 387 218 322 189 156 483 47 131 28 78 8 329 269 145 173 141 111 14 43 241 427 73 233 352 68 337 123 313 210 90 450 333 13 251 86 236 20 4 5 163 207 169 93 285 438 56
265 284 477 242 108 420 121 300 38 396 40 61 489 74 128 35 487 117 331 406 410 247 41 193 433 184 324 256 468 162 469 244 216 46 264 94 144 378 334 365 132 423 52 273 413 171 146 58 394 147
143 85 102 397 98 170 153 320 278 447 27 294 263 25 188 57 99 418 449 338 260 348 222 482 321 232 32 120 304 302 281 202 380 192 83 472 220 445 249 195 480 431 258 104 432 81 119 53 457 349 440
255 203 328 234 165 134 60 361 142 492 425 291 412 372 417 217 476 65 37 379 16 465 411 317 430 347 152 499 456 442 493 271 355 319 149 280 248 6 326 126 309 314 161 235 150
287 259 452 51 84 366 306 66 174 303 221 436 332 45 22 186 118 377 388 400 201 160 159 401 327 435 375 299 250 206 50 490 137 67 266 466 340 354 363 479 179 464 237 270 19 107 239 55 166 402 2
308 180 373 219 409 168 491 419 351 224 181 135 82 212 44 243 12 228 148 97 376 312 223 414 30 59 1 467 443 116 381 276 254 130 198 124 301 115 310 274 297 383 175 470 49 172 448 23
277 424 204 318 54 486 335 88 370 253 389 282 288 446 151 91 367 226 155 214 422 434 138 364 305 392 429 262 485 356 7 215 79 428 252 403 209 96 112 416 177 268 426 371 475 89 439
113 29 64 341 293 298 453 500 289 33 110 336 399 125 316 42 462 122 415 15 398 213 157 279 437 374 451 72 190 230 238 488 408 48 182 36 386 183 3 484 21 191 77 39 391 384 339 205
