18455
265 284 477 242 108 420 463 140 478 494 387 218 221 436 332 45 22 476 65 462 188 382 415 497 495 127 348 111 482 327 427 73 233 352 68 337 123 271 266 466 340 334 365 132 115 286 455 323 358 175 470 101 438 172 295
143 85 373 219 409 168 491 419 351 110 292 458 360 229 131 122 99 418 15 97 376 141 159 317 414 347 435 375 299 250 206 50 490 137 276 450 333 13 149 280 248 6 104 432 171 146 457 95
308 180 199 395 121 300 38 396 370 253 389 27 294 272 385 78 367 269 145 173 222 401 364 305 374 451 353 296 24 460 405 245 144 408 48 182 403 343 307 167 484 21 191 77 114 267 147 89 439
287 259 452 51 164 359 350 306 66 174 303 345 498 283 139 71 176 37 410 290 62 34 157 324 454 105 187 325 63 404 257 76 421 254 130 198 124 301 231 393 126 297 383 39 391 49 349 205
158 11 368 129 103 261 106 133 211 33 70 181 135 82 212 263 25 57 196 247 398 213 227 422 279 14 43 30 59 1 467 443 116 313 210 192 246 346 362 252 473 109 444 326 20 4 5 270 19 107 239 55 166 440
474 69 330 102 397 98 170 153 320 289 278 336 399 125 217 117 390 87 12 228 91 148 338 260 496 433 342 241 32 120 304 302 281 380 355 319 10 251 86 236 258 423 52 273 357 53 58 394 100
277 424 204 318 54 486 335 88 194 492 425 489 74 128 35 487 316 44 243 459 208 8 329 226 155 214 407 434 437 321 392 429 262 72 190 230 94 90 83 472 220 445 249 354 363 479 179 464 237 413 163 119 207 161 475 448 23
185 113 29 64 341 293 84 60 361 142 200 322 189 156 483 47 151 331 406 16 465 411 471 312 223 138 232 152 499 456 442 493 238 79 428 36 386 183 3 310 274 314 426 371 235 56
255 203 328 234 165 134 366 311 92 40 61 75 291 412 372 417 42 118 377 379 449 41 193 184 197 430 256 240 9 344 485 356 7 202 381 488 154 225 31 195 480 431 275 441 309 461 178 369 402 2
17 136 80 18 298 453 500 224 447 282 288 446 186 28 388 400 201 160 315 26 481 468 162 469 244 216 46 264 215 67 378 209 96 112 416 268 177 81 169 93 285 384 339 150
