18448
17 136 373 219 409 350 306 66 174 253 447 498 283 139 131 385 188 57 388 16 465 213 348 184 324 481 232 152 499 353 296 24 460 405 245 90 378 252 195 480 431 258 423 4 5 270 19 107 239 49 339 95
277 424 204 80 18 164 359 486 300 38 396 303 492 345 399 125 217 186 390 87 406 99 196 367 269 145 173 433 222 26 256 468 162 469 244 485 356 46 264 238 488 254 130 198 124 301 484 21 191 77 39 457 369 295
158 11 368 129 103 98 170 153 320 289 33 224 181 135 82 212 44 243 382 379 418 8 329 226 155 160 422 312 401 30 59 1 467 443 116 313 210 276 428 10 251 86 236 104 432 81 119 53 285 384 439
308 180 318 54 121 335 88 370 70 389 27 294 263 25 28 78 208 497 495 127 227 471 407 342 138 374 451 250 206 50 490 380 154 225 31 343 307 167 275 441 323 358 175 470 475 150
185 143 85 102 397 168 491 419 351 110 336 282 288 446 151 331 377 410 290 62 34 214 279 430 347 435 375 299 190 230 76 421 83 472 220 445 249 354 363 479 179 464 237 413 309 314 161 101 172 448
113 29 64 341 293 298 453 500 40 278 218 292 458 360 229 272 118 415 91 247 398 496 111 43 241 32 120 456 442 216 271 192 408 450 333 13 149 280 248 6 326 126 297 383 114 391 394 147 89 2
255 203 328 234 165 134 366 311 92 200 75 291 412 372 417 117 122 148 338 193 434 437 321 240 9 344 63 404 257 144 79 48 182 334 365 132 112 416 177 357 461 178 166 402 23
265 284 477 199 395 261 106 133 211 194 425 489 74 128 35 487 316 42 462 459 400 201 411 315 197 482 364 305 427 73 233 352 68 337 123 137 94 355 319 403 209 96 231 393 286 455 171 146 58 235 438 56
474 69 330 51 84 60 361 142 61 322 189 156 483 47 71 176 37 449 41 260 157 159 317 414 327 392 429 262 72 7 493 215 67 246 266 466 340 473 109 444 115 310 274 163 207 169 93 55 100 440
287 259 452 242 108 420 463 140 478 494 387 221 436 332 45 22 476 65 12 228 15 97 376 141 223 14 454 105 187 325 304 302 281 202 381 346 362 36 386 183 3 20 52 273 268 426 371 267 349 205
