18435
185 113 424 204 318 298 453 500 370 70 75 292 458 360 229 272 385 243 382 148 338 193 223 401 240 9 344 304 302 281 202 380 254 130 195 480 431 275 441 323 358 175 55 166 448
158 11 368 129 103 98 491 419 33 110 322 189 156 483 47 131 25 28 122 415 497 495 127 227 312 324 347 32 120 456 442 493 271 378 252 403 343 307 167 104 432 81 119 53 58 235 438 295
308 180 199 395 486 300 38 396 194 492 291 412 372 417 217 186 188 57 379 15 97 376 111 414 327 392 429 262 485 356 7 238 192 355 319 334 365 124 301 231 393 286 455 357 461 178 369 402 23
143 85 373 219 409 350 335 88 40 224 447 498 283 139 71 176 37 400 201 411 222 430 374 451 72 190 230 76 144 48 182 36 386 183 3 20 52 273 413 309 314 161 475 56
255 203 328 234 165 134 168 170 153 320 289 278 218 221 436 332 45 22 151 331 406 99 418 91 367 226 155 214 433 184 197 14 138 364 435 375 244 216 46 264 313 90 346 362 249 251 86 236 115 310 274 297 383 114 470 101 349 150
277 29 64 341 293 54 463 140 478 494 387 389 282 288 446 117 87 377 388 449 41 260 157 315 26 481 241 427 73 299 250 206 50 490 137 94 79 428 10 209 96 258 423 4 5 270 19 107 239 394 172 439
474 69 330 102 397 261 106 133 211 351 253 345 27 294 263 118 196 247 398 213 348 422 317 437 321 232 152 499 353 296 24 460 405 381 210 276 83 472 220 445 354 363 479 179 464 237 171 146 457 147 89 2
287 259 452 51 84 60 361 142 61 181 135 82 212 44 65 462 459 208 8 329 269 145 173 279 43 305 30 59 1 467 443 116 421 408 450 333 13 149 280 248 6 484 21 191 77 39 391 49 100 440
17 136 80 18 164 359 366 306 66 174 303 336 399 125 316 42 12 228 16 465 160 471 159 434 482 454 105 187 325 63 404 257 245 215 67 246 266 466 340 473 109 444 326 126 163 207 169 93 267 95
265 284 477 242 108 420 121 311 92 200 425 489 74 128 35 487 476 390 78 410 290 62 34 496 141 407 342 256 468 162 469 233 352 68 337 123 488 154 225 31 198 132 112 416 177 268 426 371 285 384 339 205
