13090
381 304 197 605 175 679 648 284 351 212 643 479 651 431 383 413 328 47 266 350 393 335 200 534 75 437 217 485 40 35 204 297 697 418 507 23 201 220 203 510 495 143 67 525 528 662 285 202 574 573 320 272 442 196 156 670 289 535 456 166
460 693 139 681 162 141 121 140 307 274 615 18 661 575 392 521 178 59 539 368 516 16 645 210 699 416 11 309 445 420 356 633 366 168 353 688 54 468 464 198 663 685 106 364 331 472 294 326 147 578 107 102 394 28 221 474 668 146 298 553 296
316 367 93 522 318 587 542 177 125 612 79 235 515 620 234 354 448 103 265 306 13 151 281 411 461 301 283 239 288 677 618 603 219 321 594 517 260 244 700 229 641 71 218 370 484 496 193 232 466 99 7 627 275 246 20 77 596
588 38 209 426 76 650 559 336 237 48 286 153 268 628 551 545 655 626 613 231 223 49 607 303 352 430 104 386 261 631 60 253 365 487 384 533 25 347 538 90 562 675 97 160 132 659 388 313 119 46 395 120 467 359 254 498 214 1 113 519
263 601 684 423 398 290 427 144 491 273 623 122 88 105 155 45 465 407 372 488 634 92 401 658 644 361 110 676 436 69 502 482 402 547 375 240 333 138 610 98 385 51 412 486 680 457 580 625 5 434 481 305
61 609 277 652 604 567 590 66 338 432 552 450 226 493 172 276 108 380 126 96 310 463 135 378 512 278 443 124 190 262 41 29 414 292 158 616 129 475 236 390 673 181 74 174 649 224 123 421 572 622 84 2 672 94 669 142 425 324 470 349
577 389 597 72 9 329 116 195 213 593 346 632 550 242 173 279 269 379 312 454 511 339 428 33 630 666 415 24 558 690 249 570 579 186 508 377 15 546 192 134 524 311 37 53 205 374 600 22 555 362 259 404 115 446 6 540 499 452 678 599
660 357 667 315 87 165 251 36 183 17 199 19 300 696 80 526 611 355 602 480 471 52 694 453 369 42 371 682 63 451 689 695 529 89 435 117 476 458 68 114 189 636 571 128 206 222 137 642 101 424 323 410 537 692 400 429
225 608 264 665 629 683 148 541 504 494 248 164 387 566 150 585 439 250 514 637 230 257 163 440 322 81 344 4 325 477 646 598 556 238 64 687 207 399 70 241 62 376 391 621 531 536 280 154 513 406 358 185 501 34 211 489
337 584 656 215 554 131 408 417 302 583 145 523 405 561 483 441 282 95 654 111 14 127 27 397 348 449 91 473 624 582 698 252 403 518 73 32 43 617 255 267 563 340 271 532 85 191 228 86 169 560 39 182 342 438 57 118 691 50
653 586 433 543 44 549 216 640 149 686 3 112 287 469 330 180 548 619 247 490 557 530 422 299 505 503 382 133 100 291 308 341 83 581 459 233 478 576 589 270 373 492 157 639 657 317 21 500 243 65 12 462 295 396 674 161 647 78 569 176 184 591 293 188
564 314 130 565 527 152 170 606 55 10 592 334 419 343 194 614 635 187 136 327 159 455 30 664 319 258 245 444 332 179 167 409 506 58 497 544 56 208 509 360 31 447 171 109 568 671 256 82 26 345 363 227 8 638 520 595
