13090
61 609 209 423 590 175 237 284 583 145 515 10 643 387 45 343 194 614 635 187 136 327 602 455 30 386 91 453 369 42 371 682 63 594 517 468 464 240 333 685 37 53 528 132 659 22 412 466 2 154 513 358 185 501 34 211 489
460 337 584 389 215 44 549 683 148 541 351 212 226 493 561 651 448 103 173 306 13 151 281 411 27 397 348 52 437 217 485 110 676 436 69 186 598 556 129 244 700 317 74 610 98 189 636 313 531 536 107 26 406 5 499 452 678 599
564 660 93 522 318 76 72 9 144 640 432 140 55 112 287 469 330 242 231 223 49 607 303 16 645 210 449 694 291 308 341 83 581 459 233 478 576 589 270 15 64 639 657 229 458 68 243 65 218 370 388 572 573 486 259 560 7 101 627 569 176 289 293 188
263 130 264 567 290 427 329 116 623 552 450 479 566 150 441 282 95 654 111 14 127 92 401 664 100 631 473 253 365 487 384 502 518 73 32 510 509 360 476 67 525 271 532 462 391 621 396 84 647 467 446 6 540 184 591 400 429
225 565 527 597 554 131 408 273 686 3 620 155 655 431 383 413 328 47 266 430 104 699 666 415 24 558 690 249 570 579 533 508 377 260 687 207 106 364 171 109 496 555 119 680 404 580 182 342 438 57 118 691 50
693 601 684 543 152 336 338 149 79 235 615 628 551 545 300 696 265 80 526 611 355 230 257 163 512 239 443 124 190 262 41 356 633 23 451 689 695 56 208 475 236 390 673 181 174 241 12 484 622 671 169 99 120 442 359 221 474 668 146 298 553 296
653 586 277 652 604 665 629 66 251 36 183 17 164 234 172 276 108 279 269 379 312 454 511 339 428 644 278 630 11 309 445 420 29 414 366 482 402 547 375 255 31 399 563 340 662 285 374 600 571 128 46 320 161 457 94 196 363 227 8 638 520 595
381 38 433 315 650 559 417 302 122 88 105 346 632 550 180 548 380 514 637 463 135 378 33 416 40 35 204 297 697 418 507 292 158 616 492 157 495 143 21 97 114 62 376 326 193 232 86 256 82 672 28 156 246 20 77 596
314 608 139 681 398 87 165 679 648 606 307 274 268 18 661 575 392 521 178 59 539 368 516 352 159 480 471 75 261 322 288 677 618 603 219 321 201 220 203 546 192 562 675 138 70 71 205 202 574 147 280 39 78 254 670 537 692 113 519
577 656 426 605 491 170 48 504 494 248 592 19 483 465 407 372 488 634 350 461 301 658 283 440 444 332 179 698 252 403 168 353 688 538 373 43 617 134 524 311 641 649 331 472 294 85 191 228 222 137 642 115 272 669 142 425 324 470 349
588 357 667 587 542 177 125 612 286 153 523 405 354 626 613 619 247 126 96 310 505 503 382 133 258 245 60 624 582 167 409 506 58 497 544 238 90 198 663 500 160 224 123 421 568 362 674 102 345 625 275 498 214 1 535 456 166
316 367 304 197 162 141 216 121 195 213 593 199 334 419 585 439 250 490 557 530 422 299 393 335 200 534 319 361 81 344 4 325 477 646 25 347 54 529 89 435 117 267 447 385 51 295 206 578 395 394 424 323 410 434 481 305
