18435
185 143 85 373 219 409 261 106 133 211 33 224 447 498 283 139 131 385 243 459 8 329 226 155 214 111 401 327 392 429 262 72 190 230 76 421 428 36 386 183 3 20 52 273 270 19 107 239 49 349 150
277 424 204 80 18 298 366 335 88 194 492 425 489 74 128 35 487 316 44 65 462 78 208 497 495 127 348 422 324 347 435 375 299 250 206 50 490 380 154 225 31 198 132 115 310 274 297 383 39 391 394 89 440
158 11 368 129 103 121 311 92 200 181 135 82 212 186 118 406 99 418 16 465 411 222 482 152 499 485 356 7 238 488 254 130 195 480 431 258 423 4 5 357 461 178 235 147 295
308 180 318 54 486 300 38 396 40 110 322 189 156 483 47 71 176 57 247 398 213 227 433 223 14 138 30 59 1 467 443 116 313 210 192 246 83 472 220 445 249 251 86 236 112 416 177 323 358 175 55 100 2
255 203 328 234 165 134 168 491 419 351 70 221 436 332 45 22 151 331 377 379 410 290 62 34 496 141 159 434 437 321 232 427 73 233 352 68 337 123 137 276 355 319 10 354 363 479 179 104 432 81 119 53 58 384 339 448 23
474 69 330 199 395 359 350 306 66 174 303 389 27 294 263 12 196 367 269 145 173 342 481 468 162 469 244 216 46 264 266 466 340 343 307 167 275 441 268 426 371 285 166 205
265 284 477 242 108 420 453 500 370 253 345 399 125 217 476 25 28 228 148 338 260 160 312 26 454 105 187 325 63 404 257 245 90 378 334 365 124 301 464 237 413 163 207 169 93 267 369 402
17 136 102 397 98 170 153 320 289 278 336 282 288 446 117 188 382 91 449 41 193 184 279 43 241 32 120 304 302 281 202 381 215 67 346 362 252 403 209 96 326 126 309 314 161 475 95
113 29 64 341 293 84 60 361 142 61 218 291 412 372 417 42 390 37 400 201 157 315 317 414 364 305 374 451 456 442 493 271 408 450 333 13 149 280 248 6 484 21 191 77 114 470 101 438 172 439
287 259 452 51 164 463 140 478 494 387 75 292 458 360 229 272 87 122 415 388 15 97 376 471 407 197 430 256 240 9 344 353 296 24 460 405 94 144 79 48 182 473 109 444 231 393 286 455 171 146 457 56
