5095
839 30 588 553 993 477 889 716 25 41 267 778 356 946 810 84 221 732 15 475 689 495 257 391 226 455 914 754 116 799 218 195 488 64 201 464 846 489 103 74 596 292 123 163 603 885 362 83 927 80 285 552 984 466 514 384 655 731 724 102 910 991 166 999
158 741 538 862 648 165 447 808 220 185 40 709 717 203 256 940 61 838 110 319 135 703 828 549 194 775 395 86 435 273 483 233 771 205 701 551 137 154 794 122 23 33 416 217 563 53 880 351 146 958 378 43 269 414 973 287 634 849 390 443 836 618 916 90 867 669 663 931 600 609
4 408 824 725 383 770 774 392 825 901 136 355 420 374 413 546 159 343 592 512 928 722 744 986 753 822 644 855 352 700 766 747 28 756 357 469 628 26 320 373 909 295 306 193 980 88 71 387 853 788 921 473 307 499 32 755 246 412 637 27 682 995 525 785 144 964 979 936 487 398 460
231 385 573 164 593 105 681 132 290 162 907 638 686 127 367 624 170 344 458 428 597 503 881 302 575 997 555 743 85 479 439 643 841 250 211 46 8 566 707 50 325 308 96 191 920 654 500 456 442 249 698 875 817 372 97 518 427 361 65 685 579 720 983 333 240 847 660 241
444 87 537 405 607 141 438 418 68 782 527 502 145 293 359 567 411 419 699 944 289 397 281 797 577 786 572 156 247 582 183 425 827 311 440 2 253 956 417 691 611 180 20 587 171 186 683 832 665 787 800 929 481 911 886 56 859 793 303 82 92 622 318 939 350
976 498 868 363 990 955 864 467 328 236 957 801 971 726 677 11 213 272 565 943 734 805 34 790 715 259 872 750 605 462 450 160 59 66 923 237 843 953 951 581 915 564 789 619 305 215 441 35 515 524 736 139 286 300 334 558 796 129 941 829 888 952 354 452 714 598 632 970 688 532
877 157 531 554 866 882 465 29 625 6 831 497 730 733 937 536 329 284 379 486 711 369 143 804 423 676 879 511 949 963 73 112 72 557 326 616 274 516 967 168 776 434 106 317 692 18 491 646 608 480 590 149 992 523 396 758 899 678 649 175 63 850 905 912 322 429 960 445
954 336 602 150 966 589 262 727 854 69 81 768 504 403 338 93 631 457 925 277 614 415 45 930 393 890 381 972 819 70 658 897 505 251 242 761 740 594 230 852 845 706 696 173 975 541 167 433 604 918 713 948 39 772 517 630 842 981 674 222 679 823 935 169 394 848 684 545 985
155 337 492 543 24 9 998 506 894 547 826 798 570 291 520 204 91 482 806 346 650 544 680 961 484 661 310 729 721 131 612 779 833 509 261 745 784 702 652 121 130 38 126 400 694 353 448 117 687 599 297 932 945 454 109 248 471 641 704 270 615 148 530
79 404 656 723 891 151 535 719 645 751 510 243 490 626 896 837 331 926 583 950 197 430 974 769 578 133 190 22 347 298 900 763 548 181 406 315 671 324 835 623 174 229 568 152 437 410 795 742 280 906 539 526 474 364 58 739 666 245 100 36 340 21 922 330 368 982 89 871 816 659 965 358 314
76 651 198 341 54 176 388 210 128 765 760 48 856 255 31 893 933 606 978 534 585 884 402 275 140 42 876 409 335 279 584 860 959 562 13 748 560 67 192 869 690 172 844 153 728 470 77 370 938 821 764 266 232 108 47 595 858 809 375 903 540 219 380 476 561 348
493 657 365 969 125 147 478 803 895 120 339 668 216 16 187 60 296 857 377 667 301 407 453 883 664 55 735 710 5 304 569 705 574 791 840 767 371 712 276 528 179 51 642 196 376 617 282 178 234 627 962 485 182 206 461 238 200 323 749 432 672 426 49 820 360
138 431 7 224 762 349 436 184 223 647 917 98 124 815 513 3 670 591 814 52 207 327 887 10 99 695 861 752 898 119 113 571 283 78 947 271 640 718 19 316 332 994 312 662 263 610 818 278 613 254 908 542 697 834 777 533 621 244 104
258 37 863 228 508 294 781 101 1000 115 851 580 559 977 802 264 892 1 188 968 675 653 792 759 586 382 449 996 239 830 227 142 576 693 620 118 629 924 989 507 12 62 309 737 260 386 874 421 746 468 773 472 987 265 14 199 913 389 177 556 107 988 870
873 202 496 550 212 942 44 904 424 463 366 401 134 17 636 321 342 633 114 812 446 208 522 313 919 288 459 57 813 95 494 783 225 934 635 865 75 209 345 521 111 529 451 422 738 235 673 214 252 161 399 757 708 811 299 519 807 639 268 780 878 902 501 94 601 189
