5095
839 30 157 363 648 165 125 147 29 267 355 717 856 98 359 567 732 520 321 950 197 430 974 769 759 156 70 754 116 799 218 195 488 112 701 740 326 616 274 283 74 168 776 640 173 130 422 62 906 539 196 736 139 832 665 787 800 517 630 708 945 427 323 525 89 867 834 270 615 532
158 155 337 492 543 554 866 467 328 236 478 803 895 413 546 837 331 61 16 187 60 296 319 135 703 828 549 194 140 382 99 582 183 425 827 311 440 509 373 568 209 706 596 521 88 71 541 167 171 526 491 646 370 938 300 334 39 772 929 481 932 858 655 913 780 697 672 848 240 847 660 241
976 498 87 537 862 150 151 105 681 132 290 184 223 907 243 490 626 367 893 411 419 699 670 591 986 143 804 423 676 298 435 766 747 28 830 227 251 242 761 26 320 261 745 295 652 276 844 153 191 737 433 604 874 448 117 687 599 758 514 811 299 199 749 432 720 92 622 820 360
258 385 383 770 889 716 25 41 801 971 726 677 401 145 159 343 933 606 1 3 944 289 884 402 275 327 887 750 605 743 85 310 729 721 756 612 779 562 137 154 840 865 75 416 345 795 742 280 38 309 235 312 918 286 263 610 818 278 911 330 254 908 679 823 935 169 556 107 545 189
877 741 202 531 224 176 388 210 128 506 894 547 831 851 810 730 733 264 892 512 928 722 744 503 881 381 972 819 459 57 813 95 494 783 2 253 956 192 702 50 325 529 305 215 728 692 470 694 927 80 764 266 232 108 47 595 461 238 859 793 303 910 983 659 684 561 348
954 602 405 228 535 719 294 625 6 338 93 293 221 592 204 188 968 711 369 890 650 644 680 352 658 897 505 752 923 237 843 229 909 967 712 563 53 308 96 163 441 853 186 386 307 421 666 245 100 36 340 21 443 384 109 375 714 598 632 219 394 621 244 104
444 868 588 341 593 262 727 854 44 904 510 638 120 896 668 291 565 458 428 597 814 52 207 715 259 586 86 247 335 479 439 131 569 464 551 113 560 67 767 306 611 989 507 718 603 885 362 683 214 948 468 773 472 27 613 175 982 785 144 964 82 322 429 960 445
76 651 431 198 723 891 864 508 942 765 760 48 497 17 926 943 689 495 257 391 577 786 919 288 695 861 64 324 833 846 571 566 78 869 193 619 12 351 51 332 400 83 282 178 973 287 634 297 518 678 649 361 65 685 389 704 991 970 688 985
138 493 7 54 141 447 212 645 424 463 366 502 946 256 84 213 170 838 978 329 284 379 486 397 281 797 302 575 997 872 42 10 700 763 548 181 304 860 959 835 225 13 748 489 103 564 707 690 292 123 316 642 524 500 474 364 58 739 252 161 399 849 390 941 922 886 56 368 916 905 177 49 965 460 530
79 824 573 164 774 882 465 957 162 647 686 339 977 802 815 513 534 585 675 653 792 775 395 961 484 661 5 406 205 705 574 791 953 951 784 696 20 738 994 376 608 480 590 285 552 984 466 206 836 952 222 248 471 641 669 663 931 601 358 314
231 538 553 993 477 392 808 220 185 69 81 768 504 403 203 127 631 937 536 91 482 806 346 578 822 544 572 555 710 996 239 315 671 576 693 620 118 629 581 417 789 217 980 880 387 920 473 662 499 32 755 246 412 637 829 888 618 731 724 102 979 380 476 988 870
404 37 863 966 589 438 418 40 709 420 374 11 580 940 457 925 277 614 45 930 393 301 407 522 313 876 409 900 450 160 59 643 66 898 119 934 635 122 516 845 947 271 410 111 106 126 788 18 617 353 414 234 627 962 485 182 899 987 265 14 995 542 878 501 166 999
4 408 725 990 955 969 762 349 436 781 101 1000 115 134 570 216 15 110 734 805 34 790 133 190 22 347 511 949 963 73 771 357 469 628 623 174 230 924 915 691 172 528 179 146 654 77 456 713 249 698 875 817 372 97 682 809 63 850 579 871 816 426 333 94 600 609
336 656 657 365 24 9 998 68 782 527 917 255 31 272 344 415 857 377 667 753 453 883 664 55 914 462 273 483 233 142 250 211 46 8 852 33 437 121 434 975 19 587 515 260 673 442 746 523 396 757 842 981 674 354 452 90 540 902 936 487 398 148
873 496 607 550 825 901 751 136 778 356 826 798 559 624 124 636 583 475 342 633 114 812 446 208 226 455 855 879 735 449 279 584 841 201 72 557 594 794 23 152 371 180 451 317 35 958 921 378 43 269 821 149 992 558 796 129 454 200 519 807 639 268 903 912 777 533 318 939 350
