18435
113 29 64 341 293 54 463 140 478 494 110 447 27 294 263 462 12 99 418 16 465 213 157 312 223 401 364 305 374 451 72 190 230 137 94 144 254 130 473 109 444 115 310 274 357 461 178 384 56
185 143 85 102 397 98 170 153 320 70 75 292 458 360 229 476 65 118 122 415 8 329 226 155 348 222 26 481 232 152 499 304 302 281 202 381 215 67 154 225 31 198 124 301 484 21 191 77 39 457 150
17 136 80 18 164 486 491 419 194 425 489 74 128 35 487 316 44 390 57 379 410 247 398 214 111 14 347 32 120 456 442 493 271 192 246 408 450 333 13 149 280 248 6 104 432 171 146 58 235 349 205
474 69 330 199 395 359 350 306 66 174 303 492 345 399 125 217 186 28 78 388 449 41 193 422 342 414 327 392 429 262 485 356 7 76 90 266 466 340 334 365 132 231 393 286 455 81 119 53 49 339 95
287 259 452 51 84 60 361 142 200 291 412 372 417 42 459 208 196 400 201 411 159 434 454 105 187 325 63 404 257 79 48 182 403 343 307 167 326 126 297 383 175 470 101 438 172 448 23
277 424 204 318 298 453 500 387 336 498 283 139 272 25 406 497 495 127 227 315 317 430 138 321 435 469 233 352 68 337 123 421 378 252 209 96 258 423 52 273 413 309 314 161 475 89
265 284 477 242 108 420 366 335 88 370 253 181 135 82 212 151 87 228 91 148 338 260 160 324 43 241 427 73 299 250 206 50 490 238 488 355 319 445 249 354 363 479 179 464 237 163 207 169 93 285 147 295
308 180 373 219 409 121 300 38 396 289 33 224 322 189 156 483 47 131 385 37 15 97 376 471 407 30 59 1 467 443 116 313 210 276 428 195 480 431 275 441 268 426 371 267 369 402 2
158 11 368 129 103 261 311 92 40 278 218 221 436 332 45 22 71 176 188 382 290 62 34 496 433 184 279 482 256 468 162 375 244 216 46 264 380 346 362 10 251 86 236 112 416 177 323 358 114 391 394 100 440
255 203 328 234 165 134 168 106 133 211 351 61 389 282 288 446 117 243 331 377 367 269 145 173 141 197 437 240 9 344 353 296 24 460 405 245 83 472 220 36 386 183 3 20 4 5 270 19 107 239 55 166 439
