5095
839 231 87 651 431 198 150 966 589 262 727 854 781 101 1000 115 134 255 343 815 513 110 319 135 703 828 549 194 644 455 855 879 735 462 450 181 406 315 671 569 835 464 740 320 261 417 217 563 53 975 179 146 235 376 617 282 178 234 627 962 485 182 981 674 89 672 333 94 600 532
877 336 538 862 341 774 438 418 957 184 223 647 856 367 733 411 419 699 944 289 486 814 52 207 715 259 919 961 449 310 729 721 142 576 693 2 253 956 915 416 271 410 718 19 642 362 312 307 499 32 755 246 412 637 206 454 368 982 542 697 834 92 622 820 360
444 337 725 990 955 228 447 212 294 44 625 709 717 851 896 837 359 457 592 583 342 633 986 143 804 423 676 382 99 57 5 304 841 201 119 137 154 489 192 50 121 742 280 38 738 18 921 386 874 821 746 39 772 517 630 708 613 323 452 714 598 871 669 663 931 601 148 445
4 408 496 891 593 889 716 25 41 267 355 420 374 413 546 159 624 170 565 415 857 377 667 753 792 775 395 914 658 548 218 195 488 752 250 701 551 13 748 560 67 75 209 691 611 640 619 12 541 126 737 77 474 364 58 448 117 687 599 97 911 427 254 908 679 823 219 533 621 244 189
954 741 202 573 164 141 176 388 210 478 162 907 243 490 626 810 730 331 636 1 329 284 379 397 281 797 302 575 997 872 42 10 484 996 183 425 311 440 225 934 635 924 767 652 276 123 351 51 515 524 673 442 249 698 558 36 340 21 443 682 859 793 303 910 777 429 960
976 498 868 588 553 993 477 535 719 645 128 971 726 677 826 798 256 977 802 933 606 204 475 45 744 393 301 881 133 190 22 347 298 459 582 897 59 66 898 623 174 230 745 295 193 172 844 153 191 920 433 608 480 590 285 875 817 372 466 514 330 175 63 850 579 912 394 848 318 939 350
158 404 656 723 770 24 9 998 765 463 366 401 120 339 668 272 838 978 534 585 675 653 650 544 572 156 86 409 335 279 584 612 779 574 791 840 581 23 33 869 325 434 507 451 317 167 171 500 456 300 764 266 232 108 47 595 858 109 375 903 540 979 936 487 398 460 530
138 385 657 365 969 467 328 236 68 782 527 686 580 17 925 277 91 482 806 346 578 759 586 352 754 116 799 861 771 112 26 326 616 274 566 947 306 292 130 587 332 400 736 662 286 414 552 984 757 842 829 888 361 525 785 144 878 632 426 166 988 870
79 537 492 543 864 508 942 40 6 831 497 940 124 61 15 950 197 430 114 812 446 226 664 55 511 949 963 73 357 469 628 620 118 629 103 784 152 371 712 521 111 529 305 215 35 260 473 43 269 421 334 610 818 278 238 952 354 268 780 177 991 970 688 609
30 602 405 607 550 825 901 751 510 638 203 631 567 926 614 734 805 34 790 381 972 819 70 900 763 439 131 205 705 237 843 953 951 852 707 596 980 880 603 885 526 83 927 80 149 992 523 396 758 836 655 731 724 102 82 380 476 561 348
155 531 554 866 105 681 132 290 904 81 768 504 403 11 84 213 732 520 3 188 968 884 402 275 140 876 435 766 747 28 830 95 242 761 72 557 594 229 283 516 967 168 776 989 20 62 906 654 694 353 739 252 287 634 297 390 941 922 384 809 639 248 471 641 169 556 107 545 985
873 383 151 392 808 220 185 801 424 760 48 946 127 570 291 344 60 296 928 722 597 503 407 453 883 680 743 85 273 483 233 827 860 959 211 46 8 909 564 690 173 308 96 163 441 728 692 470 186 683 938 263 973 161 399 849 27 932 461 886 56 618 916 905 867 935 902 501 49 965 660 241
76 824 37 863 54 882 465 29 803 895 917 98 216 16 187 943 689 495 257 391 577 786 887 750 605 247 695 239 643 756 494 783 509 373 74 702 696 88 71 387 853 788 196 378 139 832 666 245 100 796 129 987 265 14 995 913 90 964 720 270 615 104
157 363 7 224 762 349 436 506 894 547 502 145 293 221 893 937 536 321 458 428 930 974 769 208 522 313 555 710 160 505 251 923 562 113 571 865 568 845 706 437 180 106 316 539 994 491 646 370 713 948 468 773 472 518 811 299 807 199 749 432 816 322 240 847 999
258 493 648 165 125 147 69 136 778 356 338 93 559 31 264 892 512 670 591 711 369 890 822 327 288 700 661 479 813 227 64 324 833 846 794 122 78 789 345 795 528 422 309 958 604 918 214 665 787 800 929 481 899 945 678 649 200 519 222 65 685 389 704 983 659 684 358 314
