13090
263 130 565 527 597 605 237 606 307 274 450 164 234 172 276 108 279 269 379 312 454 511 339 428 239 40 35 204 249 570 579 186 598 556 238 492 509 360 476 74 70 160 132 659 295 396 256 395 580 28 625 275 246 20 77 596 595
381 608 139 587 542 165 144 640 149 79 235 615 155 655 448 103 194 614 635 187 136 327 159 480 471 52 33 631 11 309 262 41 29 414 366 168 353 688 54 375 117 267 447 98 171 109 496 555 466 26 442 359 358 185 501 34 211 489
460 609 389 426 162 175 216 148 541 286 153 523 493 561 483 465 231 223 49 607 303 16 645 210 534 75 261 440 485 110 676 436 69 533 482 402 547 529 89 435 255 31 97 71 218 370 388 326 193 232 222 642 394 78 363 227 324 470 349
564 316 367 433 315 87 66 338 612 36 213 593 268 628 551 545 300 696 265 80 247 490 557 530 422 299 27 397 348 319 322 453 369 42 371 682 63 594 517 129 244 700 229 458 68 243 528 662 285 374 313 486 578 107 102 115 627 254 498 214 1 113 519
653 586 601 684 423 665 629 116 195 183 17 592 19 651 431 383 413 328 611 355 430 104 283 291 308 341 83 581 459 233 478 576 589 270 373 510 198 663 399 563 205 202 574 147 671 46 320 161 154 513 406 323 410 434 481 305
693 38 209 681 554 131 141 251 504 494 248 405 354 242 282 526 47 266 230 257 163 512 694 60 624 582 698 252 403 508 377 15 546 192 687 673 181 37 364 271 532 622 169 647 120 94 345 156 670 537 692 400 429
337 584 656 215 44 549 679 648 302 122 88 105 346 632 550 626 613 306 13 151 281 411 393 335 200 386 437 258 245 473 253 365 487 384 292 158 616 43 617 134 524 311 67 525 340 189 636 571 128 119 259 560 7 424 438 57 184 591 293 188
225 277 264 567 590 408 177 125 48 552 620 18 661 575 392 521 178 59 539 368 516 352 463 135 378 644 416 81 344 4 167 409 506 58 497 544 695 56 208 639 657 317 21 500 53 385 51 85 191 206 536 280 457 669 142 425 8 638 520
577 652 604 76 650 559 683 417 432 140 55 112 287 469 330 180 343 619 95 654 111 14 127 92 401 664 278 630 666 415 24 558 690 297 697 418 507 23 201 220 203 64 240 333 138 610 649 224 123 421 572 573 362 674 82 2 672 467 342 221 569 176 118 691 50
660 93 522 318 72 9 491 170 686 3 515 199 334 419 548 407 372 488 634 350 602 455 30 449 91 288 677 445 420 356 633 502 451 689 468 464 475 236 390 207 641 65 331 472 294 462 391 621 531 84 99 39 272 446 6 540 289 535 456 166
588 357 667 543 290 427 329 273 623 583 145 10 643 387 566 150 585 439 250 514 637 461 301 658 699 217 443 124 190 618 603 219 321 518 73 32 260 157 562 675 685 106 114 62 376 600 22 412 228 86 680 404 196 5 499 452 678 599
61 314 304 197 398 152 336 121 284 351 212 226 479 45 441 173 380 126 96 310 505 503 382 133 100 361 444 332 179 325 477 646 25 347 538 90 495 143 174 241 12 484 568 137 101 182 474 668 146 298 553 296
