18435
287 259 452 51 164 168 106 133 211 351 492 425 489 74 128 35 487 316 44 65 28 122 415 196 400 201 411 222 26 481 232 427 73 233 352 68 337 123 137 94 79 428 252 334 365 124 301 326 126 357 461 178 394 205
113 424 204 318 54 463 140 478 494 200 221 436 332 45 22 186 118 406 99 148 338 260 496 407 197 482 256 468 162 469 244 216 46 264 421 83 472 220 403 209 96 231 393 286 455 171 146 457 100 295
158 11 368 129 103 350 306 66 174 303 389 282 288 446 151 331 377 497 495 127 227 471 312 223 401 327 392 429 262 72 190 230 271 192 266 466 340 251 86 236 112 416 177 323 358 175 55 166
474 69 330 102 397 98 170 153 320 194 218 292 458 360 229 272 25 459 418 16 465 193 141 111 437 30 59 1 467 443 116 380 346 362 31 198 132 258 423 4 5 270 19 107 239 285 384 402 2
308 180 373 219 409 261 335 88 370 253 181 135 82 212 263 87 12 228 91 449 41 160 422 184 324 138 374 451 353 296 24 460 405 245 144 408 48 182 473 109 444 115 310 274 297 383 114 470 475 89 439
185 143 85 242 108 420 121 300 38 396 289 33 110 322 189 156 483 47 71 176 78 208 410 247 398 213 348 159 434 321 240 9 344 63 404 257 76 488 254 130 195 480 431 484 21 191 77 39 391 369 95
277 29 64 341 293 84 60 361 142 224 447 27 294 131 385 243 367 269 145 173 433 279 430 347 435 375 299 250 206 50 490 215 67 246 450 333 13 149 280 248 6 104 432 163 207 169 93 267 438 172 448 23
17 136 80 18 298 453 500 40 278 345 498 283 139 476 37 388 15 97 376 342 14 43 241 32 120 485 356 7 238 154 225 10 343 307 167 275 441 81 119 53 58 101 349 150
255 203 328 234 165 134 366 311 92 61 336 399 125 217 117 390 382 290 62 34 214 454 152 499 456 442 493 313 210 90 378 36 386 183 3 20 52 273 413 309 314 161 235 147 440
265 284 477 199 395 359 486 491 419 387 70 75 291 412 372 417 42 462 188 57 379 8 329 226 155 157 315 317 414 364 305 105 187 325 304 302 281 202 381 276 355 319 445 249 354 363 479 179 464 237 268 426 371 49 339 56
