18435
113 29 64 341 293 397 261 106 133 211 370 70 75 291 412 372 417 217 186 243 78 99 418 367 269 145 173 471 184 279 437 232 152 499 353 296 24 460 405 245 246 408 48 182 36 386 183 3 20 52 273 413 309 314 161 49 150
308 180 373 219 409 486 335 88 33 224 345 399 125 272 12 228 91 148 338 193 111 481 468 162 375 299 456 442 493 137 144 79 428 10 251 86 236 115 310 274 297 383 39 457 100 295
255 203 328 234 165 134 60 361 142 61 389 27 294 263 25 28 122 415 388 290 62 34 214 433 222 26 256 241 427 73 233 352 68 337 123 192 266 466 340 334 365 132 484 21 191 77 114 391 475 172 2
265 284 477 199 395 359 350 311 92 40 278 218 221 436 332 45 22 476 65 462 57 15 97 376 141 317 430 364 305 32 120 485 356 7 76 421 346 362 31 195 480 431 423 4 5 163 207 169 93 394 147 448
287 259 452 242 108 420 463 140 478 494 387 292 458 360 229 71 176 37 410 247 398 213 157 315 197 43 30 59 1 467 443 116 94 90 378 252 473 109 444 231 393 286 455 323 358 175 55 166 205
474 69 330 51 164 168 170 153 320 194 336 498 283 139 151 459 208 196 400 201 411 407 223 401 327 392 429 262 72 190 230 202 380 254 130 198 124 301 112 416 177 268 426 371 267 349 23
17 136 80 18 298 366 306 66 174 303 492 322 189 156 483 47 131 385 188 382 497 495 127 227 434 482 138 321 240 9 344 63 404 257 271 450 333 13 149 280 248 6 326 126 357 461 178 101 438 95
158 11 368 129 103 98 491 419 351 253 181 135 82 212 44 331 8 329 226 155 160 342 14 347 435 469 244 216 46 264 238 488 154 225 249 343 307 167 275 441 81 119 53 58 235 89 439
277 424 204 318 54 121 300 38 396 289 200 425 489 74 128 35 487 316 42 390 87 406 16 465 348 422 312 324 454 105 187 325 304 302 281 313 210 276 355 319 445 354 363 479 179 464 237 270 19 107 239 285 384 339 56
185 143 85 102 84 453 500 110 447 282 288 446 117 118 377 379 449 41 260 496 159 414 374 451 250 206 50 490 381 215 67 83 472 220 403 209 96 258 104 432 171 146 470 369 402 440
