18435
308 180 318 54 261 335 88 370 253 322 189 156 483 47 151 377 418 497 495 127 348 312 342 481 241 32 120 485 356 7 76 488 346 362 10 473 109 444 231 393 286 455 357 461 178 394 147 205
17 136 80 18 164 366 311 92 40 278 447 27 294 272 385 390 122 415 367 269 145 173 315 43 30 59 1 467 443 116 313 276 355 319 445 249 195 480 431 464 237 413 171 146 58 475 172 2
143 85 102 397 98 170 153 320 194 70 389 282 288 446 117 87 382 208 410 247 398 213 227 111 414 327 392 429 262 72 190 230 271 79 48 182 334 365 124 301 115 310 274 297 383 175 55 166 448 23
474 69 330 51 84 60 361 142 200 75 291 412 372 417 42 462 12 228 8 329 226 155 160 317 14 240 9 344 353 296 24 460 405 381 210 90 408 450 333 13 149 280 248 6 484 21 191 77 39 457 150
265 284 477 199 395 359 121 300 38 396 303 181 135 82 212 186 243 331 406 99 15 97 376 407 324 138 364 305 374 451 250 206 50 490 245 215 67 154 225 31 343 307 167 326 126 81 119 53 470 49 56
287 259 452 242 108 420 463 140 478 494 33 110 345 498 283 139 263 28 78 91 148 338 214 422 279 430 347 152 499 304 302 281 202 83 472 220 354 363 479 179 104 432 163 207 169 93 267 349 295
158 11 368 129 103 350 306 66 174 492 292 458 360 229 71 176 37 379 16 465 193 141 184 197 26 256 468 162 375 299 456 442 493 421 378 403 209 96 258 423 52 273 268 426 371 235 100
255 203 328 234 165 134 168 106 133 211 351 61 218 221 436 332 45 22 476 25 188 57 388 290 62 34 157 222 401 232 427 73 233 352 68 337 123 137 94 144 254 130 36 386 183 3 20 4 5 270 19 107 239 285 369 402 440
277 424 204 373 219 409 486 491 419 387 336 399 125 217 131 118 196 400 201 411 471 159 434 482 454 105 187 325 63 404 257 380 192 246 428 252 198 132 112 416 177 309 314 161 101 438 95
185 113 29 64 341 293 298 453 500 289 224 425 489 74 128 35 487 316 44 65 459 449 41 260 496 433 223 437 321 435 469 244 216 46 264 238 266 466 340 251 86 236 275 441 323 358 114 391 384 339 89 439
