18448
277 424 204 318 54 486 300 38 396 387 70 181 135 82 212 44 65 462 377 148 338 260 496 317 468 162 375 299 250 206 50 490 144 428 10 354 363 479 179 464 237 81 119 53 457 172 23
158 11 368 129 103 168 491 419 351 61 345 282 288 446 117 243 459 16 465 213 348 407 434 414 347 152 499 352 68 337 123 271 408 378 334 365 124 301 115 310 274 297 383 39 391 394 147 89 439
287 259 452 51 164 261 106 133 211 200 389 27 294 263 118 122 415 8 329 269 145 173 141 111 256 241 32 120 456 442 216 313 210 90 254 130 473 109 444 231 393 286 455 323 358 175 470 49 100 295
17 136 80 18 298 453 500 289 33 492 322 189 156 483 47 151 87 12 228 247 398 157 222 26 374 451 353 296 24 460 405 79 48 182 36 386 183 3 20 4 5 270 19 107 239 285 384 95
185 113 29 64 341 293 84 366 311 92 40 110 336 399 125 316 42 25 28 78 196 400 201 411 312 223 430 454 105 187 325 63 404 257 76 421 346 362 252 209 96 112 416 177 171 146 58 235 339 56
143 85 102 397 98 170 153 320 194 425 291 412 372 417 217 131 382 208 497 495 127 227 422 184 197 401 327 392 429 262 72 7 493 245 215 67 246 83 472 220 445 249 195 480 431 258 423 52 273 413 309 314 161 475 205
308 180 373 219 409 463 140 478 494 224 489 74 128 35 487 476 388 367 226 155 160 342 14 43 305 30 59 1 467 443 116 381 276 355 319 403 343 307 167 326 126 357 461 178 101 349 150
255 203 328 234 165 134 60 361 142 278 75 292 458 360 229 186 188 57 379 15 97 376 315 482 138 364 435 469 244 485 356 46 264 238 488 154 225 31 251 86 236 275 441 268 426 371 55 166 402 440
265 284 477 242 108 420 121 306 66 174 303 218 221 436 332 45 22 71 176 331 406 410 290 62 34 214 471 159 324 481 232 427 73 233 190 230 202 380 266 466 340 198 132 104 432 163 207 169 93 267 369 2
474 69 330 199 395 359 350 335 88 370 253 447 498 283 139 272 385 390 37 99 418 91 449 41 193 433 279 437 321 240 9 344 304 302 281 137 94 192 450 333 13 149 280 248 6 484 21 191 77 114 438 448
