18435
255 203 328 234 165 134 168 170 153 320 289 33 224 336 498 283 139 476 65 462 78 208 196 290 62 34 214 315 317 14 454 152 499 353 296 24 460 405 94 144 154 225 249 195 480 431 258 423 4 5 270 19 107 239 55 166 205
287 259 452 51 164 359 463 140 478 494 221 436 332 45 22 186 390 459 415 388 16 465 213 157 433 279 437 305 374 451 72 190 230 76 90 428 10 251 86 236 115 310 274 323 358 114 391 475 339 448
265 284 477 242 108 420 366 335 88 370 253 181 135 82 212 263 25 12 8 329 269 145 173 312 223 481 241 427 73 299 250 206 50 490 245 276 378 403 343 307 167 275 441 81 119 53 457 100 23
474 69 330 199 395 261 106 133 211 194 389 282 288 446 117 188 57 99 148 338 193 141 407 342 414 364 105 187 325 304 302 281 202 381 215 67 254 130 334 365 124 301 112 416 177 268 426 371 267 56
158 11 368 129 103 121 300 38 396 200 425 489 74 128 35 487 316 44 331 406 449 41 260 496 111 43 30 59 1 467 443 116 313 192 246 266 466 340 36 386 183 3 484 21 191 77 39 101 172 440
113 424 204 80 18 298 453 500 387 70 75 292 458 360 229 71 176 118 377 379 418 91 367 226 155 160 184 197 482 256 468 162 469 233 352 68 337 123 421 408 450 333 13 149 280 248 6 104 432 171 146 58 235 438 150
17 136 102 397 98 491 419 351 61 322 189 156 483 47 151 87 228 400 201 411 471 159 324 327 392 429 262 485 356 7 137 210 79 48 182 354 363 479 179 464 237 357 461 178 394 147 89 439
277 29 64 341 293 84 60 361 142 110 447 27 294 272 385 28 122 410 247 398 348 430 138 232 32 120 456 442 493 271 83 472 220 252 198 132 231 393 286 455 163 207 169 93 285 384 402 2
185 143 85 373 219 409 350 306 66 174 303 492 345 399 125 217 131 243 382 15 97 376 222 26 347 435 375 244 216 46 264 238 488 355 319 445 473 109 444 326 126 297 383 175 470 369 95
308 180 318 54 486 311 92 40 278 218 291 412 372 417 42 37 497 495 127 227 422 434 401 321 240 9 344 63 404 257 380 346 362 31 209 96 20 52 273 413 309 314 161 49 349 295
