18435
185 143 85 102 397 98 335 88 33 110 345 282 288 446 151 78 208 16 465 193 342 43 105 187 325 63 404 257 245 215 67 266 466 340 36 386 183 3 20 52 273 413 171 146 58 369 23
113 424 204 373 219 409 60 361 142 200 389 27 294 263 462 377 196 247 398 213 157 433 222 232 32 120 304 302 281 238 488 355 319 334 365 132 231 393 286 455 323 358 175 470 166 95
17 136 80 18 164 359 463 140 478 494 224 75 291 412 372 417 42 25 87 122 415 400 201 160 184 279 347 435 375 299 250 206 50 490 137 90 450 333 13 209 96 112 416 177 309 314 161 475 339 402 2
474 69 330 51 84 366 306 66 174 303 322 189 156 483 47 131 243 331 406 497 495 127 348 315 197 430 138 364 305 30 59 1 467 443 116 313 246 83 472 220 445 249 354 363 479 179 464 237 270 19 107 239 394 147 295
265 284 477 199 395 350 311 92 40 278 447 498 283 139 186 390 37 388 15 97 376 111 482 454 152 499 485 356 7 202 380 192 254 130 195 480 431 258 104 432 81 119 53 55 100 440
158 11 368 129 103 486 491 419 194 218 221 436 332 45 22 71 176 188 57 449 41 411 471 159 434 414 374 451 353 456 442 493 76 421 378 403 343 307 167 484 21 191 77 114 391 49 89 439
277 29 64 341 293 54 261 106 133 211 387 492 425 489 74 128 35 487 316 44 65 12 228 367 226 155 227 422 312 26 256 241 427 73 233 352 68 337 123 346 362 10 473 109 444 423 4 5 357 461 178 235 172 448
287 259 452 242 108 420 121 300 38 396 370 70 181 135 82 212 117 459 99 8 329 269 145 173 141 407 223 14 481 468 162 469 244 216 46 264 381 210 276 408 48 182 149 280 248 6 326 126 297 383 39 457 349 205
308 180 318 298 453 500 351 253 292 458 360 229 272 385 28 382 379 418 91 148 338 260 214 317 401 327 392 429 262 72 190 230 271 79 428 252 251 86 236 275 441 268 426 371 267 101 438 150
255 203 328 234 165 134 168 170 153 320 289 61 336 399 125 217 476 118 410 290 62 34 496 324 437 321 240 9 344 296 24 460 405 94 144 154 225 31 198 124 301 115 310 274 163 207 169 93 285 384 56
