18435
287 259 452 51 164 121 300 38 396 370 492 389 282 288 446 117 57 449 41 260 160 159 317 401 327 392 429 262 72 190 230 380 355 319 10 354 363 479 179 464 237 268 426 371 285 384 56
255 203 328 234 165 134 168 170 153 320 289 33 110 447 498 283 139 263 390 122 415 8 329 269 145 173 141 184 197 430 30 59 1 467 443 116 313 428 249 195 480 431 258 423 4 5 270 19 107 239 150
277 29 64 341 293 397 98 306 66 174 303 75 291 412 372 417 42 459 99 418 400 201 411 222 26 481 468 162 469 233 352 68 337 123 271 79 48 182 343 307 167 104 432 81 119 53 58 369 402 440
158 11 368 129 103 261 106 133 211 278 181 135 82 212 131 385 37 379 196 247 398 213 348 422 312 324 437 321 232 32 120 485 356 7 202 381 276 83 472 220 445 149 280 248 6 326 126 297 383 175 470 475 448
113 424 204 318 54 60 361 142 253 322 189 156 483 47 151 28 78 208 16 465 193 315 364 435 375 244 216 46 264 238 192 346 362 252 473 109 444 484 21 191 77 39 391 49 349 23
265 284 477 242 108 420 463 140 478 494 387 70 221 436 332 45 22 71 176 331 406 91 367 226 155 214 434 482 138 305 374 451 456 442 493 94 144 246 450 333 13 251 86 236 115 310 274 171 146 457 100 295
185 143 85 373 219 409 486 491 419 351 61 336 399 125 217 186 118 377 410 290 62 34 157 433 279 14 454 105 187 325 304 302 281 245 215 67 408 378 403 209 96 112 416 177 323 358 114 267 101 339 89 439
17 136 80 18 298 366 335 88 194 218 292 458 360 229 476 65 462 188 15 97 376 111 43 241 427 73 299 250 206 50 490 137 210 90 254 130 36 386 183 3 20 52 273 413 163 207 169 93 55 166 205
474 69 330 102 84 453 500 200 345 27 294 272 25 87 382 388 148 338 496 407 342 256 240 9 344 63 404 257 76 488 154 225 31 198 124 301 231 393 286 455 309 314 161 235 438 172 2
308 180 199 395 359 350 311 92 40 224 425 489 74 128 35 487 316 44 243 12 228 497 495 127 227 471 223 414 347 152 499 353 296 24 460 405 421 266 466 340 334 365 132 275 441 357 461 178 394 147 95
