18435
158 11 368 129 103 463 140 478 494 224 322 189 156 483 47 131 385 28 122 99 418 91 367 226 155 214 422 434 481 392 429 262 72 190 230 313 210 154 225 10 473 109 444 115 310 274 297 383 39 391 369 402 440
308 180 373 219 409 350 311 92 40 110 336 498 283 139 151 331 406 410 290 62 34 496 471 407 197 430 138 321 232 427 73 233 352 68 337 123 421 355 319 445 249 251 86 236 275 441 323 358 175 470 49 448
185 474 69 330 102 397 98 335 88 370 253 489 74 128 35 487 316 44 65 462 188 382 415 8 329 269 145 173 312 223 482 454 105 187 325 63 404 257 271 79 48 182 334 365 124 301 231 393 286 455 309 314 161 100 2
265 284 477 199 395 359 121 300 38 396 387 70 75 292 458 360 229 71 176 78 208 449 41 411 159 26 256 468 162 469 244 216 46 264 238 192 83 472 220 195 480 431 258 423 4 5 270 19 107 239 475 339 89 23
143 85 51 164 486 491 419 33 345 399 125 217 117 118 228 16 465 193 141 342 437 240 9 344 456 442 493 137 94 144 246 378 403 343 307 167 104 432 163 207 169 93 55 166 95
255 203 328 234 165 134 168 170 153 320 289 200 181 135 82 212 272 459 15 97 376 111 401 364 305 30 59 1 467 443 116 380 254 130 36 386 183 3 484 21 191 77 114 267 101 438 205
113 29 64 341 293 84 60 361 142 278 218 221 436 332 45 22 476 243 57 196 400 201 160 222 374 451 250 206 50 490 245 215 67 266 466 340 354 363 479 179 464 237 357 461 178 235 349 150
287 259 452 242 108 420 366 306 66 174 303 389 282 288 446 186 87 12 388 148 338 260 157 184 279 14 43 241 32 120 485 356 7 76 90 408 450 333 13 149 280 248 6 326 126 81 119 53 457 147 439
277 424 204 318 54 261 106 133 211 351 61 447 27 294 263 25 377 247 398 213 227 433 324 347 435 375 299 304 302 281 202 381 276 346 362 31 209 96 20 52 273 413 171 146 58 394 172 295
17 136 80 18 298 453 500 194 492 425 291 412 372 417 42 390 37 379 497 495 127 348 315 317 414 327 152 499 353 296 24 460 405 488 428 252 198 132 112 416 177 268 426 371 285 384 56
