18435
113 29 64 341 293 84 60 361 142 278 218 221 436 332 45 22 71 176 87 122 415 400 201 411 222 482 256 241 427 73 233 352 68 337 123 271 408 378 252 403 343 307 167 484 21 191 77 114 391 49 100
158 11 368 129 103 168 106 133 211 351 110 322 189 156 483 47 151 331 377 8 329 269 145 173 471 159 317 401 468 162 375 299 250 206 50 490 137 94 144 246 83 472 220 445 334 365 124 301 20 52 273 413 163 207 169 93 394 95
308 180 318 54 486 491 419 194 75 292 458 360 229 476 25 28 78 388 15 97 376 422 223 43 105 187 325 63 404 257 67 346 362 31 198 132 112 416 177 268 426 371 267 101 147 89 439
265 284 477 199 395 121 300 38 396 200 345 399 125 217 117 390 382 208 449 41 260 214 433 279 14 481 232 435 469 244 216 46 264 380 192 154 225 249 251 86 236 275 441 323 358 175 470 369 205
17 136 373 219 409 261 140 478 494 387 492 425 291 412 372 417 131 118 406 91 148 338 496 141 407 434 454 152 499 353 456 442 493 238 488 450 333 13 149 280 248 6 326 126 171 146 457 56
143 85 51 164 359 350 311 92 40 61 181 135 82 212 44 65 462 12 497 495 127 227 111 430 364 305 30 59 1 467 443 116 313 276 355 319 195 480 431 258 423 4 5 270 19 107 239 55 166 295
185 474 69 330 102 397 98 170 153 320 289 33 70 489 74 128 35 487 316 42 37 196 367 226 155 160 312 26 327 392 429 262 485 356 7 202 381 210 90 428 10 473 109 444 231 393 286 455 357 461 178 384 339 2
255 203 328 234 165 134 453 500 370 253 447 498 283 139 272 385 243 459 99 418 16 465 193 184 324 437 374 451 72 190 230 76 79 48 182 354 363 479 179 104 432 81 119 53 58 235 438 172 448 23
287 259 452 242 108 420 463 335 88 224 389 282 288 446 186 228 290 62 34 348 342 138 321 240 9 344 296 24 460 405 421 254 130 36 386 183 3 464 237 309 314 161 475 402 440
277 424 204 80 18 298 366 306 66 174 303 336 27 294 263 188 57 379 410 247 398 213 157 315 197 414 347 32 120 304 302 281 245 215 266 466 340 209 96 115 310 274 297 383 39 285 349 150
