18435
277 424 204 80 18 164 359 463 311 92 40 278 218 221 436 332 45 22 151 37 497 495 127 227 315 197 14 327 392 429 262 72 190 230 202 380 254 130 195 480 431 464 237 297 383 39 391 475 339 89 2
143 85 373 219 409 350 335 88 387 492 291 412 372 417 217 131 331 16 465 193 422 434 414 364 305 374 451 63 404 257 76 421 346 362 334 365 124 301 231 393 286 455 323 358 175 55 448 23
113 29 64 341 293 54 486 491 419 351 61 75 292 458 360 229 476 65 377 91 290 62 34 157 222 482 347 152 499 353 296 24 460 405 276 355 319 10 251 86 236 275 441 268 426 371 285 384 95
287 259 452 51 84 60 361 142 253 345 282 288 446 117 390 57 15 97 376 312 342 437 240 9 344 456 442 493 238 488 154 225 31 198 132 258 423 52 273 413 163 207 169 93 267 438 172 205
17 136 102 397 168 106 133 211 370 181 135 82 212 44 243 122 8 329 269 145 173 279 430 138 321 232 435 469 244 216 46 264 381 67 408 378 473 109 444 115 310 274 309 314 161 235 439
265 284 477 242 108 420 121 300 38 396 194 70 389 27 294 186 87 12 228 400 201 411 407 26 454 32 120 485 356 7 245 215 266 466 340 36 386 183 3 20 4 5 270 19 107 239 49 349 150
308 180 318 298 366 306 66 174 200 425 489 74 128 35 487 272 385 28 78 208 410 247 398 213 348 317 43 30 59 1 467 443 116 313 90 450 333 13 209 96 112 416 177 357 461 178 101 100
158 11 368 129 103 98 170 153 320 289 110 336 399 125 316 42 462 459 415 388 449 41 496 471 159 223 401 105 187 325 304 302 281 271 83 472 220 445 249 354 363 479 179 104 432 171 146 58 394 147 56
255 203 328 234 165 134 453 500 303 447 498 283 139 263 25 188 382 379 196 367 226 155 160 433 184 324 256 241 427 73 233 352 68 337 123 210 192 246 428 252 403 343 307 167 484 21 191 77 114 470 166 402 440
185 474 69 330 199 395 261 140 478 494 33 224 322 189 156 483 47 71 176 118 406 99 418 148 338 260 214 141 111 481 468 162 375 299 250 206 50 490 137 94 144 79 48 182 149 280 248 6 326 126 81 119 53 457 369 295
