18435
185 143 85 102 397 98 491 419 40 278 345 27 294 272 385 12 228 497 495 127 227 471 312 342 14 481 232 152 499 353 456 442 493 76 421 83 472 220 445 249 251 86 236 464 237 270 19 107 239 49 100
287 259 452 51 84 453 500 303 492 425 489 74 128 35 487 316 263 462 57 388 16 465 213 348 159 317 437 305 30 59 1 467 443 116 380 355 319 10 354 363 479 179 104 432 163 207 169 93 267 369 95
277 29 64 341 293 54 261 106 133 211 351 110 336 399 125 217 476 25 28 208 367 269 145 173 141 184 197 430 364 105 187 325 304 302 281 381 210 276 450 333 13 149 280 248 6 484 21 191 77 39 391 384 205
158 11 368 129 103 350 311 92 75 291 412 372 417 42 331 377 379 8 329 226 155 160 315 26 454 32 120 485 356 7 202 90 266 466 340 334 365 132 112 416 177 268 426 371 285 166 56
17 136 80 18 164 168 170 153 320 289 33 224 292 458 360 229 186 87 122 400 201 411 223 414 347 435 375 299 63 404 257 238 488 408 378 36 386 183 3 20 52 273 413 171 146 457 349 150
265 284 477 242 108 420 121 300 38 396 370 253 181 135 82 212 44 65 78 99 418 91 449 41 193 407 434 401 327 392 429 262 72 190 230 137 94 79 48 182 195 480 431 258 423 4 5 81 119 53 58 101 438 402 440
113 424 204 318 298 366 335 88 194 70 389 282 288 446 131 243 459 410 290 62 34 157 433 324 374 451 250 206 50 490 245 215 67 428 198 124 301 115 310 274 309 314 161 235 147 448 23
308 180 373 219 409 463 140 478 494 387 447 498 283 139 117 390 37 15 97 376 422 279 43 241 427 73 233 352 68 337 123 271 246 346 362 252 403 209 96 275 441 323 358 175 470 475 339 89 439
255 203 328 234 165 134 60 361 142 61 218 322 189 156 483 47 151 188 382 415 148 338 260 214 222 482 256 468 162 469 244 216 46 264 313 192 254 130 343 307 167 326 126 297 383 114 55 172 2
474 69 330 199 395 359 486 306 66 174 200 221 436 332 45 22 71 176 118 406 196 247 398 496 111 138 321 240 9 344 296 24 460 405 144 154 225 31 473 109 444 231 393 286 455 357 461 178 394 295
