18435
287 259 452 51 84 60 361 142 278 221 436 332 45 22 476 118 122 99 15 97 376 141 159 317 437 232 427 73 299 304 302 281 245 192 346 362 343 307 167 326 126 309 314 161 235 100 2
277 424 204 318 298 453 500 351 253 322 189 156 483 47 151 78 388 449 41 193 422 184 26 347 435 375 244 216 46 264 238 488 266 466 340 198 132 484 21 191 77 114 267 101 349
158 11 368 129 103 261 106 133 211 370 492 425 489 74 128 35 487 316 42 28 382 415 400 201 411 315 197 256 468 162 469 233 352 68 337 123 137 94 144 254 130 195 480 431 258 104 432 81 119 53 457 56
185 143 85 102 397 98 170 153 320 289 33 224 447 282 288 446 131 12 208 196 290 62 34 496 222 482 240 9 344 353 296 24 460 405 215 67 246 428 10 473 109 444 231 393 286 455 357 461 178 438 172 448 23
265 284 477 242 108 420 366 335 88 40 61 218 292 458 360 229 272 385 188 57 497 495 127 348 312 324 481 241 32 120 485 356 7 202 380 154 225 31 251 86 236 275 441 268 426 371 369 295
17 136 80 18 164 121 300 38 396 194 70 181 135 82 212 44 65 462 459 379 418 91 367 226 155 227 471 342 414 327 152 499 456 442 493 76 421 408 378 252 403 209 96 115 310 274 297 383 39 391 394 147 150
113 29 64 341 293 54 463 140 478 494 200 389 27 294 263 25 87 228 148 338 260 160 433 434 138 364 305 374 451 250 206 50 490 381 210 83 472 220 36 386 183 3 20 4 5 270 19 107 239 55 166 205
308 180 373 219 409 486 491 419 387 345 498 283 139 117 243 331 377 16 465 213 157 111 401 321 392 429 262 72 190 230 276 355 319 445 249 334 365 124 301 112 416 177 323 358 175 470 475 402 440
474 69 330 199 395 359 350 306 66 174 303 75 291 412 372 417 217 186 390 406 8 329 269 145 173 279 14 43 30 59 1 467 443 116 313 90 450 333 13 149 280 248 6 423 52 273 413 163 207 169 93 285 384 95
255 203 328 234 165 134 168 311 92 110 336 399 125 71 176 37 410 247 398 214 407 223 430 454 105 187 325 63 404 257 271 79 48 182 354 363 479 179 464 237 171 146 58 49 339 89 439
