5095
839 79 651 656 657 365 224 176 388 210 69 81 768 504 403 502 856 213 216 565 943 699 670 591 114 812 446 522 313 156 86 743 85 273 483 233 142 959 833 846 230 865 23 696 619 12 179 642 196 378 43 269 948 39 772 517 630 899 613 859 639 850 905 910 322 684 561 348
877 87 431 198 648 554 866 262 727 854 162 907 638 145 570 411 838 3 284 379 486 397 281 797 804 423 676 247 450 799 861 66 569 705 119 137 154 840 75 168 690 172 844 305 215 62 146 737 433 83 927 300 334 610 818 278 941 682 354 452 90 598 871 169 394 92 970 688 985
954 408 824 493 573 492 543 969 762 349 436 184 223 647 917 631 61 16 187 110 734 805 34 790 453 883 680 352 700 766 747 28 756 576 693 225 13 748 489 951 581 915 707 652 53 20 38 738 994 694 938 414 552 984 758 514 836 175 375 903 540 669 663 931 600 609
976 498 741 725 383 966 589 438 418 957 267 355 420 338 93 293 221 170 344 583 950 197 430 974 769 208 226 664 961 484 661 160 505 357 469 2 253 956 74 209 325 795 742 280 309 171 526 312 918 421 252 287 634 757 842 238 618 916 714 697 834 991 166 999
158 155 337 150 550 825 901 478 136 778 356 134 255 343 926 614 415 45 744 986 143 381 972 55 914 658 695 897 59 643 827 311 440 509 560 122 417 776 611 989 507 451 163 906 539 376 617 353 499 992 523 396 297 858 254 199 749 389 704 556 107 545 314
138 385 363 531 151 105 681 132 290 904 510 243 490 626 256 84 733 291 520 204 91 482 806 346 578 822 544 572 555 754 116 218 195 488 612 779 237 843 261 745 152 691 276 130 422 316 332 400 186 683 713 249 698 558 796 129 708 461 330 368 982 89 632 777 533 621 244 189
4 537 37 863 54 392 808 220 185 506 894 547 831 203 339 668 925 277 978 534 585 675 653 275 327 872 750 605 462 279 304 860 898 628 623 174 229 967 702 121 975 587 958 260 673 214 263 973 161 399 849 27 932 811 299 519 793 303 82 219 429 960 445
444 588 993 477 889 716 25 801 424 760 48 413 546 896 837 331 937 536 321 458 319 135 703 828 549 194 775 395 298 335 181 406 64 324 835 551 113 571 103 568 845 947 437 292 528 541 515 654 736 139 832 746 468 773 472 518 922 678 649 952 222 65 685 579 912 501 622 318 939 350
258 602 164 24 9 998 751 803 895 826 798 17 893 636 944 289 814 52 207 715 259 455 42 735 449 310 729 721 315 841 201 464 72 557 326 616 274 192 706 596 180 123 603 885 362 77 386 307 448 117 687 599 97 829 888 655 731 724 102 720 270 615 532
868 496 891 593 125 147 29 625 709 717 497 559 977 802 592 512 928 722 597 503 407 133 190 22 347 876 409 900 996 239 830 671 250 701 740 594 794 852 33 416 271 640 880 351 126 788 500 456 442 665 787 800 929 481 390 427 109 679 823 979 848 240 847 988 870
404 405 607 141 447 212 942 68 782 527 120 98 457 815 513 1 428 930 393 301 881 302 575 997 855 288 459 57 5 584 771 112 574 791 953 283 767 50 712 563 173 308 96 191 920 921 370 282 178 234 627 962 485 182 911 945 384 361 63 913 780 867 177 936 487 398 460 530
231 157 553 723 770 774 882 465 40 6 374 946 127 367 624 124 732 419 329 689 495 257 391 577 786 887 879 70 710 479 813 752 923 562 934 635 67 784 371 345 529 153 441 35 18 491 646 608 480 80 764 266 232 108 47 595 987 265 14 995 268 432 935 902 983 333 94 601 358 104
873 862 7 864 508 294 781 101 1000 115 851 810 730 272 892 475 342 633 711 369 890 650 644 586 382 99 582 439 131 251 242 761 620 118 629 924 516 564 295 193 521 111 718 19 728 692 470 474 364 821 666 245 100 36 340 21 454 807 248 471 641 816 659 820 360
76 336 538 990 955 228 535 719 645 128 765 463 366 401 686 580 940 359 567 933 606 60 296 857 377 667 753 792 759 819 511 949 963 73 95 494 783 26 320 373 909 789 306 410 434 106 387 853 235 473 874 58 739 285 875 817 372 466 443 886 56 200 323 525 785 144 964 672 426 49 965 660 241
30 202 341 165 467 328 236 41 44 971 726 677 11 159 31 264 15 188 968 884 402 140 919 10 435 763 548 183 425 227 205 211 46 8 566 78 869 217 980 88 71 317 51 167 524 604 662 286 590 149 32 755 246 412 637 206 981 674 809 908 542 878 380 476 148
