18466
265 284 477 199 395 359 463 140 478 494 387 70 75 292 458 360 229 272 385 118 377 99 418 290 62 34 496 471 407 434 430 454 105 187 325 304 302 281 245 144 83 472 220 252 403 343 307 167 104 432 163 119 207 239 285 438 56
143 85 373 219 409 350 335 88 370 253 181 135 82 212 44 243 331 379 196 367 269 145 173 422 317 14 138 321 232 435 469 233 352 68 337 123 313 276 355 319 445 249 354 363 479 179 464 237 309 461 161 384 402 440
17 136 242 108 420 121 306 66 174 303 492 322 189 156 483 47 131 25 87 12 228 91 148 338 260 157 433 342 481 468 162 375 244 216 46 264 238 488 254 130 334 365 132 112 416 191 77 114 55 166 295
113 424 204 80 18 298 453 500 351 61 425 291 412 372 417 217 117 390 459 388 15 97 376 141 184 26 256 240 9 344 63 404 257 271 450 333 13 473 109 444 231 393 286 455 357 53 457 100 2
185 474 69 330 102 397 98 491 419 40 224 389 27 294 71 176 122 415 16 465 411 315 197 414 364 305 374 451 353 296 24 460 405 215 79 48 182 209 96 115 21 126 81 169 93 235 147 150
308 180 318 54 486 300 38 396 289 200 447 498 283 139 151 28 382 449 41 193 111 401 327 427 73 299 250 206 50 490 137 421 266 466 340 36 386 183 3 310 177 268 426 371 267 101 349 205
277 29 64 341 293 84 366 311 92 278 489 74 128 35 487 316 263 188 57 8 329 226 155 214 279 347 152 499 485 356 7 76 67 154 225 31 195 480 431 258 423 52 273 413 171 146 58 475 339 95
255 203 328 234 165 134 168 170 153 320 33 110 345 399 125 42 37 410 247 398 213 348 222 482 392 429 262 72 190 230 202 381 210 192 346 362 10 251 86 236 484 274 314 297 383 39 391 394 172 448
287 259 452 51 164 60 361 142 336 282 288 446 186 78 208 400 201 160 159 223 43 241 32 120 456 442 493 380 246 428 149 280 248 6 326 20 4 5 270 19 107 178 369 23
158 11 368 129 103 261 106 133 211 194 218 221 436 332 45 22 476 65 462 406 497 495 127 227 312 324 437 30 59 1 467 443 116 94 90 408 378 198 124 301 275 441 323 358 175 470 49 89 439
