5095
976 498 87 651 431 862 150 554 866 392 825 901 478 136 355 420 374 11 580 570 567 815 513 1 3 329 319 135 703 828 549 194 140 819 735 99 57 5 406 752 923 562 13 748 489 745 784 276 507 718 422 587 332 994 921 378 473 43 269 249 698 875 817 372 466 899 238 859 793 89 935 556 107 545 314
76 824 198 531 224 176 388 210 68 782 527 120 896 977 343 592 60 534 585 503 881 226 664 55 298 459 116 799 218 195 488 494 783 2 253 956 852 789 690 172 975 19 441 728 737 186 456 442 764 266 232 108 47 595 987 265 14 995 525 542 878 669 663 931 600 532
158 30 336 385 553 723 770 774 762 349 436 506 894 547 490 626 84 213 272 838 943 699 944 289 884 402 822 644 680 352 900 450 160 505 576 693 846 229 103 564 152 776 563 53 451 163 126 400 362 491 386 874 414 973 161 399 849 390 941 922 330 618 916 90 697 979 936 487 398 460
444 868 725 993 477 467 328 236 41 44 184 223 647 502 145 367 624 124 264 892 583 415 734 805 34 790 792 759 586 382 710 479 439 643 66 959 574 791 840 909 371 712 434 106 738 196 604 918 938 821 666 245 287 634 758 514 829 888 809 908 679 823 82 219 166 988 870
839 231 537 990 955 550 808 220 185 128 267 778 356 826 798 255 221 170 15 950 197 430 974 769 578 133 190 22 855 288 754 963 73 315 671 569 835 620 118 629 566 78 295 652 121 130 215 62 515 524 683 832 149 992 558 485 182 911 945 678 649 254 199 749 389 177 92 970 688 609
79 404 493 341 228 882 465 957 765 463 366 686 256 668 61 419 284 379 495 257 391 804 423 676 879 511 766 747 28 830 95 860 898 740 594 560 915 706 596 980 123 906 539 171 83 214 263 523 396 297 518 811 299 639 913 432 720 983 659 965 660 241
4 337 363 7 54 535 719 645 40 6 48 946 810 730 733 291 520 204 91 482 806 346 577 786 572 914 743 85 273 813 612 779 237 843 953 951 767 306 611 640 619 12 603 885 526 312 662 286 590 746 39 772 929 481 842 454 175 63 850 905 912 270 615 104
877 155 656 492 891 593 889 716 25 781 101 1000 115 851 127 17 893 933 565 321 475 342 633 711 369 143 453 883 347 70 658 695 897 59 827 205 705 464 623 174 230 924 75 209 691 989 20 38 351 51 167 18 673 480 739 285 627 962 412 757 981 674 222 248 471 641 816 322 429 960 445
258 602 405 607 141 447 212 942 625 709 717 134 293 359 926 689 486 814 52 207 715 259 555 435 763 861 227 142 250 119 113 571 865 23 33 437 111 529 153 191 920 77 617 927 300 665 787 800 517 630 206 461 427 519 807 982 785 144 964 704 991 240 847 999
873 202 496 969 125 147 29 971 726 677 401 203 339 98 457 937 536 458 428 930 114 812 446 208 522 313 919 86 247 949 279 584 64 324 833 509 261 283 568 947 50 325 795 528 179 853 788 433 370 282 178 234 32 755 246 36 340 21 443 836 109 375 714 598 632 169 380 476 561 348
138 383 543 151 105 681 132 290 904 510 638 497 940 216 344 296 857 377 667 301 653 381 972 156 10 700 582 548 181 304 251 242 761 72 557 326 616 274 581 417 869 193 410 844 305 309 470 500 646 608 421 334 610 818 278 708 613 952 354 303 910 501 622 318 939 350
954 741 538 657 365 24 9 998 751 803 895 338 93 159 802 925 277 978 188 968 675 407 775 395 876 409 335 483 233 771 112 211 46 8 516 845 416 217 521 88 71 317 35 235 376 307 448 117 687 599 97 886 56 368 268 780 867 672 394 848 684 985
408 37 863 966 589 508 294 69 81 768 504 403 917 837 331 411 606 512 928 722 597 393 890 650 544 887 750 605 484 661 996 183 425 756 841 201 701 225 934 635 67 192 168 271 180 880 541 692 736 139 713 948 468 773 472 27 682 361 65 685 579 834 49 820 360
588 648 165 438 418 801 424 760 831 856 559 31 636 614 45 744 986 753 275 327 872 42 462 310 729 721 131 357 469 628 26 320 373 967 702 696 173 308 96 316 642 958 694 353 499 552 984 637 384 200 323 452 903 540 426 533 621 244 189
157 573 164 864 262 727 854 162 907 243 413 546 631 732 16 187 110 670 591 397 281 797 302 575 997 455 961 449 239 311 440 551 137 154 794 122 74 707 345 292 742 280 387 146 654 260 474 364 58 80 252 100 796 129 932 858 655 731 724 102 871 902 777 333 94 601 358 148 530
