18435
308 180 318 54 121 300 38 396 289 33 224 489 74 128 35 487 316 42 25 87 12 228 91 290 62 34 214 312 342 347 152 499 353 296 24 460 405 381 276 408 450 333 13 473 109 444 231 393 286 455 323 358 114 470 49 339 205
185 474 69 330 51 164 359 350 311 92 40 278 218 221 436 332 45 22 476 65 462 377 379 418 16 465 160 315 317 401 364 305 30 59 1 467 443 116 313 266 466 340 354 363 479 179 104 432 81 119 53 457 100 440
158 11 368 129 103 486 306 66 174 303 492 389 282 288 446 117 390 382 99 15 97 376 141 111 241 427 73 233 352 68 337 123 137 421 48 182 149 280 248 6 464 237 268 426 371 55 166 448
255 203 328 234 165 134 168 170 153 320 194 181 135 82 212 44 243 331 388 367 226 155 157 433 279 414 327 392 429 262 72 190 230 202 380 83 472 220 334 365 132 112 416 177 309 314 161 235 349 150
113 29 64 341 293 397 98 491 419 351 61 322 189 156 483 47 71 176 118 122 415 8 329 269 145 173 159 434 437 321 232 435 375 299 250 206 50 490 245 215 67 254 130 36 386 183 3 20 52 273 413 171 146 58 475 402 2
287 259 452 242 108 420 463 140 478 494 387 336 498 283 139 272 28 78 208 196 400 201 411 471 222 26 256 468 162 469 244 216 46 264 94 144 154 225 10 251 86 236 258 423 4 5 270 19 107 239 285 438 172 23
143 85 102 84 453 500 200 425 291 412 372 417 217 186 188 57 148 338 260 496 184 324 43 32 120 485 356 7 210 79 428 252 198 124 301 115 310 274 163 207 169 93 267 101 89 439
265 284 477 199 395 261 106 133 211 370 253 447 27 294 151 459 497 495 127 348 422 482 454 105 187 325 456 442 493 76 90 355 319 445 249 343 307 167 484 21 191 77 39 391 369 295
277 424 204 80 18 298 366 335 88 70 75 292 458 360 229 131 385 406 449 41 193 407 197 430 138 374 451 304 302 281 271 192 246 346 362 31 195 480 431 275 441 357 461 178 394 147 56
17 136 373 219 409 60 361 142 110 345 399 125 263 37 410 247 398 213 227 223 14 481 240 9 344 63 404 257 238 488 378 403 209 96 326 126 297 383 175 384 95
