18466
185 113 29 64 341 293 84 60 361 142 253 292 458 360 229 476 65 78 16 465 411 317 430 138 364 305 105 187 325 63 404 257 238 192 408 450 333 13 149 280 248 6 104 432 171 146 457 369 2
277 424 204 318 54 121 300 38 396 289 200 447 282 288 446 186 37 196 400 201 160 111 437 374 451 296 24 460 405 488 378 334 365 132 112 416 191 77 39 391 101 147 89 440
255 203 328 234 165 134 168 106 133 211 278 218 221 436 332 45 22 71 176 118 228 8 329 269 145 173 422 26 347 152 499 485 356 7 76 421 355 319 445 249 195 480 431 258 423 52 273 413 309 461 178 384 402
17 136 80 18 298 366 335 88 370 492 425 489 74 128 35 487 316 42 462 12 208 367 226 155 214 471 159 223 482 256 241 427 73 233 352 68 337 123 154 225 31 251 86 236 310 177 268 426 371 267 100 295
474 69 330 102 397 98 170 153 320 194 322 189 156 483 47 151 28 382 379 410 247 398 213 157 315 197 401 240 9 344 353 456 442 493 245 215 67 246 83 472 220 403 209 96 231 393 286 455 323 358 114 470 49 339 95
158 11 368 129 103 261 140 478 494 387 70 75 291 412 372 417 217 131 25 87 122 415 91 290 62 34 227 433 434 414 327 392 429 262 72 190 230 202 381 210 90 346 362 10 473 109 444 115 21 126 81 169 93 285 349 150
308 180 199 395 359 463 311 92 40 110 345 498 283 139 272 385 243 331 377 99 418 15 97 376 312 324 454 32 120 304 302 281 271 48 182 36 386 183 3 484 274 314 297 383 175 475 439
265 284 477 242 108 420 453 500 33 224 389 27 294 263 390 406 449 41 260 496 141 407 342 481 468 162 469 244 216 46 264 313 276 266 466 340 343 307 167 275 441 357 53 58 394 172 448 23
287 259 452 51 164 486 491 419 351 61 181 135 82 212 44 188 57 388 148 338 193 184 279 14 321 232 435 375 299 250 206 50 490 137 94 144 79 428 252 354 363 479 179 464 237 270 19 107 239 55 166 205
143 85 373 219 409 350 306 66 174 303 336 399 125 117 459 497 495 127 348 222 43 30 59 1 467 443 116 380 254 130 198 124 301 326 20 4 5 163 119 207 161 235 438 56
