18435
185 143 85 102 84 366 311 92 40 61 75 292 458 360 229 71 176 87 12 228 449 41 260 160 312 223 482 327 32 120 485 356 7 202 488 408 378 252 403 343 307 167 104 432 163 207 169 93 267 369 440
265 284 477 199 395 168 170 153 320 289 33 110 336 399 125 42 415 410 290 62 34 214 315 317 401 364 305 392 429 262 72 190 230 76 421 48 182 149 280 248 6 326 126 297 383 39 457 349 150
308 180 318 54 261 106 133 211 194 492 345 498 283 139 263 462 188 57 379 91 148 338 193 433 184 197 256 468 162 375 244 216 46 264 380 192 450 333 13 251 86 236 112 416 177 81 119 53 470 101 438 172 295
255 203 328 234 165 134 60 361 142 278 447 282 288 446 186 390 37 388 15 97 376 407 414 374 451 250 206 50 490 238 266 466 340 198 124 301 231 393 286 455 323 358 175 475 402 23
474 69 330 51 164 359 463 140 478 494 200 389 27 294 272 377 497 495 127 348 422 279 43 241 427 73 299 63 404 257 137 94 144 154 225 36 386 183 3 484 21 191 77 114 391 49 100 2
158 11 368 129 103 486 300 38 396 387 70 181 135 82 212 117 118 122 8 329 226 155 157 324 454 105 187 325 304 302 281 313 90 83 472 220 445 249 334 365 132 115 310 274 171 146 58 384 205
17 136 80 18 298 453 500 303 218 221 436 332 45 22 476 25 78 16 465 213 227 471 159 434 430 138 30 59 1 467 443 116 215 67 246 254 130 354 363 479 179 464 237 270 19 107 239 55 166 448
287 259 452 242 108 420 121 306 66 174 322 189 156 483 47 151 28 382 247 398 496 222 26 481 240 9 344 296 24 460 405 381 210 79 428 209 96 258 423 52 273 413 309 314 161 235 89 439
277 424 204 373 219 409 350 335 88 370 253 291 412 372 417 217 131 385 243 459 208 196 400 201 411 342 14 347 435 469 233 352 68 337 123 271 355 319 10 473 109 444 20 4 5 357 461 178 394 147 95
113 29 64 341 293 397 98 491 419 351 224 425 489 74 128 35 487 316 44 65 331 406 99 418 367 269 145 173 141 111 437 321 232 152 499 353 456 442 493 245 276 346 362 31 195 480 431 275 441 268 426 371 285 339 56
