5095
976 498 157 573 164 607 550 825 901 506 894 547 831 203 896 98 359 567 815 513 512 928 722 744 986 143 226 156 247 695 897 505 64 324 835 574 791 560 74 209 295 690 980 528 422 167 260 694 353 499 992 523 396 297 390 384 254 908 679 823 177 426 429 960 445
158 404 493 7 54 141 716 25 41 801 803 895 413 546 255 31 933 344 3 329 734 805 34 790 792 759 855 879 352 658 661 5 406 771 205 211 46 8 67 75 416 306 712 276 173 308 96 38 738 171 500 473 662 80 665 787 800 517 630 987 265 14 354 452 903 540 672 777 533 621 244 985
4 868 431 648 165 447 212 645 128 267 355 420 374 946 580 940 170 892 583 475 45 930 974 769 578 804 423 750 605 743 85 273 483 233 251 923 562 13 748 489 192 564 776 410 88 71 215 441 728 788 196 186 386 307 448 117 687 599 97 932 461 981 674 655 913 432 935 991 970 688 532
877 138 602 862 150 966 589 176 388 210 68 782 527 11 339 668 216 520 60 458 428 597 814 52 207 715 259 872 42 876 754 116 729 721 95 242 761 26 326 616 274 951 784 652 640 507 12 62 906 539 433 83 269 421 764 266 232 108 47 595 427 952 222 65 685 579 912 983 659 684 189
954 408 824 725 383 228 467 328 236 957 781 101 1000 115 851 367 124 61 16 187 943 699 689 495 257 391 775 455 382 710 996 183 425 756 860 898 628 509 635 745 702 596 121 434 844 153 191 920 921 378 43 938 590 149 627 962 36 340 21 443 886 56 323 525 303 871 816 322 240 847 561 348
741 37 863 554 866 535 719 294 44 904 424 726 677 401 686 127 570 457 592 204 950 670 591 393 301 407 133 190 22 586 86 409 335 479 439 131 494 783 2 253 956 915 707 611 989 975 179 146 958 362 604 874 286 414 234 39 772 929 481 842 330 618 731 89 910 92 622 318 241
258 656 990 955 864 262 727 854 510 243 917 17 732 419 284 379 675 653 822 544 572 555 435 766 747 584 112 237 843 261 283 967 706 696 292 123 163 351 51 642 994 491 646 370 282 178 468 773 472 518 613 175 63 850 905 979 556 107 545 314
839 79 651 496 891 593 882 465 69 81 768 504 403 120 631 272 565 321 296 197 430 114 812 446 208 522 313 919 288 700 582 548 181 304 841 201 464 72 557 594 230 122 516 845 947 345 521 111 529 451 309 18 673 713 746 32 755 246 412 637 27 922 678 649 109 916 90 878 720 333 94 601 358 104
30 385 363 341 224 508 942 765 463 366 338 93 559 977 802 264 15 91 482 806 346 650 644 347 298 459 763 239 315 671 569 705 551 137 154 840 581 568 168 325 795 742 280 541 692 470 683 442 249 285 552 984 466 911 682 859 793 724 102 867 669 380 476 988 870
155 337 405 24 9 998 478 162 647 490 626 810 84 213 893 937 536 857 377 667 753 453 883 664 55 10 99 57 813 227 142 576 693 225 934 373 103 23 33 193 180 20 126 400 526 456 480 821 334 610 818 278 899 945 454 361 268 780 632 663 931 600 609
873 538 531 151 105 681 132 290 184 223 907 638 856 837 733 291 606 110 319 135 703 828 549 194 140 676 961 449 310 218 195 488 752 959 833 740 320 229 566 78 152 691 563 53 718 19 316 35 515 524 312 918 214 948 161 399 758 514 811 299 639 749 389 902 936 487 398 460 530
444 588 723 770 889 438 418 751 136 778 356 497 159 624 925 277 614 342 633 503 881 302 575 997 680 511 949 963 73 827 311 440 620 118 629 924 767 371 172 880 603 235 376 617 927 300 252 287 634 849 941 829 888 809 375 714 598 704 501 49 965 660 939 350
202 553 993 477 125 147 29 625 6 48 134 343 926 1 415 944 289 486 397 281 797 381 972 819 735 900 279 28 830 612 779 119 113 571 865 417 869 437 130 317 853 737 608 739 666 245 558 485 182 206 238 368 982 542 697 834 270 615 148
76 336 198 657 365 969 762 349 436 971 760 502 145 293 221 636 978 188 968 711 369 890 577 786 395 914 462 450 160 59 643 357 469 701 623 174 953 909 50 217 106 387 332 654 77 474 364 58 263 973 100 796 129 708 858 995 785 144 964 82 219 394 166 999
231 87 537 492 543 774 392 808 220 185 40 709 717 826 798 256 730 331 411 838 534 585 884 402 275 327 887 70 484 799 861 66 250 846 794 852 789 271 619 305 587 885 736 139 832 698 875 817 372 757 836 200 519 807 199 248 471 641 169 848 820 360
