5095
976 258 537 405 24 9 998 40 709 717 134 255 31 933 16 187 60 512 928 722 597 393 890 650 644 855 879 511 949 5 406 315 112 237 843 373 909 967 168 776 611 989 20 38 603 885 362 736 139 58 414 552 984 340 21 922 886 56 368 916 90 540 935 902 270 965 660 241
158 30 87 538 363 7 54 141 262 727 854 44 904 81 101 1000 115 946 580 570 291 520 204 91 482 806 346 208 226 872 42 735 449 996 183 425 227 494 783 623 174 489 915 564 691 980 507 718 19 316 35 18 604 662 499 234 523 396 757 708 330 175 982 785 144 964 426 333 94 601 358 148
877 157 553 993 477 716 25 128 765 463 366 826 798 256 17 893 636 1 296 284 379 495 257 391 577 786 572 156 10 700 582 897 59 827 569 835 574 791 748 560 67 75 209 706 217 521 975 441 167 654 83 282 178 973 100 36 297 518 613 254 199 248 471 641 704 169 380 476 985
839 231 741 202 496 891 593 889 438 418 957 506 894 547 917 730 733 411 419 458 428 930 711 369 143 453 883 664 55 914 743 85 273 813 771 357 469 119 13 229 566 516 152 371 712 180 123 422 309 737 260 312 918 214 948 39 772 517 630 911 945 678 649 859 793 303 632 777 533 621 244 189
498 824 198 657 365 969 125 147 29 781 6 374 851 896 837 359 567 61 344 583 475 734 805 34 790 792 759 586 876 409 335 310 218 195 488 251 242 761 72 557 326 616 274 852 784 707 193 640 619 12 179 853 788 196 617 927 300 149 992 558 796 129 836 200 908 679 823 177 936 487 398 460 530
4 408 431 150 864 508 942 68 782 527 686 339 98 925 277 978 950 197 430 974 769 578 133 190 22 347 99 57 279 584 205 705 464 740 594 230 122 417 295 50 325 276 173 528 738 994 683 938 80 698 875 817 372 466 27 858 519 222 65 685 389 669 166 988 870
79 404 862 492 543 151 882 465 751 803 895 338 93 940 216 565 943 699 944 289 884 402 381 972 86 247 116 799 861 66 923 562 113 571 951 767 596 121 529 451 163 351 51 692 470 921 694 353 739 666 245 287 634 849 842 454 323 724 102 910 219 394 92 622 318 939 350
76 337 725 573 164 607 550 825 901 69 136 778 356 497 810 559 331 926 614 342 633 114 812 446 140 555 900 661 479 439 643 311 440 225 934 261 23 33 869 690 292 308 96 541 126 400 378 473 43 269 821 334 610 818 278 899 443 238 952 354 452 579 871 720 429 960 445
873 588 341 228 447 212 294 801 424 726 677 401 120 127 84 213 272 606 415 45 744 986 753 275 544 819 352 658 695 729 721 131 612 779 26 320 953 103 568 702 271 172 153 191 920 433 307 421 764 266 232 108 47 595 461 981 674 655 749 432 816 983 659 684 561 348
954 336 493 648 165 467 328 236 41 625 768 504 403 502 145 367 624 124 264 15 670 591 397 281 797 804 423 676 70 754 963 73 671 324 833 846 840 581 845 696 130 387 146 235 673 713 665 787 800 929 481 390 941 384 109 375 714 598 834 991 970 688 532
155 531 866 535 719 645 478 162 647 203 159 343 815 513 3 329 689 486 814 52 207 715 259 680 961 484 483 233 142 576 693 2 253 956 192 434 844 305 728 958 186 386 874 286 263 32 755 246 412 637 987 265 14 995 525 89 979 848 240 847 999
138 385 383 770 774 392 808 220 185 267 355 420 48 413 546 668 937 536 110 319 135 703 828 549 194 775 395 382 710 160 505 64 898 628 509 635 924 652 88 71 215 62 906 539 171 77 474 364 448 117 687 599 97 206 427 809 63 850 905 912 501 49 820 360
444 602 990 955 554 105 681 132 290 971 760 831 856 293 221 170 838 857 377 667 301 881 302 575 997 455 750 605 462 450 239 830 95 860 959 211 46 8 865 78 789 306 437 563 53 880 642 524 376 370 442 249 285 627 962 485 182 829 888 618 731 542 867 672 556 931 107 545 314
868 37 863 966 589 176 388 210 184 223 907 243 490 626 631 457 592 534 585 503 407 522 313 919 298 459 763 548 181 304 752 250 620 118 629 745 947 345 795 742 280 587 332 500 456 480 590 746 468 773 472 932 811 299 807 639 913 903 878 663 600 609
651 656 723 224 762 349 436 510 638 11 977 802 732 892 321 188 968 675 653 822 327 887 288 435 766 747 28 756 841 201 701 551 137 154 794 283 74 416 410 111 106 317 515 526 491 646 608 832 252 161 399 758 514 682 361 268 780 697 82 322 615 104
