13090
61 381 656 543 152 165 144 148 48 504 494 248 620 199 19 651 431 383 380 126 96 310 463 455 163 512 217 443 124 190 262 41 29 414 366 482 402 547 192 198 663 399 174 528 662 285 202 462 572 573 362 256 82 2 7 580 28 156 670 499 452 678 599
564 314 38 209 426 76 44 549 683 417 140 307 274 450 164 234 172 276 108 80 526 47 266 350 230 257 30 664 261 440 322 288 677 618 487 384 292 158 616 129 117 267 458 68 98 271 532 85 193 536 280 457 101 359 254 5 434 481 305
460 337 584 433 681 398 72 9 251 583 145 515 10 155 655 626 613 413 328 611 355 430 104 699 631 473 624 582 698 252 403 518 73 32 260 244 700 229 641 649 331 472 374 295 232 169 647 78 625 498 214 1 113 519
225 565 527 597 605 329 116 623 351 212 18 661 45 465 178 59 539 368 516 352 159 480 471 52 100 453 369 42 371 682 63 451 689 695 510 240 333 525 340 224 123 391 396 222 137 94 669 363 227 8 638 520 595
693 357 667 315 290 427 336 170 606 55 105 592 551 545 300 696 265 306 13 151 281 411 92 401 644 437 416 11 309 445 420 356 633 23 506 58 497 544 90 562 675 67 70 243 65 171 109 22 412 206 259 26 182 358 185 501 34 211 489
316 367 93 522 318 567 590 121 195 213 593 112 628 334 419 343 194 614 635 187 136 505 503 382 133 694 485 110 365 167 409 25 347 54 468 464 639 657 317 500 71 205 294 600 313 228 119 680 404 115 424 323 410 324 470 349
660 608 264 423 665 629 491 273 432 552 615 469 561 575 392 521 439 250 514 637 461 301 658 33 361 245 81 344 4 325 477 646 168 353 688 538 617 134 524 311 138 563 385 51 496 555 671 320 102 672 513 406 6 540 289 535 456 166
653 586 277 652 604 554 131 141 177 125 612 36 183 17 268 346 632 550 242 173 279 269 379 312 454 511 339 428 319 239 40 35 204 297 697 418 507 186 576 589 270 15 64 495 143 21 37 364 62 376 326 147 578 395 154 345 221 142 425 184 591 293 188
609 139 542 408 237 541 286 153 287 387 566 150 585 407 372 488 634 16 645 210 386 258 60 253 676 436 69 502 594 517 56 208 475 236 390 673 181 447 160 12 421 568 86 46 107 120 342 275 246 20 77 596
263 130 389 215 87 66 338 149 686 3 643 479 483 441 282 95 654 111 14 127 27 397 348 449 278 291 308 341 83 581 459 233 478 508 377 373 43 375 509 360 31 685 74 610 114 189 636 574 191 486 466 99 39 442 196 569 176 537 692 400 429
588 601 684 587 650 559 679 648 284 79 235 523 226 493 330 180 548 619 247 490 557 530 422 299 393 335 200 534 75 91 444 332 179 249 570 579 533 201 220 203 546 529 89 435 255 476 106 241 132 659 388 571 128 84 560 394 467 627 438 57 118 691 50
577 304 197 162 175 216 640 302 122 88 405 354 448 103 231 223 49 607 303 327 602 135 378 283 630 666 415 24 558 690 603 219 321 598 556 238 492 157 687 207 97 53 218 370 484 622 621 531 674 161 642 272 446 474 668 146 298 553 296
