5095
976 258 537 862 7 54 141 467 328 236 41 69 81 768 504 403 490 626 256 84 213 170 565 415 45 930 114 812 446 522 313 919 961 85 273 548 218 195 488 752 923 574 791 840 745 776 292 130 62 146 958 186 683 713 249 698 875 817 372 466 514 330 175 375 102 871 816 777 533 621 244 532
954 408 824 493 657 365 866 392 825 901 478 424 778 356 826 798 293 221 636 512 689 495 257 391 804 423 876 743 57 181 406 95 242 761 72 557 594 230 924 192 564 295 306 611 521 111 528 422 215 441 728 692 470 673 214 263 973 161 399 758 899 836 254 199 542 697 935 219 380 476 358 189
498 741 431 383 543 554 535 719 294 765 760 48 497 159 624 893 411 15 329 284 379 675 653 650 644 855 288 435 763 439 131 251 324 835 26 320 489 581 516 845 947 50 712 563 305 351 51 167 171 526 456 442 149 992 287 634 849 842 981 674 809 913 90 910 501 49 820 360
444 157 405 228 882 465 957 801 971 726 677 502 145 570 567 933 16 187 1 296 928 722 744 986 753 275 327 887 914 449 996 239 643 841 201 628 509 261 23 209 706 652 121 434 507 718 603 885 500 139 832 764 266 232 108 47 595 613 655 731 724 432 177 848 684 561 348
4 337 725 573 164 607 550 808 220 185 40 709 717 917 837 331 732 606 978 534 585 486 711 369 143 381 972 555 754 116 799 861 66 569 464 740 326 616 274 566 33 371 325 180 106 317 906 539 260 646 608 480 739 252 523 396 757 27 932 945 454 807 639 268 903 540 669 663 931 601 148 530
839 30 336 602 496 891 864 262 727 854 44 803 895 856 631 124 61 344 60 475 342 633 393 890 792 759 586 298 459 310 729 721 227 64 898 701 623 174 953 103 784 707 596 980 20 587 196 736 43 269 421 285 627 962 36 340 21 922 678 649 952 354 452 780 878 720 991 970 688 985
158 155 588 553 993 477 125 147 29 625 6 338 93 559 802 925 277 110 670 591 814 52 207 775 395 879 352 710 5 584 612 779 237 843 373 852 416 437 529 975 191 920 694 938 80 666 245 558 485 182 858 859 793 303 632 659 965 660 939 350
877 138 538 648 165 447 212 942 68 782 527 413 546 367 937 536 950 197 430 974 769 578 715 259 455 750 605 658 695 897 505 205 705 551 113 571 865 568 168 690 172 844 153 642 18 83 927 300 334 610 818 278 206 427 109 982 89 169 394 92 622 318 241
79 385 723 770 774 762 349 436 904 510 243 851 810 977 343 815 513 583 734 805 34 790 822 544 872 819 735 462 483 233 827 860 959 833 846 748 560 67 767 691 640 173 308 96 163 738 235 376 370 282 178 468 773 472 443 886 56 618 248 471 641 704 426 94 600 609
76 651 198 150 151 105 681 132 290 162 647 946 127 730 733 264 892 321 458 428 597 503 407 453 883 680 247 335 479 813 494 783 2 253 956 915 193 795 742 280 38 309 994 474 364 821 665 787 800 517 630 911 829 888 361 63 850 905 902 556 107 545 314
873 492 593 889 716 25 267 463 366 401 120 339 98 359 216 838 614 319 135 703 828 549 194 140 676 382 700 582 183 425 756 311 440 620 118 629 951 417 789 410 88 71 387 332 654 77 617 353 414 39 772 929 481 390 941 384 200 323 749 389 82 322 166 988 870
231 202 363 531 224 176 388 210 128 506 894 547 831 203 17 926 943 699 944 289 884 402 133 190 22 347 511 766 747 28 830 671 576 693 225 934 635 122 78 702 271 989 451 35 515 524 491 386 307 448 117 687 599 97 987 265 14 995 525 785 144 964 979 429 960 445
404 656 990 955 969 438 418 751 136 355 420 374 11 580 940 457 592 204 91 482 806 346 208 226 664 55 86 409 900 450 160 59 771 112 562 13 229 909 967 152 696 53 880 541 126 788 433 312 662 499 234 32 755 246 412 637 461 238 368 916 714 598 867 834 983 333 240 847 999
868 37 863 966 589 508 645 184 223 907 638 686 896 668 291 520 3 188 968 397 281 797 577 786 572 156 70 484 661 963 73 315 142 250 211 46 8 75 217 619 12 179 853 400 362 378 473 874 286 590 746 100 796 129 708 682 519 222 65 685 579 912 936 487 398 460
87 341 24 9 998 781 101 1000 115 134 255 31 272 419 857 377 667 301 881 302 575 997 42 10 99 949 279 304 357 469 119 137 154 794 283 74 869 345 276 123 19 316 737 921 604 918 58 948 552 984 297 518 811 299 908 679 823 672 270 615 104
