18455
255 203 328 234 165 134 168 106 133 211 370 253 389 282 288 446 117 243 228 290 62 34 157 315 317 414 347 435 469 233 352 68 337 123 137 94 266 466 340 334 365 124 301 231 393 126 297 383 114 391 475 2
277 424 204 80 18 298 366 335 88 33 224 75 291 412 372 417 217 131 385 459 208 410 247 398 213 227 433 184 197 26 138 364 305 105 187 325 63 404 257 313 210 192 246 83 472 220 252 198 132 275 441 309 461 178 235 438 172 448
113 29 64 341 293 84 453 500 194 70 181 135 82 212 44 65 118 377 388 400 201 411 471 407 223 14 321 240 9 344 456 442 493 245 144 154 225 31 473 109 444 115 286 455 323 358 175 470 166 56
185 143 85 373 219 409 486 491 419 351 110 322 189 156 483 47 151 87 12 379 497 495 127 348 422 342 481 468 162 375 244 216 46 264 238 488 355 319 445 249 251 86 236 464 237 268 177 81 169 93 55 339 95
287 259 452 51 164 359 463 311 92 61 218 221 436 332 45 22 71 176 188 57 99 418 91 148 338 260 496 141 454 152 499 353 296 24 460 405 381 215 67 346 362 403 343 307 167 326 20 4 5 270 19 107 161 49 100 295
474 69 330 102 397 98 170 153 320 289 278 336 399 125 263 462 122 8 329 269 145 173 312 324 43 241 32 120 304 302 281 271 79 428 10 354 363 479 179 310 274 314 426 371 267 101 89 440
158 11 368 129 103 261 140 478 494 387 345 498 283 139 186 331 406 16 465 214 222 401 327 392 429 262 485 356 7 202 276 408 378 195 480 431 258 423 52 273 357 53 457 369 402 23
265 284 477 242 108 420 121 300 38 396 40 492 292 458 360 229 476 390 37 449 41 193 279 430 232 427 73 299 250 206 50 490 421 254 130 209 96 112 416 413 163 119 207 239 285 349 205
17 136 199 395 350 306 66 174 303 447 27 294 272 25 28 382 415 196 367 226 155 160 159 434 437 374 451 72 190 230 76 90 48 182 36 386 183 3 484 21 191 77 39 394 147 439
308 180 318 54 60 361 142 200 425 489 74 128 35 487 316 42 78 15 97 376 111 482 256 30 59 1 467 443 116 380 450 333 13 149 280 248 6 104 432 171 146 58 384 150
