5095
158 87 651 37 863 966 589 438 418 751 136 778 356 413 546 559 977 802 925 277 699 944 289 884 402 822 544 887 298 435 763 439 95 494 783 846 489 581 23 33 371 563 53 844 305 728 692 470 186 386 307 421 252 287 634 758 514 682 618 731 724 102 910 92 622 318 939 350
954 157 198 723 891 593 105 681 132 290 424 726 677 401 203 159 343 926 583 512 928 722 744 503 407 453 883 664 879 605 247 450 160 505 752 923 237 843 953 283 568 564 706 217 292 123 19 62 309 958 362 736 662 286 499 552 984 637 911 886 56 859 63 850 905 867 669 380 476 561 348
839 79 824 862 648 864 508 942 128 506 894 547 831 851 580 940 359 567 411 15 475 857 377 667 301 881 381 972 819 352 484 279 28 830 64 324 833 740 594 230 924 192 707 696 980 88 71 387 642 18 378 473 43 269 80 666 245 100 796 129 613 807 639 268 903 540 672 983 663 600 532
877 138 385 363 990 955 24 9 998 40 709 717 497 810 17 893 933 838 296 45 930 711 369 143 522 313 919 86 99 949 963 73 315 671 250 509 635 865 78 152 345 172 451 422 906 539 235 608 832 334 610 818 278 987 265 14 995 525 785 144 878 902 501 49 965 660 241
231 537 496 969 467 328 236 957 765 463 366 490 626 896 668 815 513 204 950 670 591 114 812 446 208 715 259 455 855 511 766 747 584 898 574 791 229 566 516 789 271 521 20 38 351 126 604 874 590 746 523 396 297 708 858 368 916 714 598 871 720 991 166 999
976 155 337 725 573 164 151 882 465 44 971 760 48 134 624 124 61 344 60 91 482 806 346 578 133 190 22 55 914 743 85 273 483 861 771 112 562 13 794 122 967 168 776 611 640 106 317 51 737 77 617 353 739 764 266 232 108 47 595 945 384 361 248 780 697 219 394 970 688 985
444 404 150 228 176 388 210 68 782 527 338 93 293 216 16 187 3 342 633 814 52 207 327 347 876 710 996 181 304 612 779 623 174 748 560 67 915 295 306 690 180 308 96 163 738 994 921 312 918 938 414 234 39 772 517 630 206 461 330 109 982 303 816 659 684 609
30 336 656 657 365 224 262 727 854 904 510 243 686 255 221 170 606 978 534 585 486 397 281 797 302 575 997 872 750 409 335 897 59 643 66 569 705 119 137 154 840 745 691 121 434 742 280 316 146 400 500 456 442 285 627 962 36 340 21 443 836 354 89 935 270 615 148 445
4 602 405 607 550 825 901 29 625 6 374 11 339 98 636 321 458 689 495 257 391 804 423 676 70 900 661 479 813 205 211 46 8 784 702 528 191 171 694 214 263 992 558 485 182 932 238 200 323 452 471 641 979 936 487 398 460 530
76 538 383 770 774 392 808 220 185 267 355 420 917 570 457 592 110 197 430 974 769 226 555 459 57 5 406 827 311 440 2 253 956 417 437 989 507 718 215 441 853 788 433 83 927 300 665 787 800 929 481 842 829 888 254 199 749 389 834 426 429 960
498 741 202 492 543 554 889 716 25 41 69 81 768 504 403 826 798 367 31 264 892 1 329 319 135 703 828 549 194 775 395 382 754 116 799 233 142 576 693 225 934 261 74 869 193 410 111 529 153 541 167 524 491 646 370 282 178 973 161 399 849 390 981 674 655 913 90 964 82 169 333 94 601 358 104
408 531 866 762 349 436 184 223 907 638 120 127 84 213 732 520 614 428 597 393 890 577 786 572 156 10 700 582 218 195 488 841 201 701 551 113 571 852 845 416 596 276 173 130 603 885 376 139 821 149 32 755 246 412 757 518 454 175 375 432 704 777 533 621 244 189
868 493 341 165 447 212 645 781 101 1000 115 946 256 730 733 291 565 943 415 734 805 34 790 792 759 586 288 462 310 729 721 131 860 959 835 464 72 557 326 616 274 103 767 652 619 12 179 35 515 654 526 683 713 249 698 875 817 372 466 899 427 952 222 65 685 579 632 322 240 847 988 870
873 431 7 54 141 125 147 478 162 647 145 631 272 419 284 379 986 753 275 140 42 735 658 695 239 756 357 469 628 26 320 373 909 947 50 325 795 975 920 260 673 480 948 468 773 472 27 811 299 519 793 542 912 848 820 360
258 588 553 993 477 535 719 294 801 803 895 502 856 837 331 937 536 188 968 675 653 650 644 680 961 449 548 183 425 227 251 242 761 620 118 629 951 75 209 712 880 587 332 196 474 364 58 448 117 687 599 97 941 922 678 649 809 908 679 823 177 556 931 107 545 314
