5095
158 30 87 651 656 993 477 762 349 436 803 895 497 631 291 606 321 91 482 806 346 208 226 872 42 735 459 766 747 584 205 705 237 843 373 909 947 776 611 521 88 71 163 603 470 186 456 480 821 764 266 232 108 47 595 613 200 995 452 471 641 82 936 487 398 460 530
976 258 537 383 770 774 392 825 901 44 904 510 638 686 570 567 61 419 188 968 675 653 650 644 347 876 435 763 439 315 671 569 835 464 72 557 594 560 581 417 416 696 434 106 317 309 400 362 378 473 662 286 499 39 772 517 630 932 811 299 519 807 199 913 90 598 871 902 777 533 621 244 985
877 155 588 648 165 125 147 68 782 527 338 93 730 331 926 583 475 928 722 744 974 769 578 804 423 156 511 949 963 73 357 469 628 26 326 616 274 566 345 619 12 541 515 235 376 139 58 448 117 687 599 97 518 922 384 361 63 850 905 912 501 49 318 241
76 824 493 573 492 543 554 866 176 388 210 128 184 223 907 243 490 626 896 98 124 264 892 296 284 379 884 402 302 575 997 680 961 449 279 28 830 95 494 783 509 635 122 915 789 271 640 308 96 387 885 83 927 80 666 245 100 796 129 708 981 674 809 908 679 823 177 394 848 684 561 348
954 741 202 657 365 969 262 727 854 69 81 768 504 403 917 255 31 411 513 614 428 597 814 52 207 715 259 455 382 99 57 483 861 142 576 693 846 230 865 23 33 325 276 173 130 422 215 62 146 737 921 604 918 938 590 149 992 287 634 849 829 888 952 222 65 685 579 935 169 991 240 847 660 939 350
444 157 198 553 723 891 593 889 716 25 41 506 894 547 826 798 256 837 221 893 636 943 415 857 377 667 301 881 133 190 22 676 409 900 450 181 304 752 959 574 791 229 103 74 564 707 217 292 528 316 35 654 260 694 353 300 665 787 800 929 481 987 265 14 354 303 834 983 659 965 314
873 431 862 150 141 447 808 220 185 751 136 355 717 856 293 216 16 187 1 3 342 633 503 407 577 786 572 555 710 996 239 643 66 923 740 320 953 745 784 691 980 844 153 191 920 673 442 285 552 984 297 390 461 427 109 982 785 144 964 672 270 615 104
839 138 602 363 990 955 228 882 465 801 971 726 677 851 127 940 359 457 925 277 978 534 585 486 711 369 143 453 883 855 879 352 484 5 406 112 211 46 8 67 767 193 410 172 305 728 692 524 683 832 746 32 755 246 36 340 21 682 655 525 89 867 720 426 166 999
4 538 7 54 535 719 294 40 709 420 374 11 580 213 272 565 699 670 591 986 753 522 313 919 298 695 729 721 131 612 779 833 225 13 748 489 852 209 295 306 652 989 20 441 642 196 736 43 269 948 468 773 472 27 858 368 268 903 540 979 333 94 600 609
408 385 164 864 508 645 765 463 366 401 120 84 733 937 536 329 197 430 114 812 446 275 544 664 288 658 661 310 218 195 488 771 860 898 701 623 174 794 283 568 869 690 795 742 280 587 332 958 77 474 364 414 973 161 399 757 911 945 678 649 254 916 714 669 663 931 601 358 148 445
231 37 863 966 589 467 328 236 29 625 6 48 134 367 624 732 520 60 458 319 135 703 828 549 194 775 395 10 700 582 897 59 201 562 934 261 516 845 706 437 507 451 853 500 608 713 249 698 558 485 182 899 443 238 618 731 542 697 219 92 970 688 532
498 336 725 496 151 105 681 132 290 424 778 356 413 546 339 668 170 344 110 734 805 34 790 792 759 55 914 743 85 273 548 183 425 756 841 250 551 137 154 840 75 371 712 563 53 718 38 738 994 491 646 370 282 178 234 627 962 412 637 206 836 793 724 102 910 622 820 360
79 404 531 24 9 998 478 162 647 502 145 159 802 933 838 512 689 495 257 391 140 586 86 247 335 479 813 227 64 324 119 113 571 951 967 152 596 180 123 179 51 167 171 526 617 214 263 875 817 372 466 941 886 56 859 639 749 432 704 322 429 960
337 341 224 438 418 957 267 760 831 203 559 977 343 815 15 950 944 289 397 281 797 381 972 819 70 754 116 799 233 827 311 440 2 253 956 78 702 50 121 880 351 126 788 18 312 307 421 334 610 818 278 842 330 175 375 389 816 556 107 545 189
868 405 607 550 212 942 781 101 1000 115 946 810 17 592 204 45 930 393 890 822 327 887 750 605 462 160 505 251 242 761 620 118 629 924 192 168 111 529 975 19 906 539 433 386 874 739 252 523 396 758 514 454 323 248 780 878 632 380 476 988 870
