18455
185 474 69 330 51 164 359 121 300 38 396 303 218 221 436 332 45 22 476 243 331 377 379 418 91 148 338 260 160 43 30 59 1 467 443 116 215 67 246 266 466 340 36 386 183 3 310 274 314 426 371 161 49 339 89 2
265 284 477 199 395 486 491 419 387 345 399 125 316 42 390 459 99 196 290 62 34 227 471 407 223 482 327 392 429 262 72 190 230 202 380 192 154 225 10 354 363 479 179 464 237 268 177 81 169 93 267 101 402 440
113 29 64 341 293 397 350 335 88 370 253 489 74 128 35 487 272 385 37 449 41 193 159 434 256 241 427 73 299 250 206 50 490 137 94 144 79 48 182 403 209 96 112 416 309 461 178 235 438 150
17 136 80 18 298 453 500 194 492 322 189 156 483 47 131 25 12 415 367 269 145 173 433 342 414 347 32 120 304 302 281 381 210 83 472 220 149 280 248 6 104 432 163 119 207 239 55 166 95
308 180 318 54 261 106 133 211 351 110 336 282 288 446 117 57 16 465 496 317 305 374 451 353 296 24 460 405 245 428 343 307 167 484 21 191 77 114 391 349 439
287 259 452 242 108 420 463 140 478 494 33 70 447 498 283 139 71 176 118 122 388 400 201 411 312 324 437 240 9 344 63 404 257 271 408 378 252 195 480 431 258 423 52 273 413 171 146 58 394 147 56
255 203 328 234 165 134 60 361 142 200 425 291 412 372 417 217 186 28 406 410 247 398 213 157 315 197 26 481 468 162 469 233 352 68 337 123 421 346 362 31 473 109 444 115 286 455 357 53 475 172 448 23
143 85 373 219 409 168 306 66 174 61 389 27 294 263 78 208 8 329 226 155 214 422 184 279 14 454 105 187 325 456 442 493 238 488 355 319 445 249 334 365 124 301 231 393 126 297 383 39 285 384 205
158 11 368 129 103 98 170 153 320 289 278 75 292 458 360 229 151 87 228 497 495 127 348 111 430 138 321 232 152 499 485 356 7 76 276 450 333 13 251 86 236 275 441 323 358 175 470 100
277 424 204 102 84 366 311 92 40 224 181 135 82 212 44 65 462 188 382 15 97 376 141 222 401 364 435 375 244 216 46 264 313 90 254 130 198 132 326 20 4 5 270 19 107 457 369 295
