18455
158 11 368 129 103 486 491 419 387 70 75 292 458 360 229 272 385 331 406 99 418 497 495 127 348 222 26 347 152 499 353 456 442 493 67 154 225 249 354 363 479 179 310 274 314 426 371 161 235 100 2
185 474 69 330 51 164 453 500 278 218 291 412 372 417 42 118 228 16 465 193 422 184 197 401 364 105 187 325 63 404 257 245 215 79 48 182 195 480 431 104 432 171 146 470 101 438 172 295
265 284 477 199 395 359 350 311 92 40 492 425 489 74 128 35 487 316 131 25 28 122 8 329 269 145 173 433 434 437 321 240 9 344 296 24 460 405 421 408 378 10 473 109 444 231 393 126 357 53 58 475 448 23
113 29 64 341 293 397 98 306 66 174 303 221 436 332 45 22 151 188 57 91 449 41 157 342 14 43 30 59 1 467 443 116 380 355 319 445 251 86 236 258 423 52 273 270 19 107 178 384 150
255 203 328 234 165 134 168 170 153 320 289 33 110 345 498 283 139 263 87 12 415 148 338 260 160 471 407 223 454 32 120 304 302 281 238 192 246 83 472 220 252 343 307 167 326 20 4 5 163 119 207 239 285 166 439
143 85 373 219 409 121 300 38 396 370 253 447 27 294 117 390 459 208 196 367 226 155 214 111 414 327 392 429 262 485 356 7 76 276 346 362 31 198 124 301 112 416 413 309 461 394 147 56
308 180 318 54 261 106 133 211 351 224 336 399 125 217 476 65 462 377 247 398 213 227 315 481 468 162 469 233 352 68 337 123 271 428 403 209 96 275 441 268 177 81 169 93 267 369 95
17 136 102 84 60 361 142 61 181 135 82 212 44 243 382 379 410 290 62 34 496 279 482 138 241 427 73 299 250 206 50 490 137 94 144 266 466 340 334 365 132 115 286 455 323 358 175 55 349 205
287 259 452 242 108 420 463 140 478 494 200 389 282 288 446 186 78 400 201 411 312 324 232 435 375 244 216 46 264 313 210 90 254 130 36 386 183 3 464 237 297 383 114 391 49 89 440
277 424 204 80 18 298 366 335 88 194 322 189 156 483 47 71 176 37 388 15 97 376 141 159 317 430 256 305 374 451 72 190 230 202 381 488 450 333 13 149 280 248 6 484 21 191 77 39 457 339 402
