18450
158 11 368 129 103 463 140 478 494 61 218 291 412 372 417 217 117 118 122 99 418 91 449 41 260 160 422 279 14 321 232 427 73 299 304 302 281 245 144 428 252 403 209 96 275 441 357 53 58 384
474 69 330 199 395 359 350 311 92 278 181 135 82 212 44 243 459 497 495 127 348 312 482 454 105 187 325 63 404 257 76 488 408 450 333 13 149 280 248 6 484 21 191 77 39 457 369 440
143 85 373 219 409 486 491 419 351 224 75 292 458 360 229 186 188 382 208 196 290 62 34 214 433 184 197 26 138 364 305 30 59 1 467 443 116 313 210 276 346 362 31 473 109 444 231 393 286 455 309 461 178 166 95
17 136 80 18 298 453 500 40 110 336 498 283 139 263 25 28 78 388 16 465 213 157 407 324 327 392 429 262 72 190 230 137 94 266 466 340 343 307 167 326 126 297 383 114 391 235 100 295
287 259 452 51 164 261 106 133 211 370 253 389 27 294 151 37 379 410 247 398 496 471 342 43 241 32 120 485 356 7 202 380 254 130 354 363 479 179 464 237 268 426 371 55 150
277 424 204 102 397 98 170 153 320 289 33 492 221 436 332 45 22 476 65 12 228 400 201 411 111 401 152 499 456 442 493 271 192 246 378 10 251 86 236 423 4 5 270 19 107 239 285 438 172 448 23
308 180 318 54 60 361 142 200 345 399 125 316 42 390 87 57 367 226 155 227 159 223 481 240 9 344 353 296 24 460 405 381 215 67 83 472 220 334 365 124 301 115 310 274 323 358 175 470 475 339 402 2
255 203 328 234 165 134 168 306 66 174 303 425 489 74 128 35 487 272 462 377 148 338 193 141 434 430 256 468 162 469 233 352 68 337 123 421 355 319 445 198 132 112 416 177 81 169 93 267 101 349 205
265 284 477 242 108 420 121 300 38 396 194 70 447 282 288 446 131 385 331 415 8 329 269 145 173 315 317 437 374 451 250 206 50 490 90 154 225 249 195 480 431 258 104 432 163 119 207 161 49 56
185 113 29 64 341 293 84 366 335 88 387 322 189 156 483 47 71 176 406 15 97 376 222 414 347 435 375 244 216 46 264 238 79 48 182 36 386 183 3 20 52 273 413 171 146 314 394 147 89 439
