18435
287 259 452 51 164 359 121 300 38 396 289 61 389 282 288 446 151 228 367 269 145 173 141 159 317 414 327 435 469 244 216 46 264 421 154 225 31 195 480 431 20 52 273 413 163 207 169 93 285 384 448 23
308 180 318 54 486 491 419 40 278 218 291 412 372 417 217 476 243 331 377 16 465 193 422 312 223 430 256 240 9 344 353 296 24 460 405 381 215 67 355 319 10 473 109 444 231 393 286 455 323 358 175 55 166 56
277 424 204 80 18 298 366 335 88 33 492 221 436 332 45 22 186 37 388 15 97 376 471 407 434 481 241 427 73 233 352 68 337 123 137 94 144 450 333 13 251 86 236 115 310 274 297 383 39 391 235 147 295
185 113 29 64 341 293 84 60 361 142 200 322 189 156 483 47 71 176 188 406 400 201 411 315 197 26 138 374 451 250 206 50 490 245 192 246 83 472 220 445 249 334 365 132 258 423 4 5 171 146 457 349 440
17 136 199 395 350 306 66 174 303 75 292 458 360 229 272 385 78 410 290 62 34 496 433 222 401 468 162 375 299 456 442 493 380 254 130 198 124 301 112 416 177 309 314 161 49 339 89 439
143 85 373 219 409 168 311 92 224 425 489 74 128 35 487 316 44 65 28 382 449 41 260 160 111 482 364 305 392 429 262 72 190 230 202 210 79 428 149 280 248 6 326 126 357 461 178 101 402
474 69 330 102 397 98 170 153 320 194 181 135 82 212 117 390 459 99 418 8 329 226 155 214 184 279 437 321 232 152 499 485 356 7 238 488 408 48 182 403 343 307 167 484 21 191 77 114 470 475 172 205
255 203 328 234 165 134 453 500 370 253 345 27 294 263 25 87 12 208 91 148 338 157 324 454 105 187 325 63 404 257 76 90 266 466 340 209 96 275 441 268 426 371 267 438 150
265 284 477 242 108 420 463 140 478 494 387 70 447 498 283 139 131 118 122 415 497 495 127 227 342 347 32 120 304 302 281 271 346 362 252 354 363 479 179 104 432 81 119 53 58 369 95
158 11 368 129 103 261 106 133 211 351 110 336 399 125 42 462 57 379 196 247 398 213 348 14 43 30 59 1 467 443 116 313 276 378 36 386 183 3 464 237 270 19 107 239 394 100 2
