18435
17 136 80 18 164 168 491 419 200 389 27 294 263 390 406 99 148 338 193 197 454 105 187 325 63 404 257 76 421 408 450 333 13 149 280 248 6 484 21 191 77 39 49 100 2
113 424 204 373 219 409 261 106 133 211 351 61 75 292 458 360 229 186 188 415 410 247 398 213 348 315 401 241 427 73 233 352 68 337 123 271 192 246 346 362 249 195 480 431 258 423 52 273 268 426 371 285 384 339 150
277 29 64 341 293 54 121 300 38 396 194 70 345 399 125 42 118 122 449 41 260 160 159 317 14 43 305 30 59 1 467 443 116 313 210 276 355 319 36 386 183 3 20 4 5 270 19 107 239 55 349 440
143 85 102 397 98 170 153 320 289 33 492 425 489 74 128 35 487 316 44 65 28 78 388 290 62 34 496 141 223 437 374 451 353 456 442 493 245 90 83 472 220 445 251 86 236 275 441 309 314 161 235 438 295
158 11 368 129 103 486 335 88 370 253 291 412 372 417 217 131 385 243 331 377 379 418 497 495 127 227 433 222 26 481 468 162 469 244 216 46 264 238 48 182 403 209 96 326 126 297 383 114 391 475 89 439
185 474 69 330 199 395 359 350 311 92 224 221 436 332 45 22 71 176 57 91 367 226 155 157 184 279 430 364 435 375 299 250 206 50 490 137 144 79 428 10 354 363 479 179 104 432 81 119 53 58 369 402 23
308 180 318 298 453 500 40 278 336 498 283 139 476 25 459 16 465 214 324 138 321 232 32 120 485 356 7 381 215 67 154 225 31 473 109 444 115 310 274 323 358 175 470 166 95
265 284 477 242 108 420 463 140 478 494 387 181 135 82 212 272 462 12 228 15 97 376 111 256 240 9 344 296 24 460 405 94 378 252 343 307 167 464 237 413 171 146 457 147 56
287 259 452 51 84 366 306 66 174 303 218 322 189 156 483 47 151 87 382 208 8 329 269 145 173 422 312 342 414 347 152 499 304 302 281 202 488 254 130 334 365 124 301 112 416 177 357 461 178 394 172 205
255 203 328 234 165 134 60 361 142 110 447 282 288 446 117 37 196 400 201 411 471 407 434 482 327 392 429 262 72 190 230 380 266 466 340 198 132 231 393 286 455 163 207 169 93 267 101 448
