18435
158 11 368 129 103 168 170 153 320 194 70 221 436 332 45 22 476 65 462 188 382 99 418 91 367 269 145 173 471 159 317 414 327 152 499 353 296 24 460 405 421 408 378 252 195 480 431 275 441 323 358 175 470 100 440
277 29 64 341 293 84 60 361 142 278 218 322 189 156 483 47 151 87 377 388 449 41 193 279 482 364 305 374 451 72 190 230 238 488 154 225 31 209 96 112 416 177 81 119 53 58 394 147 56
185 143 85 51 164 359 121 300 38 396 303 492 489 74 128 35 487 186 28 78 208 196 290 62 34 157 315 197 26 454 105 187 325 456 442 493 76 67 450 333 13 473 109 444 231 393 286 455 309 314 161 475 402 2
113 424 204 80 18 298 453 500 289 110 345 27 294 272 25 228 15 97 376 141 407 342 14 481 392 429 262 485 356 7 202 381 210 276 254 130 251 86 236 326 126 297 383 39 457 89 439
474 69 330 102 397 98 491 419 351 61 389 282 288 446 117 118 122 16 465 411 184 430 138 240 9 344 63 404 257 271 355 319 445 249 334 365 124 301 115 310 274 357 461 178 384 339 23
255 203 328 234 165 134 366 335 88 370 253 447 498 283 139 263 390 57 379 497 495 127 348 422 324 256 30 59 1 467 443 116 313 346 362 198 132 258 423 52 273 413 171 146 49 349 150
308 180 318 54 261 106 133 211 387 425 291 412 372 417 217 131 385 331 406 400 201 160 433 222 43 241 427 73 299 250 206 50 490 137 94 90 48 182 403 343 307 167 104 432 163 207 169 93 285 369 95
17 136 373 219 409 350 311 92 40 224 336 399 125 316 42 37 410 247 398 213 227 434 401 468 162 375 244 216 46 264 380 192 266 466 340 36 386 183 3 20 4 5 270 19 107 239 55 166 295
265 284 477 199 395 486 306 66 174 200 75 292 458 360 229 71 176 459 415 148 338 260 496 312 223 437 321 232 435 469 233 352 68 337 123 215 246 83 472 220 149 280 248 6 484 21 191 77 114 391 235 172 448
287 259 452 242 108 420 463 140 478 494 33 181 135 82 212 44 243 12 8 329 226 155 214 111 347 32 120 304 302 281 245 144 79 428 10 354 363 479 179 464 237 268 426 371 267 101 438 205
