18435
308 180 318 54 261 106 133 211 351 224 75 291 412 372 417 42 462 12 228 91 449 41 411 471 407 324 327 435 375 244 216 46 264 313 276 266 466 340 473 109 444 275 441 268 426 371 285 384 339 89 439
277 29 64 341 293 298 453 500 33 110 336 498 283 139 476 25 28 122 196 367 269 145 173 197 26 138 321 392 429 262 72 190 230 271 79 428 10 251 86 236 258 423 4 5 357 461 178 95
143 85 373 219 409 350 306 66 174 303 322 189 156 483 47 131 385 243 331 406 15 97 376 342 256 468 162 469 233 352 68 337 123 488 346 362 249 334 365 132 231 393 286 455 309 314 161 235 438 150
265 284 477 242 108 420 366 335 88 370 253 292 458 360 229 272 459 415 388 16 465 193 434 481 240 9 344 63 404 257 76 144 83 472 220 252 198 124 301 115 310 274 297 383 114 470 49 172 440
185 113 424 204 199 395 359 486 491 419 387 70 345 399 125 217 117 390 37 379 497 495 127 227 422 312 430 454 105 187 325 456 442 493 137 94 355 319 445 149 280 248 6 326 126 81 119 53 457 369 23
474 69 330 102 397 463 140 478 494 492 425 489 74 128 35 487 316 44 65 78 418 148 338 260 496 141 159 223 401 364 305 374 451 485 356 7 238 154 225 31 195 480 431 484 21 191 77 39 391 394 147 448
158 11 368 129 103 98 311 92 40 278 181 135 82 212 263 188 57 410 290 62 34 214 222 14 43 241 427 73 299 250 206 50 490 380 192 48 182 403 343 307 167 104 432 171 146 58 475 402 2
255 203 328 234 165 134 168 170 153 320 289 200 447 27 294 151 382 208 400 201 157 315 317 437 30 59 1 467 443 116 421 254 130 36 386 183 3 20 52 273 413 163 207 169 93 267 100 295
17 136 80 18 164 121 300 38 396 194 389 282 288 446 186 87 377 99 8 329 226 155 160 433 184 279 482 232 32 120 304 302 281 202 381 210 90 378 354 363 479 179 464 237 270 19 107 239 101 349 205
287 259 452 51 84 60 361 142 61 218 221 436 332 45 22 71 176 118 247 398 213 348 111 414 347 152 499 353 296 24 460 405 245 215 67 246 408 450 333 13 209 96 112 416 177 323 358 175 55 166 56
