18435
185 143 85 51 84 60 361 142 200 75 292 458 360 229 71 176 37 379 418 497 495 127 227 312 223 414 347 152 499 485 356 7 76 276 266 466 340 198 124 301 275 441 268 426 371 285 384 150
113 424 204 318 54 366 311 92 40 224 425 291 412 372 417 217 476 243 78 449 41 496 433 434 401 392 429 262 72 190 230 380 192 154 225 31 473 109 444 231 393 286 455 81 119 53 58 438 448 23
265 284 477 199 395 486 491 419 194 181 135 82 212 44 65 462 188 57 388 148 338 260 160 422 324 327 32 120 456 442 493 271 79 48 182 195 480 431 484 21 191 77 39 457 369 95
17 136 80 18 164 359 350 306 66 174 492 345 399 125 117 118 122 8 329 269 145 173 471 184 279 481 468 162 469 244 216 46 264 94 144 246 83 472 220 445 249 334 365 132 258 423 4 5 270 19 107 239 394 147 56
308 180 373 219 409 261 140 478 494 33 110 322 189 156 483 47 131 385 28 208 196 400 201 411 315 317 43 241 427 73 233 352 68 337 123 137 421 428 252 251 86 236 115 310 274 323 358 175 470 49 172 205
255 203 328 234 165 134 168 106 133 211 351 61 218 221 436 332 45 22 151 12 228 91 247 398 213 348 197 26 364 305 374 451 353 296 24 460 405 381 67 346 362 10 343 307 167 104 432 163 207 169 93 267 101 339 89 439
474 69 330 102 397 98 170 153 320 289 278 447 498 283 139 263 25 87 382 99 16 465 193 141 407 342 14 454 105 187 325 63 404 257 238 254 130 354 363 479 179 464 237 357 461 178 166 2
158 11 368 129 103 463 335 88 370 253 389 27 294 272 390 459 415 15 97 376 111 437 232 435 375 299 250 206 50 490 245 215 378 36 386 183 3 20 52 273 413 309 314 161 235 100 295
277 29 64 341 293 298 453 500 387 70 489 74 128 35 487 316 42 406 410 290 62 34 157 222 482 138 321 240 9 344 304 302 281 202 488 408 450 333 13 149 280 248 6 326 126 297 383 114 391 475 402
287 259 452 242 108 420 121 300 38 396 303 336 282 288 446 186 331 377 367 226 155 214 159 430 256 30 59 1 467 443 116 313 210 90 355 319 403 209 96 112 416 177 171 146 55 349 440
