5095
976 408 431 198 553 993 477 889 716 25 41 44 506 894 547 831 203 256 837 331 264 15 329 197 430 974 769 381 972 555 743 85 273 548 183 425 827 311 440 620 118 629 566 78 706 325 795 742 280 38 728 692 994 673 442 249 285 523 396 757 206 682 368 850 905 910 429 960
877 404 493 573 164 593 882 465 40 709 717 826 798 84 213 216 520 512 319 135 703 828 549 194 775 395 879 352 710 181 304 251 324 835 225 13 794 122 915 564 707 306 217 563 53 123 163 906 920 654 260 694 927 300 666 245 558 796 129 708 461 886 56 859 793 303 704 991 970 688 985
839 138 588 531 554 447 808 220 185 267 355 420 686 159 31 272 892 1 296 342 633 503 881 522 313 919 86 409 900 763 218 195 488 771 112 562 137 154 489 103 568 845 702 271 276 528 317 853 400 736 43 269 421 334 39 772 929 481 842 330 618 916 90 598 871 720 92 622 820 360 445
444 868 37 863 151 392 825 901 751 81 768 504 403 497 810 559 977 802 592 3 188 968 675 407 453 883 455 42 10 484 661 479 813 95 860 898 701 623 174 748 560 947 596 521 880 309 737 378 473 662 286 665 787 800 517 630 427 952 354 452 102 834 777 333 94 600 609
231 651 405 607 550 212 294 971 726 677 401 120 127 293 937 536 110 734 805 34 790 822 327 887 288 754 116 799 861 612 779 211 46 8 67 23 33 869 193 172 844 305 215 441 35 515 186 683 713 948 468 773 472 811 299 222 65 685 579 912 983 659 684 561 348
873 538 150 966 589 262 727 854 162 647 490 626 896 98 359 457 815 513 614 428 930 711 369 143 226 664 55 914 99 57 483 233 752 250 119 934 373 74 209 776 611 20 351 539 433 604 918 938 590 149 992 287 634 758 514 829 888 254 199 248 471 641 669 663 931 601 358 532
954 741 202 383 770 774 762 349 436 904 510 243 11 339 668 291 344 475 928 722 597 393 890 650 544 855 511 949 963 73 315 242 761 551 113 571 865 417 416 50 712 173 130 191 470 491 386 874 739 252 100 36 340 21 836 200 908 679 823 82 219 380 476 988 870
30 87 725 990 955 228 535 719 645 478 424 760 48 413 546 940 170 838 60 91 482 806 346 578 804 423 750 700 450 160 505 841 576 693 846 229 909 967 696 292 153 62 788 196 921 608 480 80 698 32 755 246 412 297 390 941 922 384 109 982 542 878 632 169 556 107 545 314
498 337 657 365 24 9 998 68 782 527 502 145 570 567 61 16 187 458 45 744 986 753 792 644 347 876 435 766 747 406 64 201 628 26 320 261 192 168 652 121 434 106 738 524 500 474 364 58 414 552 984 637 27 932 945 454 519 807 375 714 540 935 322 166 999
79 602 496 224 176 388 210 128 765 463 366 856 631 124 732 419 534 585 884 402 133 190 22 676 298 335 279 28 643 756 357 469 72 557 326 616 274 75 789 345 529 975 179 51 167 18 83 214 263 610 818 278 518 613 175 63 913 780 697 979 936 621 244 104
158 155 656 341 54 141 508 942 69 136 778 356 338 93 367 624 893 926 321 699 670 591 114 812 446 208 715 259 872 70 459 996 439 227 142 959 464 509 635 283 516 371 690 180 308 96 603 885 312 307 448 117 687 599 97 911 678 649 323 749 389 270 615 148 530
4 824 862 648 165 125 147 801 803 895 946 730 733 411 606 204 415 857 377 667 301 653 275 140 586 382 658 695 239 830 671 569 833 740 594 230 924 767 980 88 71 387 146 235 646 139 832 764 266 232 108 47 595 858 361 268 903 816 533 318 939 350
157 363 7 866 105 681 132 290 625 6 374 917 255 343 933 565 943 284 379 486 814 52 207 759 819 735 462 310 729 721 131 494 783 2 253 956 581 295 437 989 507 718 19 541 126 376 617 353 499 973 161 399 849 443 238 655 731 89 867 902 501 49 965 460
76 336 385 492 543 969 438 418 957 184 223 907 638 851 580 221 636 583 689 495 257 391 577 786 572 156 605 247 582 897 59 66 923 237 843 953 951 852 784 152 691 410 111 451 422 316 642 171 526 370 282 178 234 627 962 485 182 981 674 809 639 724 432 177 394 848 240 847 660 241
258 537 723 891 864 467 328 236 29 781 101 1000 115 134 17 925 277 978 950 944 289 397 281 797 302 575 997 680 961 449 5 584 205 705 574 791 840 745 640 619 12 587 332 958 362 77 456 821 746 875 817 372 466 899 987 265 14 995 525 785 144 964 672 426 487 398 189
