5095
877 155 656 723 770 24 9 998 40 6 374 11 339 668 732 838 583 950 197 430 974 769 453 883 664 55 735 462 450 861 112 464 509 373 75 869 437 180 106 387 146 958 260 646 370 282 178 234 32 755 246 412 637 911 829 888 109 982 303 910 936 487 398 460
976 498 337 725 363 341 228 882 465 29 184 223 647 120 896 98 359 567 933 606 978 188 968 675 407 133 190 22 680 961 449 996 183 425 752 250 620 118 629 192 271 276 173 130 422 728 692 235 694 269 421 665 787 800 929 481 27 613 655 749 389 704 991 166 999
839 138 385 383 543 864 262 727 854 781 101 1000 115 946 127 837 331 937 536 475 928 722 597 503 881 577 786 887 876 409 900 273 483 233 841 201 72 557 594 230 283 915 564 152 776 611 795 528 179 51 642 362 77 456 263 610 818 278 842 922 678 649 200 807 639 452 903 540 669 333 94 601 358 148 530
158 30 87 651 431 573 492 891 593 889 716 25 41 44 625 709 717 856 367 31 925 277 614 428 930 114 812 446 208 522 313 819 352 658 695 897 59 643 66 923 562 113 571 122 74 707 193 121 880 215 62 906 920 654 526 673 442 249 285 552 984 849 941 454 618 916 905 672 270 615 104
873 537 862 150 966 589 467 328 236 478 162 907 243 490 626 810 559 977 343 815 513 512 734 805 34 790 792 775 395 879 511 949 279 584 771 205 705 237 843 261 78 371 980 123 19 316 332 400 186 683 938 590 149 558 36 340 21 443 238 952 222 65 685 579 912 426 49 965 660 939 350
4 202 657 365 392 825 901 904 510 638 413 546 159 624 124 636 60 534 585 814 52 207 715 259 919 10 763 239 756 242 761 225 934 635 924 23 33 706 596 563 53 718 351 853 737 736 139 713 746 468 773 472 858 354 268 780 878 632 169 380 476 545 314
231 157 198 553 993 477 535 719 645 751 136 355 420 48 497 17 264 15 699 670 591 711 369 890 650 644 347 298 435 963 73 227 612 779 211 46 8 67 516 209 702 50 217 111 529 305 126 788 18 378 473 43 480 739 252 523 396 297 390 461 886 56 859 199 785 144 964 902 501 820 360
444 990 955 969 508 942 69 81 768 504 403 502 145 293 221 893 411 419 342 633 986 143 804 423 914 99 766 747 28 830 64 324 701 623 174 748 560 745 784 306 690 292 20 38 309 470 376 617 353 821 666 245 100 796 129 932 945 384 368 731 724 432 816 322 429 960 445
79 404 405 607 550 808 220 185 801 803 895 338 93 631 457 592 943 415 689 486 397 281 797 381 972 156 70 484 661 439 131 860 959 833 551 13 229 909 947 345 434 742 280 738 171 500 608 832 334 39 772 517 630 708 427 254 908 679 823 177 394 92 622 318 241
76 824 37 863 224 762 349 436 506 894 547 831 203 730 733 291 520 204 857 377 667 753 302 575 997 586 86 700 582 548 181 406 95 494 783 26 326 616 274 103 767 691 410 308 96 603 474 364 300 764 266 232 108 47 595 981 674 809 375 714 697 834 983 663 931 600 532
741 538 531 554 866 125 147 128 971 726 677 401 686 256 802 926 321 458 45 744 393 301 653 226 872 750 605 247 335 479 813 671 569 835 574 791 953 951 852 696 172 844 153 191 167 524 491 386 874 58 448 117 687 599 97 518 330 323 248 471 641 659 684 561 348
954 336 602 496 54 141 447 212 294 765 778 356 134 570 61 565 110 944 289 884 402 275 544 572 555 710 160 505 251 898 119 137 154 489 581 417 789 652 640 619 12 587 515 433 312 662 286 414 973 161 399 758 899 987 265 14 995 850 102 82 777 970 688 985
868 588 648 165 438 418 957 267 760 917 255 170 892 3 329 284 379 495 257 391 759 855 288 459 57 5 304 827 311 440 740 320 794 566 168 325 88 71 163 441 35 196 83 927 80 698 875 817 372 466 514 811 299 519 793 89 871 720 533 621 244 609
408 164 151 105 681 132 290 424 463 366 826 798 84 213 216 16 187 1 296 319 135 703 828 549 194 140 676 382 743 85 310 729 721 315 142 576 693 2 253 956 967 295 989 975 541 885 307 499 992 287 634 757 206 836 175 63 913 90 598 935 219 848 240 847 189
258 493 7 774 176 388 210 68 782 527 851 580 940 272 344 91 482 806 346 578 822 327 455 42 754 116 799 218 195 488 357 469 628 846 840 865 568 845 416 712 521 507 451 317 539 994 921 604 918 214 948 627 962 485 182 682 361 525 542 867 979 556 107 988 870
