18435
185 113 29 64 341 293 397 98 170 153 320 289 70 221 436 332 45 22 186 243 12 99 418 8 329 269 145 173 315 26 481 240 9 344 485 356 7 202 210 90 408 378 252 403 343 307 167 484 21 191 77 39 457 369 2
17 136 80 18 298 453 500 370 253 447 498 283 139 476 65 87 57 400 201 411 222 401 327 392 429 262 72 190 230 380 192 154 225 31 473 109 444 231 393 286 455 323 358 175 470 475 172 448
143 85 51 164 359 350 306 66 174 303 75 292 458 360 229 71 176 37 196 367 226 155 160 433 434 414 364 305 32 120 304 302 281 137 421 266 466 340 209 96 275 441 268 426 371 267 101 147 295
287 259 452 242 108 420 366 311 92 40 278 181 135 82 212 272 188 406 91 247 398 213 227 312 223 347 152 499 456 442 493 313 79 428 149 280 248 6 326 126 297 383 114 391 394 95
277 424 204 373 219 409 486 491 419 351 61 218 291 412 372 417 42 25 28 78 208 497 495 127 348 422 184 279 437 374 451 353 296 24 460 405 245 276 254 130 36 386 183 3 464 237 171 146 58 49 339 89 439
255 203 328 234 165 134 168 106 133 211 200 389 27 294 263 462 459 379 148 338 260 214 407 197 14 43 30 59 1 467 443 116 381 215 67 246 355 319 10 354 363 479 179 104 432 163 207 169 93 55 349 150
158 11 368 129 103 463 140 478 494 387 345 399 125 217 131 385 118 228 15 97 376 324 321 232 435 375 244 216 46 264 238 48 182 334 365 132 20 4 5 270 19 107 239 166 205
265 284 477 199 395 261 335 88 194 492 425 489 74 128 35 487 316 44 331 377 449 41 496 471 111 482 256 468 162 469 233 352 68 337 123 271 346 362 198 124 301 115 310 274 81 119 53 285 100 440
308 180 318 54 121 300 38 396 33 110 322 189 156 483 47 151 382 410 290 62 34 157 159 317 430 454 105 187 325 63 404 257 76 488 450 333 13 251 86 236 112 416 177 357 461 178 384 56
474 69 330 102 84 60 361 142 224 336 282 288 446 117 390 122 415 388 16 465 193 141 342 138 241 427 73 299 250 206 50 490 94 144 83 472 220 445 249 195 480 431 258 423 52 273 413 309 314 161 235 438 402 23
