18435
185 113 424 204 199 395 486 335 88 200 389 282 288 446 131 385 57 497 495 127 227 317 414 327 435 375 244 216 46 264 313 210 90 428 334 365 132 484 21 191 77 39 391 235 349 150
158 11 368 129 103 98 170 153 320 224 181 135 82 212 44 459 208 16 465 193 222 347 152 499 353 456 442 493 245 79 48 182 36 386 183 3 20 52 273 413 163 207 169 93 55 166 402 2
265 284 477 242 108 420 463 140 478 494 387 218 221 436 332 45 22 476 65 462 188 382 415 388 247 398 213 348 111 437 232 32 120 485 356 7 202 380 192 254 130 343 307 167 104 432 81 119 53 58 475 89 439
287 259 452 51 164 359 350 306 66 174 303 322 189 156 483 47 151 28 78 410 290 62 34 157 433 184 279 482 138 321 240 9 344 296 24 460 405 381 215 67 154 225 10 473 109 444 115 310 274 309 314 161 49 339 440
474 69 330 102 84 453 500 289 33 110 447 498 283 139 71 176 37 379 418 91 449 41 260 496 471 159 324 364 305 374 451 250 206 50 490 137 94 144 266 466 340 198 124 301 231 393 286 455 323 358 175 470 101 438 56
308 180 318 54 60 361 142 253 291 412 372 417 217 186 331 406 196 400 201 160 315 26 256 241 427 73 299 304 302 281 238 488 408 450 333 13 149 280 248 6 326 126 297 383 114 267 369 295
277 29 64 341 293 397 261 106 133 211 351 61 75 292 458 360 229 117 243 148 338 411 407 223 430 454 105 187 325 63 404 257 76 421 378 252 403 209 96 275 441 357 461 178 100
255 203 328 234 165 134 168 491 419 194 70 345 27 294 263 390 87 12 228 367 269 145 173 422 197 401 468 162 469 233 352 68 337 123 271 246 83 472 220 445 354 363 479 179 464 237 171 146 457 172 205
143 85 373 219 409 121 300 38 396 370 492 425 489 74 128 35 487 272 118 122 99 8 329 226 155 214 141 434 43 30 59 1 467 443 116 276 346 362 31 195 480 431 258 423 4 5 270 19 107 239 394 147 95
17 136 80 18 298 366 311 92 40 278 336 399 125 316 42 25 377 15 97 376 312 342 14 481 392 429 262 72 190 230 355 319 249 251 86 236 112 416 177 268 426 371 285 384 448 23
