13090
564 609 277 656 426 76 72 9 336 237 48 504 494 248 268 405 545 300 696 619 95 654 111 14 127 92 401 52 100 694 630 473 624 582 487 384 502 158 616 260 687 207 399 70 205 202 412 232 222 137 39 115 272 442 446 275 498 214 1 113 519
653 586 389 398 542 329 251 140 307 274 10 164 234 354 431 383 178 59 539 368 516 352 602 135 378 534 33 361 443 124 190 262 41 356 633 23 201 220 203 90 117 267 447 649 385 51 85 191 578 395 7 101 359 358 185 501 34 211 489
225 601 684 543 44 165 338 149 583 145 112 287 469 172 276 108 380 126 96 310 505 503 75 261 631 11 309 445 420 29 414 292 451 689 695 529 89 435 255 476 67 525 340 62 376 574 573 486 674 161 647 394 78 625 5 434 481 305
316 367 357 667 597 554 131 144 273 432 552 450 479 651 448 103 194 614 635 187 136 327 461 301 658 437 91 60 253 365 325 477 646 576 589 270 43 617 240 333 37 53 528 662 285 374 462 295 228 86 680 457 28 221 142 425 324 470 349
460 337 584 522 318 315 290 427 216 121 351 212 18 661 575 392 521 439 250 514 637 463 455 163 512 278 453 369 42 371 682 63 594 517 238 56 208 475 236 390 673 181 97 114 189 636 568 119 46 320 2 672 513 323 670 8 638 520 595
588 93 209 215 87 177 125 612 79 235 615 592 334 419 585 279 269 379 312 454 511 339 428 644 416 40 35 676 436 69 478 508 377 15 64 639 657 229 106 364 224 123 421 572 622 621 531 671 169 560 120 467 627 254 410 537 692 400 429
693 38 264 423 665 629 66 491 417 302 122 88 105 155 45 465 407 372 488 634 16 645 210 664 319 239 444 332 179 249 570 579 533 482 402 547 375 495 143 21 500 71 218 370 388 22 147 466 642 424 474 668 146 298 553 296
61 381 304 197 605 408 116 195 213 593 643 387 566 150 441 173 306 13 151 281 411 393 335 200 386 217 245 81 344 4 698 252 403 518 73 32 546 192 134 524 311 74 610 98 271 532 313 536 107 102 196 156 246 20 77 596
263 433 681 162 141 679 648 284 686 3 515 620 199 19 655 626 613 282 526 611 355 430 104 449 322 288 677 618 603 219 321 25 347 538 373 129 244 700 317 458 68 243 331 472 294 600 496 555 362 280 404 94 669 363 227 118 691 50
660 608 139 587 650 559 640 623 36 183 17 628 551 561 483 343 413 328 47 266 159 480 471 283 440 485 110 204 297 697 418 507 186 598 556 492 157 562 675 138 563 241 132 659 109 326 193 206 84 99 580 345 6 540 499 452 678 599
577 565 527 152 549 683 148 541 286 153 523 226 493 330 242 265 80 247 490 557 530 422 299 27 397 348 699 291 666 415 24 558 690 459 233 366 168 353 688 54 510 509 360 31 685 174 160 12 484 391 396 259 26 406 438 57 184 591 293 456 166
314 130 652 604 567 590 175 170 606 55 346 632 550 180 548 231 223 49 607 303 350 230 257 30 382 133 258 308 341 83 581 167 409 506 58 497 544 468 464 198 663 641 65 171 571 128 256 82 154 182 342 569 176 289 535 188
