13090
61 381 38 433 681 398 542 165 144 491 273 432 351 212 592 334 419 343 407 372 488 634 16 645 210 664 319 416 110 676 436 69 533 508 377 15 546 529 89 435 117 267 106 364 528 662 285 374 462 412 396 466 99 120 94 345 6 540 499 452 678 599
660 93 522 318 567 590 141 679 648 302 140 55 643 479 651 448 103 194 614 635 187 136 454 511 339 428 485 40 35 365 487 384 502 594 517 43 617 562 675 525 340 224 123 622 621 256 395 39 182 342 142 425 184 591 293 188
564 316 367 304 197 605 66 116 623 583 145 268 628 551 545 300 696 282 526 611 355 393 335 200 386 437 91 288 677 618 603 219 321 518 73 32 90 244 700 317 138 610 385 51 85 191 86 46 107 102 115 446 569 176 434 481 305
225 277 656 215 44 549 683 148 541 286 153 523 234 354 431 383 413 328 47 266 350 602 455 163 699 291 60 624 582 167 409 506 58 497 544 238 64 475 236 390 673 181 97 114 62 376 421 568 320 26 580 28 221 474 668 146 298 553 296
460 609 264 597 152 175 237 48 552 515 10 199 19 655 242 173 380 514 637 463 135 378 534 75 361 245 81 344 4 325 477 646 25 347 538 510 509 360 476 67 70 71 12 484 496 128 119 680 457 78 358 185 501 34 211 489
653 586 389 543 290 427 121 195 213 593 112 155 45 441 279 269 379 312 430 104 449 217 443 124 190 262 41 356 633 23 201 220 203 260 495 143 21 458 68 53 171 109 391 531 671 169 2 7 669 363 227 8 638 520 595
337 584 209 423 665 629 329 251 122 88 105 287 387 566 150 585 265 306 13 151 281 411 461 301 658 644 258 11 309 445 420 29 414 366 482 402 547 192 134 524 311 641 241 189 636 574 572 573 486 536 280 560 154 513 406 438 57 118 691 50
577 608 139 426 554 131 408 177 125 284 686 3 620 346 632 550 626 613 80 247 126 96 310 505 503 382 133 100 694 308 341 83 581 459 233 478 576 589 270 373 129 687 207 399 563 205 202 571 147 206 259 672 272 442 196 5 537 692 113 519
588 601 684 587 650 559 216 640 149 504 494 248 226 493 172 276 108 178 59 539 368 516 327 159 480 471 261 440 322 453 369 42 371 682 63 451 689 695 56 208 240 333 685 74 174 160 132 659 295 232 578 137 642 394 627 254 410 324 470 349
263 652 604 76 72 9 336 417 79 235 615 18 661 575 392 521 439 250 490 557 530 422 299 27 397 348 52 33 239 473 253 204 297 697 418 507 186 598 556 492 157 255 31 447 98 271 532 326 193 84 323 670 289 535 456 166
693 357 667 315 87 338 612 36 183 17 405 561 483 465 231 223 49 607 303 352 230 257 30 283 631 444 332 179 698 252 403 168 353 688 54 468 464 198 663 37 649 331 472 294 600 22 555 222 161 647 101 424 156 246 20 77 596
314 130 565 527 162 170 606 307 274 450 164 469 330 180 548 619 95 654 111 14 127 92 401 512 278 630 666 415 24 558 690 249 570 579 292 158 616 375 639 657 229 500 243 65 218 370 388 313 228 362 674 82 404 467 359 625 275 498 214 1 400 429
