13090
564 660 93 522 318 76 152 549 683 417 432 552 515 628 545 300 696 282 526 368 516 352 159 455 30 534 319 258 308 341 83 581 459 233 478 576 589 270 15 546 192 134 524 311 138 70 71 205 294 574 572 191 228 578 395 394 182 254 410 298 553 296
61 381 38 389 215 87 408 237 541 351 212 643 479 566 150 441 173 80 247 490 557 530 422 299 92 401 658 644 437 440 322 11 309 262 41 356 633 23 506 58 497 544 695 56 208 562 675 685 174 340 189 636 326 193 232 674 82 115 272 442 446 275 498 214 1 535 188
577 565 527 162 175 216 148 302 686 3 268 346 632 550 180 548 231 223 49 607 303 327 602 480 471 699 416 666 415 24 558 690 297 697 418 507 186 598 556 43 617 509 360 31 641 241 12 484 313 119 46 320 2 154 513 406 323 670 184 591 400 429
337 584 433 315 290 427 144 121 48 286 153 523 405 334 419 343 407 372 488 634 16 645 210 664 261 245 110 204 603 219 321 508 377 90 255 476 67 525 271 532 462 573 256 137 647 120 424 6 540 434 481 305
653 586 656 543 44 66 116 195 183 17 155 655 431 383 413 328 47 266 430 104 278 291 60 253 365 325 477 646 451 689 373 510 495 143 21 37 53 171 109 496 555 362 280 457 467 627 438 57 118 691 50
609 209 681 398 72 9 336 679 648 284 583 145 105 287 387 45 585 265 306 13 151 281 411 505 503 382 133 100 694 630 453 369 42 371 682 63 594 517 238 375 639 657 229 458 68 114 62 376 391 396 84 560 359 625 5 537 692 113 519
263 130 652 604 567 590 141 491 170 122 88 469 172 276 108 439 250 514 637 230 257 163 449 361 485 40 35 676 436 69 502 482 402 547 529 89 435 117 267 447 65 331 472 374 600 295 486 671 680 404 580 196 569 176 289 293 456 166
314 608 139 426 665 629 177 125 612 79 235 615 199 19 651 448 103 194 614 635 187 136 350 393 335 200 512 91 444 332 179 249 570 579 366 168 353 688 54 468 464 240 333 399 563 649 385 51 412 86 536 107 102 672 28 474 668 146 499 452 678 599
588 357 667 597 650 559 273 606 55 10 164 234 354 626 613 178 59 539 611 355 461 301 386 217 288 677 445 420 29 414 292 158 616 64 475 236 390 207 74 610 98 132 659 85 147 222 161 642 94 345 221 156 246 20 77 596
316 367 277 264 423 605 640 149 504 494 248 620 592 551 561 483 465 279 269 379 312 454 511 339 428 75 81 344 4 167 409 25 347 538 129 244 700 317 500 243 218 370 388 22 622 621 531 466 99 39 78 358 185 501 34 211 489
225 601 684 587 542 329 251 140 307 274 450 226 493 330 242 619 95 654 111 14 127 27 397 348 52 33 239 443 124 190 618 487 384 533 201 220 203 492 157 687 673 181 97 160 224 123 421 568 206 169 7 101 342 363 227 324 470 349
460 693 304 197 554 131 165 338 623 36 213 593 112 18 661 575 392 521 380 126 96 310 463 135 378 283 631 473 624 582 698 252 403 518 73 32 260 198 663 106 364 528 662 285 202 571 128 259 26 669 142 425 8 638 520 595
