13174
660 38 209 423 567 590 175 237 541 286 153 523 155 655 431 383 380 126 96 310 463 135 378 534 75 239 443 124 190 262 41 29 414 366 168 353 688 54 510 240 333 500 53 218 370 484 391 621 119 84 457 272 442 627 323 410 298 553 296
61 314 130 652 604 162 141 177 125 612 686 3 515 620 346 632 550 180 343 439 250 514 637 461 301 512 91 288 677 618 603 219 321 594 517 260 687 673 181 74 70 243 65 171 109 326 193 232 671 46 320 161 642 115 196 569 176 324 470 349
564 588 601 684 315 650 559 683 417 432 140 55 112 628 334 419 548 279 379 312 454 511 339 428 283 217 322 11 309 445 420 356 633 23 506 58 497 544 695 56 208 562 675 685 37 98 224 123 462 295 396 259 560 7 101 182 474 668 146 289 535 188
460 693 277 264 597 665 629 329 273 623 122 88 105 592 551 545 300 696 194 614 635 269 368 516 352 505 503 382 133 440 473 253 204 698 252 403 518 73 32 129 639 657 229 458 174 340 271 532 85 191 362 280 2 154 513 406 156 670 537 692 400 429
653 586 433 681 398 152 549 679 648 606 307 274 450 164 234 354 242 173 557 306 13 530 422 299 230 257 30 664 319 291 40 35 676 436 69 533 201 220 203 64 134 524 311 106 364 528 662 285 202 574 572 573 486 169 404 342 438 57 184 591 293 456 166
609 565 527 76 72 9 144 148 302 583 145 10 643 387 566 150 585 265 80 247 49 607 303 16 645 210 386 437 416 60 624 582 167 409 482 402 547 192 244 700 317 138 610 12 568 256 395 394 669 363 227 8 638 520 595
577 304 197 554 131 66 251 504 494 248 268 405 561 483 465 407 372 111 14 127 92 401 658 644 694 631 666 415 24 558 690 297 697 418 507 292 158 616 492 157 475 236 390 207 399 563 649 385 51 571 128 680 446 142 425 118 691 50
337 584 522 318 426 605 408 116 195 213 593 226 493 172 276 108 413 328 611 355 430 104 449 81 344 4 325 477 646 25 347 538 43 617 509 360 31 447 331 472 294 421 147 578 26 345 275 246 20 77 596
316 367 656 215 290 427 336 338 48 351 212 287 469 330 626 613 282 526 47 266 27 397 348 699 278 630 453 369 42 371 682 63 451 689 373 468 464 198 663 68 114 189 636 622 228 86 222 137 647 120 78 254 498 214 1 113 519
263 357 667 543 44 165 216 121 284 36 183 17 199 19 575 392 521 178 59 539 490 151 281 411 602 455 163 52 33 485 110 365 487 384 502 598 556 238 90 117 267 97 160 132 659 388 22 412 531 536 107 102 672 580 28 625 5 499 452 678 599
381 93 389 87 640 149 552 479 651 448 103 619 95 654 488 634 350 393 335 200 261 258 308 341 83 581 459 233 478 576 589 270 15 546 529 89 435 255 476 67 525 241 62 376 496 555 466 99 39 94 424 358 185 501 34 211 489
225 608 139 587 542 491 170 79 235 615 18 661 45 441 231 223 187 136 327 159 480 471 100 361 245 444 332 179 249 570 579 186 508 377 375 495 143 21 641 71 205 374 600 313 206 674 82 467 359 221 6 540 434 481 305
