5095
158 157 573 164 889 467 328 236 801 424 778 356 145 159 624 124 264 892 321 458 45 744 986 143 522 313 819 735 658 695 439 643 311 440 620 118 629 845 869 437 121 529 153 853 788 18 683 442 249 698 875 817 372 466 206 461 678 649 175 916 102 632 777 333 94 600 532
877 155 337 725 553 723 24 9 998 478 803 895 686 580 559 977 802 926 978 699 944 289 884 402 133 140 586 70 900 273 483 861 64 250 119 137 154 794 865 417 789 271 292 880 541 167 433 312 918 938 948 468 773 472 454 361 63 303 902 556 107 988 870
231 741 431 198 150 969 762 349 436 162 907 243 120 367 31 636 204 475 928 722 597 814 52 207 715 259 872 750 462 450 160 59 66 569 833 225 934 571 581 767 712 563 53 308 96 191 920 260 694 927 80 764 266 232 108 47 595 613 109 375 714 598 871 169 991 240 847 545 985
656 657 365 224 176 388 210 69 81 768 504 403 11 339 668 272 419 91 482 806 346 275 327 887 876 409 335 310 729 721 95 860 898 846 635 924 23 33 706 596 276 451 163 885 362 491 646 608 300 334 610 818 278 842 981 674 908 679 823 672 936 487 398 460 530
839 138 385 405 165 125 147 29 184 223 647 490 626 810 84 733 933 606 3 188 968 486 397 281 797 302 575 997 919 511 116 218 195 488 752 923 562 113 560 67 516 371 88 71 126 737 77 474 364 58 448 117 687 599 97 518 682 254 199 749 389 816 663 931 601 358 314
4 868 493 341 607 550 212 294 44 904 510 638 917 730 331 592 1 284 379 495 257 391 577 786 156 86 99 582 897 505 251 242 761 551 13 748 489 852 152 652 980 20 441 728 692 470 378 473 874 821 665 787 800 517 630 899 811 299 519 807 982 542 697 177 394 92 970 688 609
202 492 543 151 105 681 132 290 971 726 677 401 497 570 170 344 512 689 675 653 650 644 455 42 10 435 763 239 830 841 576 693 72 557 594 230 122 74 416 50 217 619 12 738 171 186 456 480 590 149 627 962 485 182 836 200 995 248 471 641 82 533 621 244 104
873 537 37 863 966 589 508 942 68 782 527 502 134 631 291 520 60 296 319 135 703 828 549 194 775 395 914 743 85 479 813 227 142 959 628 26 326 616 274 951 75 168 690 172 844 305 587 332 994 604 662 286 414 234 558 36 340 21 922 330 323 525 785 144 964 979 848 615 148
954 404 648 864 262 727 854 781 101 1000 115 851 127 98 567 61 565 428 930 393 301 407 453 883 664 879 352 700 766 747 406 357 469 701 623 174 229 566 78 947 306 325 434 975 19 316 146 196 921 386 307 499 973 287 634 757 941 829 888 809 639 850 905 867 935 219 983 659 684 561 348
79 588 531 554 866 447 808 220 185 128 765 760 48 856 17 732 16 187 614 415 857 377 667 753 381 972 55 298 459 57 5 584 771 112 237 843 261 784 776 410 111 130 38 603 958 500 370 282 666 245 100 796 129 987 265 14 354 452 903 912 426 429 960 445
76 538 363 990 955 228 882 465 957 506 894 547 338 93 837 359 216 15 110 734 805 34 790 792 759 855 288 754 799 233 612 779 211 46 8 283 915 707 640 173 528 179 35 515 524 83 713 178 32 755 246 412 637 27 932 945 427 618 913 90 540 669 622 318 939 350
976 258 651 993 477 535 719 645 267 463 366 826 798 255 343 815 513 583 329 197 430 974 769 578 822 544 572 555 710 996 181 304 827 201 2 253 956 192 564 691 611 180 123 387 539 376 617 353 739 252 161 399 849 390 443 238 952 222 65 685 579 704 322 166 999
498 336 602 862 7 54 141 438 418 40 6 831 203 256 940 457 925 277 950 670 591 711 369 890 226 347 605 247 949 279 28 131 494 783 509 373 909 967 702 696 795 742 280 351 51 642 235 736 43 269 421 285 552 984 758 514 886 56 368 731 89 910 501 49 965 660 241
30 408 824 496 891 593 716 25 41 625 709 717 946 896 213 411 838 943 342 633 114 812 446 208 190 22 680 961 484 661 963 73 315 671 324 835 574 791 840 745 295 345 521 106 317 906 654 526 139 832 746 39 772 929 481 911 384 655 268 780 878 720 270 820 360
444 87 383 770 774 392 825 901 751 136 355 420 374 413 546 293 221 893 937 536 534 585 503 881 804 423 676 382 449 548 183 425 756 205 705 464 740 320 953 103 568 209 193 989 507 718 422 215 62 309 400 673 214 263 992 523 396 297 708 858 859 793 724 432 834 380 476 189
