18435
265 284 477 242 108 420 463 140 478 494 253 489 74 128 35 487 316 44 65 462 122 415 8 329 226 155 214 422 312 324 481 468 162 375 244 216 46 264 421 154 225 249 195 480 431 258 104 432 81 119 53 58 475 89 439
277 29 64 341 293 84 366 306 66 174 303 218 221 436 332 45 22 476 78 400 201 160 279 437 30 59 1 467 443 116 313 210 90 266 466 340 251 86 236 115 310 274 309 314 161 235 56
185 113 424 204 318 54 486 335 88 370 70 447 282 288 446 131 385 243 57 418 91 148 338 260 227 159 401 232 435 469 233 352 68 337 123 276 355 319 403 209 96 326 126 297 383 39 391 295
308 180 373 219 409 121 300 38 396 289 200 389 27 294 272 87 12 228 247 398 213 157 407 434 482 256 152 499 304 302 281 238 48 182 36 386 183 3 20 52 273 270 19 107 239 285 384 339 440
255 203 328 234 165 134 168 491 419 33 110 345 498 283 139 151 188 382 379 449 41 411 111 14 43 241 427 73 299 250 206 50 490 137 94 144 408 450 333 13 149 280 248 6 423 4 5 163 207 169 93 101 147 95
474 69 330 199 395 261 106 133 211 351 224 425 291 412 372 417 217 186 118 377 497 495 127 348 222 26 347 32 120 456 442 493 76 79 428 10 354 363 479 179 464 237 413 171 146 457 369 402 2
287 259 452 51 164 359 350 311 92 40 61 181 135 82 212 263 390 37 99 196 367 269 145 173 471 342 414 364 305 374 451 353 296 24 460 405 381 488 346 362 31 473 109 444 231 393 286 455 323 358 175 470 49 349 150
158 11 368 129 103 60 361 142 278 75 292 458 360 229 117 28 388 16 465 193 141 184 197 454 105 187 325 63 404 257 271 246 378 252 343 307 167 484 21 191 77 114 267 438 172 205
143 85 102 397 98 170 153 320 194 492 322 189 156 483 47 71 176 331 406 15 97 376 433 223 327 392 429 262 72 190 230 202 380 192 83 472 220 445 198 124 301 275 441 268 426 371 55 166 448
17 136 80 18 298 453 500 387 336 399 125 42 25 459 208 410 290 62 34 496 315 317 430 138 321 240 9 344 485 356 7 245 215 67 254 130 334 365 132 112 416 177 357 461 178 394 100 23
