5095
444 868 431 862 150 966 589 262 727 854 801 971 760 831 203 559 977 802 925 277 978 188 968 711 369 890 650 644 676 382 710 996 183 425 756 64 959 464 551 13 748 489 951 581 568 707 50 217 640 507 718 422 215 62 906 788 260 673 713 948 552 984 466 514 682 254 916 905 82 777 333 94 601 358 104
877 138 602 553 993 477 535 719 294 625 768 504 403 502 851 631 272 15 428 597 393 301 407 453 883 680 961 449 310 218 195 488 112 211 46 8 745 784 371 345 20 316 885 491 646 918 938 414 234 39 772 929 481 518 678 649 859 199 913 90 598 834 394 92 622 820 360
873 824 198 723 770 774 392 825 901 29 267 778 356 856 293 221 893 636 204 475 342 633 986 143 381 972 819 352 754 116 813 66 569 705 237 843 229 852 845 706 325 276 975 541 126 400 500 474 364 58 739 764 266 232 108 47 595 922 384 323 452 903 878 632 322 429 960
976 258 651 656 990 955 969 125 147 510 243 917 940 124 815 513 1 3 534 585 675 653 792 759 586 876 247 335 479 729 721 315 142 576 693 620 118 629 193 521 111 106 317 146 737 77 456 480 590 149 32 755 246 412 637 27 858 361 63 850 102 501 970 688 532
839 30 336 725 496 891 593 889 467 328 236 41 44 184 223 647 490 626 810 837 359 567 61 344 583 91 482 806 346 302 575 997 42 735 99 582 548 181 304 827 494 783 26 320 794 865 74 947 437 410 173 451 163 351 920 83 927 80 665 787 800 517 630 911 330 618 731 724 389 169 556 931 107 545 314
158 87 538 363 341 607 176 388 210 128 781 6 374 11 580 570 457 937 536 110 734 805 34 790 715 259 455 855 288 700 273 483 233 752 923 628 2 253 956 168 596 180 844 153 191 167 654 526 617 353 499 973 161 399 757 842 981 674 809 908 679 823 704 49 965 660 241
954 337 657 365 24 9 998 69 136 355 717 826 798 256 730 331 732 16 187 943 699 689 486 814 52 207 327 887 750 658 57 279 406 95 860 898 846 261 192 702 696 292 130 38 309 994 370 282 252 100 796 129 932 811 299 519 807 639 248 471 641 177 426 533 318 939 350
231 741 202 383 543 864 438 418 478 803 895 338 93 668 411 606 614 415 944 289 884 402 133 190 22 347 298 435 450 799 861 227 841 201 562 113 571 566 78 789 529 305 51 642 958 362 736 139 286 300 334 610 818 278 941 829 888 368 749 432 720 240 847 988 870
76 573 164 151 105 681 132 290 904 424 726 677 120 255 343 592 321 329 670 591 397 281 797 522 313 919 10 459 766 747 28 830 671 250 119 137 154 840 909 33 416 652 121 434 308 96 738 171 694 269 178 468 773 472 987 265 14 995 525 542 697 935 902 991 166 999
4 588 648 165 508 942 68 782 527 413 546 896 98 170 565 928 722 744 503 881 804 423 555 900 763 439 131 251 324 835 574 791 953 417 869 563 53 123 19 35 515 524 386 874 421 666 245 287 634 849 390 454 175 982 89 871 816 936 487 398 460 530
155 493 492 54 141 716 25 162 907 638 497 84 213 216 838 60 458 45 930 974 769 578 822 544 572 156 511 949 963 73 311 440 623 174 560 67 75 691 619 12 179 539 235 376 608 832 285 627 962 485 182 899 945 427 354 785 144 964 979 848 684 985
79 537 531 554 866 447 212 645 751 81 101 1000 115 134 17 264 892 296 284 379 495 257 391 577 786 872 879 605 743 85 160 505 205 833 509 373 103 23 209 712 795 742 280 587 332 18 921 312 307 448 117 687 599 297 708 836 109 375 714 540 669 663 600 609
498 157 7 224 762 349 436 506 894 547 686 339 31 926 950 197 430 114 812 446 208 226 664 55 914 462 239 242 761 72 557 594 230 122 767 271 980 88 71 603 470 378 473 43 442 249 698 875 817 372 97 206 461 238 952 222 65 685 579 912 219 380 476 561 348
404 37 863 550 808 220 185 40 709 420 48 946 127 367 733 933 419 857 377 667 753 275 140 70 484 661 5 584 612 779 225 934 635 924 516 967 295 306 690 172 880 387 853 433 604 662 821 746 523 396 758 613 655 268 780 867 672 983 659 621 244 189
408 385 405 228 882 465 957 765 463 366 401 145 159 624 291 520 512 319 135 703 828 549 194 775 395 86 409 695 897 59 643 771 357 469 701 740 326 616 274 283 915 564 152 776 611 989 528 441 728 692 196 186 683 214 263 992 558 36 340 21 443 886 56 200 793 303 910 270 615 148 445
