5095
976 498 741 202 993 477 262 727 854 506 894 547 338 93 730 733 291 606 614 342 633 114 812 446 208 226 347 298 435 763 239 66 250 119 137 154 840 915 789 306 690 980 507 451 163 603 470 921 312 918 713 948 468 773 472 932 461 238 655 731 724 102 704 501 49 318 939 350
839 30 336 588 492 966 589 176 388 210 68 782 527 120 159 624 124 732 16 187 1 3 329 319 135 703 828 549 194 775 395 879 735 99 766 747 28 830 95 242 761 72 557 326 616 274 951 581 417 295 325 180 106 587 332 433 456 480 300 334 610 818 278 842 330 175 916 714 598 669 380 476 358 314
873 824 198 150 54 882 465 29 184 223 647 502 851 256 977 343 815 513 583 534 585 486 397 281 797 302 575 997 872 819 511 949 963 73 357 469 2 253 956 852 845 691 410 172 844 153 728 692 994 604 874 286 414 973 161 399 757 708 443 682 361 63 850 905 867 935 92 622 820 360
4 868 431 862 7 224 762 349 436 781 101 1000 115 946 255 31 893 636 188 968 675 653 650 644 455 42 10 700 661 996 181 304 827 311 440 509 635 103 568 776 611 521 123 422 215 62 146 400 500 646 608 832 746 32 755 246 36 340 21 427 254 908 679 823 902 777 533 621 244 104
158 155 337 725 553 723 770 774 392 825 901 128 803 895 826 798 559 802 264 15 91 482 806 346 578 822 544 664 55 914 695 897 59 643 756 612 779 464 846 748 560 67 192 564 707 217 640 880 316 539 362 77 617 353 739 252 100 796 129 829 888 109 982 785 144 964 82 169 394 848 965 660 241
76 493 657 365 969 125 147 478 162 907 243 686 896 668 272 565 943 415 45 744 393 890 792 759 586 876 449 729 721 227 64 324 835 740 594 953 909 967 152 696 88 71 317 309 524 474 364 58 448 117 687 599 97 206 981 674 793 89 871 720 322 166 545 532
138 538 496 891 593 889 438 418 957 765 463 366 401 497 810 84 213 170 892 110 670 591 986 753 577 786 572 750 605 462 450 160 505 494 783 225 13 794 865 75 209 193 111 529 305 387 885 526 673 442 249 698 875 817 372 466 899 836 859 199 913 90 540 672 991 240 847 999
231 87 537 37 863 24 9 998 751 81 768 504 403 490 626 570 567 411 838 512 928 722 597 814 52 207 715 259 680 247 335 310 218 195 488 752 576 693 620 118 629 23 702 50 989 20 441 35 18 491 386 307 421 665 787 800 929 481 518 811 299 807 375 389 834 270 615 148 530
877 651 656 990 955 228 535 719 645 69 136 355 717 856 367 61 344 60 475 734 805 34 790 133 140 676 382 743 85 439 131 205 211 46 8 767 437 563 53 718 179 515 235 139 590 285 552 984 297 390 941 922 678 649 519 222 749 432 177 426 429 960 445
79 404 573 164 607 550 808 220 185 801 424 760 831 203 127 940 359 937 536 321 458 428 930 711 369 143 453 883 555 754 116 799 233 841 201 628 26 320 229 566 33 869 712 619 12 853 737 186 683 938 263 992 287 634 849 858 809 639 268 780 979 333 94 600 609
954 408 383 543 864 508 294 44 625 6 48 413 546 339 98 216 520 204 699 944 289 884 402 275 327 887 352 459 582 548 183 425 860 898 701 623 174 230 924 784 371 345 276 308 96 191 167 171 83 214 666 245 558 485 182 886 56 368 525 303 910 659 684 561 348
444 385 363 341 151 105 681 132 290 904 510 638 917 293 221 926 296 857 377 667 301 407 522 313 919 961 484 479 813 671 569 705 574 791 373 516 168 652 795 742 280 38 351 51 642 958 378 473 43 269 821 149 627 962 412 637 911 945 384 618 65 685 579 912 219 983 970 688 985
157 405 165 447 212 942 40 709 420 374 11 580 631 457 592 689 495 257 391 190 22 855 288 710 279 406 315 142 959 833 551 113 571 122 74 416 271 292 528 541 126 788 196 736 662 499 234 523 396 758 514 454 200 323 248 903 878 632 663 931 601 189
258 602 531 866 716 25 41 971 726 677 134 837 331 925 277 978 950 197 430 974 769 381 972 156 70 658 57 5 584 771 112 237 843 261 283 78 706 173 130 906 920 654 376 370 282 178 39 772 517 630 27 613 952 354 542 697 816 936 487 398 460
648 554 141 467 328 236 267 778 356 145 17 933 419 284 379 503 881 804 423 86 409 900 273 483 861 251 923 562 934 489 745 947 596 121 434 975 19 738 260 694 927 80 764 266 232 108 47 595 987 265 14 995 452 471 641 556 107 988 870
