5095
839 231 337 725 405 607 550 808 220 185 751 136 355 717 497 810 730 733 925 277 110 197 430 114 812 446 208 715 259 586 288 754 116 799 861 201 464 551 113 571 122 516 967 295 652 53 123 215 126 376 608 178 32 755 246 412 757 842 981 674 809 63 850 905 912 219 394 848 684 561 348
158 155 538 363 990 955 24 9 998 478 162 907 243 917 631 124 732 520 204 534 585 884 402 275 327 676 298 57 483 233 752 923 628 620 118 629 909 209 276 507 718 422 587 332 171 736 139 832 285 552 984 637 682 793 89 777 533 621 244 189
976 138 602 531 554 866 882 465 29 803 895 856 367 624 893 636 583 512 734 805 34 790 522 313 919 86 700 766 747 406 315 671 569 705 237 843 373 103 702 306 193 640 106 441 728 692 994 673 480 739 764 266 232 108 47 595 945 678 649 952 354 452 714 910 270 615 532
76 336 385 573 492 543 589 467 328 236 41 781 101 1000 115 946 127 570 457 937 536 321 458 428 930 974 769 578 226 872 42 10 435 5 584 64 324 835 225 13 229 915 707 596 121 434 308 96 541 788 196 312 918 938 414 973 287 634 849 390 443 330 175 982 785 144 964 902 501 622 318 241
444 87 537 657 365 224 176 388 210 68 782 527 120 84 213 216 892 1 296 928 722 597 393 301 881 302 575 997 680 511 949 439 227 142 576 693 72 557 326 616 274 951 192 168 271 111 529 975 19 316 35 515 362 77 617 442 249 698 875 817 372 466 514 829 888 109 375 903 540 935 983 333 94 601 358 104
873 824 862 648 165 447 212 294 801 424 778 356 826 798 940 359 592 943 699 689 711 369 890 650 544 887 750 605 462 450 160 505 612 779 833 846 230 75 691 611 619 305 738 18 370 282 666 245 558 796 129 987 265 14 995 525 303 720 92 970 688 985
877 741 202 7 54 141 716 25 506 894 547 831 203 256 668 272 419 950 944 289 486 397 281 797 381 972 819 735 99 695 897 59 771 860 959 119 137 154 840 852 784 152 776 292 130 317 309 400 526 491 386 874 286 499 234 627 962 485 182 911 886 56 200 519 222 724 102 632 936 820 360
954 157 496 969 125 147 40 6 374 11 580 17 264 15 188 968 675 653 792 775 395 961 484 661 963 73 95 494 783 509 635 924 33 706 437 410 795 528 179 146 958 186 456 713 948 468 773 472 27 811 299 807 199 248 471 641 979 556 931 107 545 314
30 408 588 341 228 535 719 645 625 709 420 338 93 255 31 411 606 614 415 284 379 495 257 391 577 786 572 555 459 582 729 721 131 205 211 46 8 865 74 564 789 696 180 880 351 51 642 524 500 646 43 269 80 149 992 523 396 297 708 427 618 268 780 697 177 380 476 148 530
4 868 431 198 553 993 477 392 825 901 44 184 223 647 502 145 293 221 170 838 978 342 633 814 52 207 759 382 710 279 28 643 66 898 701 740 594 560 67 767 50 217 172 844 153 62 885 260 683 214 263 610 818 278 518 613 323 749 389 704 169 991 166 988 870
498 404 493 723 891 593 262 727 854 69 81 768 504 403 490 626 896 977 343 926 475 857 377 667 753 133 190 22 347 876 409 900 479 813 112 562 934 794 566 78 989 12 603 470 694 353 821 334 39 772 929 481 899 836 859 639 913 432 834 426 49 965 660 939 350
79 37 863 966 889 438 418 957 267 760 48 413 546 339 98 567 933 16 187 60 91 482 806 346 822 644 455 855 879 352 449 996 183 425 756 357 469 574 791 261 568 845 416 325 742 280 387 167 654 378 473 307 421 252 161 399 758 941 454 254 908 679 823 82 322 240 847 999
258 651 656 164 151 105 681 132 290 904 510 638 686 159 802 815 513 3 670 591 986 143 804 423 156 247 335 310 218 195 488 841 250 2 253 956 581 417 869 712 563 173 451 163 906 539 235 474 364 58 448 117 687 599 97 206 461 238 368 916 90 598 867 672 663 600 609
150 864 508 942 128 765 463 366 401 134 559 331 61 565 45 744 503 407 453 883 664 55 914 743 85 273 548 181 304 827 311 440 623 174 748 489 745 947 690 980 20 38 853 737 433 83 927 300 665 787 800 517 630 932 858 361 65 685 579 871 816 659 487 398 460
383 770 774 762 349 436 971 726 677 851 837 291 344 329 319 135 703 828 549 194 140 70 658 763 239 830 251 242 761 26 320 953 283 23 371 345 521 88 71 191 920 921 604 662 590 746 100 36 340 21 922 384 655 731 542 878 669 429 960 445
