5095
976 498 868 725 553 723 770 24 9 998 478 162 907 638 413 546 17 732 520 583 534 585 884 402 275 140 555 658 695 897 505 841 201 562 113 571 865 78 789 345 989 975 163 603 18 921 694 282 178 558 485 182 899 858 519 375 102 910 659 684 561 348
158 30 408 824 383 543 774 882 465 957 625 709 420 374 946 127 293 359 291 606 614 342 633 711 369 890 792 759 382 484 279 28 494 783 225 934 635 745 416 712 619 12 179 332 994 312 307 499 234 39 772 929 481 682 361 916 90 598 632 936 820 360
877 155 337 363 990 955 866 392 825 901 29 971 760 831 856 940 636 689 495 257 391 804 423 511 949 963 73 315 671 569 705 237 843 489 103 568 564 152 371 121 106 351 51 642 171 500 474 364 448 117 687 599 758 911 678 649 809 908 679 823 935 902 501 970 688 532
444 87 651 656 862 7 224 762 349 436 781 101 1000 115 851 580 631 124 264 892 512 928 722 744 503 881 133 190 22 676 298 85 273 483 233 64 324 835 464 72 557 326 616 274 951 417 869 217 640 173 130 316 146 958 491 646 370 713 948 468 773 472 941 922 330 952 222 65 685 579 816 92 622 318 939 350
873 588 993 477 889 467 328 236 41 40 6 48 497 810 559 977 802 933 344 978 950 944 289 397 281 797 381 972 819 735 459 763 548 181 304 251 242 761 551 137 154 840 909 967 706 696 276 20 38 728 196 77 617 353 821 334 610 818 278 461 981 674 995 850 905 912 219 394 848 487 398 148 530
839 336 493 573 164 607 141 447 212 294 44 184 223 647 686 570 457 925 277 458 428 597 393 301 653 650 544 572 156 10 435 766 747 584 771 357 469 701 740 594 229 852 784 437 563 880 387 853 400 186 456 442 249 698 875 817 372 97 206 454 254 199 248 471 641 177 991 240 847 460
76 431 198 657 365 969 125 147 751 803 895 502 145 730 331 926 204 329 284 379 675 407 453 883 347 70 754 116 183 425 827 205 574 791 373 74 209 702 271 521 111 308 96 62 126 788 526 673 480 80 764 266 232 108 47 595 987 265 14 354 268 780 867 672 777 333 94 600 609
4 537 531 554 550 808 220 185 506 894 547 11 256 84 221 170 565 321 475 734 805 34 790 715 259 455 855 879 409 900 661 310 218 195 488 752 959 833 509 953 283 767 596 529 305 215 441 35 515 524 378 473 43 269 263 973 161 399 849 390 613 175 63 542 878 82 322 429 960 445
231 602 341 54 262 727 854 801 81 768 504 403 338 93 159 31 411 513 1 3 188 968 486 814 52 207 327 887 750 605 743 582 239 830 227 311 440 623 174 230 924 691 611 795 742 280 906 539 736 662 286 414 627 962 412 637 27 932 945 427 655 731 724 432 834 533 621 244 189
79 404 37 863 151 105 681 132 290 904 424 726 677 120 339 668 272 419 45 930 114 812 446 302 575 997 872 42 876 99 57 5 406 95 923 2 253 956 192 168 172 451 541 167 654 83 927 300 665 787 800 517 630 886 56 368 982 303 169 380 476 545 985
138 538 150 228 535 719 645 765 463 366 401 203 98 567 61 838 943 699 670 591 986 143 522 313 919 86 247 335 479 813 142 576 693 846 261 23 33 776 410 434 507 718 309 737 260 386 874 58 739 285 552 984 466 514 836 618 749 389 426 49 965 660 241
954 741 202 496 891 593 716 25 69 136 355 717 826 798 213 216 16 187 60 296 197 430 974 769 578 577 786 586 352 710 996 439 756 112 119 13 748 560 122 75 947 306 193 980 88 71 317 692 470 376 608 421 746 32 755 246 36 340 21 443 384 200 323 525 785 144 964 979 556 107 988 870
258 385 648 165 438 418 128 267 778 356 134 367 624 893 937 536 110 319 135 703 828 549 194 775 395 288 700 729 721 131 860 898 628 26 320 794 581 915 707 690 292 123 19 587 885 362 604 918 938 590 149 992 523 396 297 518 238 859 793 89 871 669 663 931 601 358 314
157 492 966 589 176 388 210 510 243 490 626 896 837 733 815 15 91 482 806 346 208 226 664 55 914 462 450 799 861 66 250 620 118 629 566 516 845 295 50 325 53 528 422 738 235 683 214 252 100 796 129 708 811 299 807 639 452 714 697 704 983 166 999
405 864 508 942 68 782 527 917 255 343 592 415 857 377 667 753 822 644 680 961 449 160 59 643 612 779 211 46 8 67 652 180 844 153 191 920 433 139 832 666 245 287 634 757 842 829 888 109 913 903 540 720 270 615 104
