5095
976 741 202 405 24 9 998 751 803 895 120 127 940 359 567 815 513 583 91 482 806 346 650 644 347 876 710 279 304 112 211 46 8 566 33 371 345 975 387 642 171 921 312 662 80 666 245 558 36 340 21 836 361 63 913 903 540 777 429 960 445
158 87 651 656 492 543 554 550 825 901 69 136 355 717 851 580 631 272 892 614 857 377 667 753 275 140 55 914 462 479 218 195 488 612 779 237 843 953 852 564 707 652 53 528 422 126 400 362 491 386 307 448 117 687 599 97 932 945 454 793 89 720 240 847 545 314
873 431 198 657 365 866 105 681 132 290 184 223 647 490 626 256 730 331 411 838 950 197 430 114 812 446 208 226 664 352 435 450 160 59 643 227 142 959 835 119 137 154 840 865 75 209 702 193 121 434 106 317 906 539 235 83 927 300 334 100 796 129 708 443 886 56 200 995 724 102 871 816 426 533 621 244 104
954 404 553 993 477 882 465 29 625 6 48 946 367 624 124 61 565 110 944 289 486 814 52 207 327 887 879 511 766 747 28 131 205 833 740 594 230 581 767 691 410 795 742 280 603 958 186 918 214 263 610 818 278 981 674 655 850 905 910 936 318 939 350
76 336 385 383 770 774 392 808 220 185 40 709 420 374 413 546 896 837 733 925 277 45 930 974 769 578 133 190 22 919 298 900 763 439 315 671 569 705 464 846 229 192 416 696 173 130 191 920 654 500 474 364 414 552 984 297 941 682 809 731 542 878 632 169 556 931 107 988 870
839 231 337 725 496 891 864 262 727 854 44 904 424 760 686 339 668 291 520 204 475 734 805 34 790 792 759 586 86 409 335 310 729 721 756 251 242 761 26 320 373 909 168 521 111 529 153 441 167 646 608 58 948 627 962 485 182 206 427 952 222 65 685 389 834 270 615 532
877 138 602 573 164 593 889 716 25 41 267 463 366 338 93 159 343 933 606 60 512 928 722 744 986 143 522 313 555 754 116 799 861 66 324 701 551 13 794 122 516 967 706 437 292 123 19 146 737 433 604 874 286 499 234 39 772 929 481 911 829 888 254 908 679 823 177 394 92 622 820 360
4 537 862 648 165 176 388 210 128 971 726 677 401 203 17 893 926 978 415 284 379 884 402 822 544 572 156 10 99 695 239 830 841 250 509 560 103 74 789 306 712 88 71 38 351 51 332 196 77 370 282 178 973 287 634 849 390 811 299 519 807 639 248 579 912 219 380 476 561 348
30 157 363 990 955 969 438 418 957 801 81 768 504 403 502 856 559 977 802 636 943 699 670 591 711 369 890 715 259 676 382 658 57 5 584 771 860 898 574 791 748 489 951 417 295 596 276 507 718 316 35 515 524 376 617 353 821 665 787 800 517 630 461 330 618 268 780 82 322 166 999
258 493 341 607 535 719 294 781 101 1000 115 134 293 221 170 344 296 342 633 393 301 407 453 883 455 855 288 700 661 813 827 494 783 623 174 261 745 784 152 271 172 844 305 541 885 694 938 590 746 468 773 472 518 613 175 982 785 144 964 672 991 970 688 985
444 868 37 863 966 589 508 942 68 782 527 11 216 16 187 1 689 495 257 391 577 786 680 961 449 996 183 425 64 201 562 113 571 568 845 869 217 563 880 215 62 309 526 456 480 739 285 875 817 372 466 514 238 323 525 303 979 848 684 358 189
79 588 7 54 141 467 328 236 478 162 907 638 917 570 457 937 536 321 458 428 597 503 881 302 575 997 872 42 735 459 582 548 181 406 311 440 2 253 956 78 690 980 451 163 728 692 470 378 473 43 269 421 764 266 232 108 47 595 384 368 916 90 598 867 902 659 487 398 460 530
155 538 531 224 762 349 436 506 894 547 831 497 810 84 213 732 419 534 585 397 281 797 804 423 819 743 85 273 483 233 357 469 628 620 118 629 924 915 776 611 640 619 12 179 853 260 683 713 252 161 399 758 899 987 265 14 354 452 471 641 669 333 94 601 148
408 150 151 125 147 765 778 356 826 798 255 31 264 15 188 968 675 653 381 972 750 605 247 949 963 73 95 923 72 557 326 616 274 283 23 947 50 325 180 308 96 738 994 736 139 832 149 992 523 396 757 842 922 678 649 859 199 749 432 935 983 663 600 609
498 824 723 228 447 212 645 510 243 145 98 592 3 329 319 135 703 828 549 194 775 395 70 484 897 505 752 576 693 225 934 635 67 989 20 587 788 18 673 442 249 698 32 755 246 412 637 27 858 109 375 714 697 704 501 49 965 660 241
