5095
976 155 337 725 492 774 392 825 901 971 726 677 401 145 293 221 170 892 1 3 699 689 495 257 391 190 22 555 459 763 239 830 95 860 898 701 623 174 261 75 371 325 180 106 738 526 83 282 178 875 817 372 466 987 265 14 995 452 471 641 704 501 615 104
873 202 553 993 477 889 467 328 236 41 69 136 355 717 134 17 893 933 16 187 60 475 45 744 986 143 381 972 605 743 85 273 483 861 752 576 693 2 253 956 78 947 437 276 130 422 215 441 728 692 196 376 608 832 746 468 773 472 238 952 354 268 780 867 169 380 476 358 148 530
4 868 431 496 891 593 882 465 478 162 907 243 917 98 124 592 943 284 379 675 653 275 327 887 750 409 900 661 310 729 721 131 205 833 509 373 192 295 306 696 795 975 163 603 885 736 662 286 948 39 772 517 630 899 945 454 109 982 785 144 964 672 556 931 107 545 314
839 258 537 405 866 535 719 645 128 267 463 366 120 631 937 536 91 482 806 346 578 302 575 997 680 961 435 963 73 142 959 574 791 794 745 702 345 172 844 153 541 126 788 18 673 480 821 334 610 818 278 836 809 63 850 579 912 848 240 847 999
954 741 538 383 543 969 125 147 29 781 6 831 203 896 668 264 15 110 670 591 393 301 881 133 140 676 879 511 949 548 218 195 488 251 923 628 225 13 748 560 67 23 33 776 611 111 529 451 191 920 433 312 307 499 973 161 399 757 27 932 858 361 65 685 432 720 983 429 960 445
79 157 573 164 607 550 808 220 185 44 625 768 504 403 490 626 810 837 733 926 614 428 930 114 812 446 208 522 313 919 10 99 57 183 425 771 357 469 464 846 635 283 568 209 706 652 989 507 12 387 470 617 927 300 666 245 558 796 129 708 811 299 519 807 199 248 903 540 669 663 600 609
158 30 408 656 862 150 966 589 176 388 210 68 782 527 686 580 570 457 925 277 342 633 711 369 890 650 644 855 352 754 116 799 233 827 311 440 72 557 594 230 103 168 271 619 305 906 539 654 260 386 874 590 149 32 755 246 412 637 911 886 56 200 323 749 389 177 49 318 241
498 336 385 531 554 716 25 765 778 356 826 798 256 940 359 567 61 606 415 857 377 667 753 792 759 586 382 449 5 584 612 779 119 934 489 951 915 564 152 50 217 640 173 308 96 62 146 737 921 604 918 938 414 234 627 962 485 182 206 682 368 731 542 697 834 991 970 688 532
444 404 493 657 365 224 762 349 436 184 223 647 338 93 367 31 636 512 928 722 597 814 52 207 715 259 872 819 735 462 450 160 505 494 783 26 326 616 274 566 516 845 596 292 20 587 524 491 646 139 713 698 100 36 340 21 443 384 655 525 303 871 979 936 487 398 460
76 824 198 7 864 262 727 854 904 803 895 502 856 84 213 272 565 188 968 486 397 281 797 577 786 395 288 700 582 439 756 64 324 835 551 137 154 840 909 789 690 980 88 71 38 351 332 958 378 473 43 269 421 764 266 232 108 47 595 461 427 254 908 679 823 935 219 394 92 622 820 360
877 138 602 363 341 151 105 681 132 290 424 760 48 413 546 339 343 815 513 978 534 585 503 407 453 883 347 298 766 747 406 315 671 250 211 46 8 122 967 521 742 280 309 400 186 683 214 263 992 523 396 758 514 829 888 222 724 102 816 777 333 94 601 189
588 723 770 24 9 998 751 510 638 497 159 624 291 520 204 950 197 430 974 769 226 664 55 914 484 996 181 304 112 620 118 629 924 767 691 563 53 528 317 167 171 500 456 448 117 687 599 97 518 613 175 375 714 598 82 426 533 621 244 985
231 87 651 37 863 54 141 438 418 957 801 81 101 1000 115 851 559 977 802 732 419 458 734 805 34 790 804 423 70 710 279 28 643 242 761 740 320 229 581 74 869 712 434 880 853 362 77 474 364 58 80 665 787 800 929 481 330 618 916 905 632 322 166 988 870
990 955 228 508 942 40 709 420 374 11 127 730 331 411 838 321 296 944 289 884 402 822 544 572 156 86 247 335 479 813 227 841 201 562 113 571 865 417 416 193 410 123 19 316 35 515 235 694 353 739 252 287 634 297 390 941 922 678 649 859 793 89 910 270 965 660 939 350
648 165 447 212 294 506 894 547 946 255 216 344 583 329 319 135 703 828 549 194 775 455 42 876 658 695 897 59 66 569 705 237 843 953 852 784 707 121 718 179 51 642 994 370 442 249 285 552 984 849 842 981 674 639 913 90 878 902 659 684 561 348
