5095
839 231 651 431 198 150 228 535 719 645 128 765 463 366 826 798 367 624 124 732 520 321 188 968 486 711 369 143 775 395 298 459 763 729 721 131 205 211 46 8 924 915 564 152 371 325 180 308 96 316 642 958 362 312 918 214 746 468 773 472 27 932 886 56 200 323 525 785 144 964 935 270 615 148
877 741 202 405 165 438 418 44 510 243 917 293 221 264 892 1 3 329 284 379 397 281 797 302 575 997 872 382 743 85 310 218 195 488 841 201 628 225 13 748 560 122 75 789 50 712 173 130 387 692 470 186 370 832 334 627 962 412 637 206 981 674 655 731 724 102 871 902 556 107 988 870
976 79 602 363 341 54 141 716 25 41 40 6 831 203 339 98 893 636 60 475 928 722 597 503 407 453 883 664 55 914 99 695 897 59 95 242 761 72 557 594 230 417 295 690 292 123 422 738 171 500 456 442 249 698 875 817 372 97 858 618 65 685 579 816 92 622 820 360 445
76 336 725 531 151 762 349 436 184 223 647 413 546 896 668 216 838 978 415 857 377 667 301 881 577 786 572 555 754 116 799 233 142 576 693 620 118 629 852 33 776 121 529 451 351 126 788 491 139 713 948 552 984 466 514 811 299 519 807 639 850 905 912 983 663 931 600 609
4 408 656 164 607 447 808 220 185 781 101 1000 115 134 570 272 606 943 197 430 114 812 446 208 522 313 819 352 449 279 584 112 562 934 635 67 74 707 437 980 742 280 906 539 235 694 927 300 252 161 399 758 911 945 678 649 109 542 979 333 94 601 358 314
158 30 157 553 723 554 866 105 681 132 290 904 424 726 677 401 686 256 802 933 16 187 458 45 744 986 753 792 759 586 288 661 963 73 752 898 26 326 616 274 566 845 702 271 640 619 12 179 51 167 18 646 608 58 739 285 523 396 757 987 265 14 354 268 780 878 632 429 960
954 87 537 383 770 774 392 825 901 69 136 355 717 851 127 17 592 296 689 495 257 391 226 42 735 710 996 183 425 756 494 783 623 174 489 951 192 691 410 434 106 317 35 515 260 683 938 263 610 818 278 613 859 63 913 90 598 867 834 936 487 398 460 530
873 824 493 573 7 224 262 727 854 625 709 420 374 11 580 940 359 567 815 513 614 428 930 974 769 578 822 644 680 961 435 766 747 28 771 357 469 464 509 261 767 696 172 305 215 441 728 994 921 386 307 448 117 687 599 297 941 836 952 222 749 432 720 322 318 939 350
444 337 862 492 543 969 125 147 68 782 527 502 856 84 213 170 565 110 734 805 34 790 804 423 855 876 409 900 450 160 505 612 779 574 791 229 909 967 168 611 795 975 146 737 378 473 874 821 666 245 287 634 849 390 461 330 175 375 714 697 82 659 684 561 348
498 868 588 993 477 882 465 29 803 895 120 159 31 411 419 342 633 393 890 133 190 22 347 70 658 57 439 643 227 311 440 2 253 956 581 78 947 596 276 20 38 853 400 604 662 286 499 39 772 929 481 518 238 995 452 903 540 672 777 533 621 244 104
138 538 648 864 508 294 267 778 356 338 93 631 457 937 536 534 585 675 653 650 544 455 750 605 484 479 813 251 923 237 843 953 283 568 209 706 217 563 528 62 309 524 376 617 353 80 665 787 800 517 630 842 829 888 809 908 679 823 177 426 49 965 660 241
404 37 863 966 589 176 388 210 478 162 907 638 145 730 331 925 277 699 670 591 814 52 207 715 259 676 247 335 239 830 64 250 701 551 137 154 840 103 23 193 521 111 880 541 885 526 673 480 590 149 992 558 485 182 899 922 384 254 199 248 471 641 669 380 476 545 985
258 657 365 24 9 998 751 81 768 504 403 497 837 733 291 344 583 512 319 135 703 828 549 194 140 919 10 700 582 548 181 304 827 860 959 835 119 113 571 745 869 88 71 163 603 433 83 282 178 234 32 755 246 36 340 21 443 682 361 982 303 910 219 394 848 240 847 189
155 496 891 593 889 467 328 236 957 801 971 760 48 946 255 61 15 91 482 806 346 275 327 887 879 511 949 5 406 315 671 569 705 846 794 865 784 306 652 989 507 718 19 587 332 196 736 43 269 421 764 266 232 108 47 595 454 793 89 169 991 970 688 532
385 990 955 550 212 942 506 894 547 490 626 810 559 977 343 926 204 950 944 289 884 402 381 972 156 86 462 273 483 861 66 324 833 740 320 373 516 416 345 53 844 153 191 920 654 77 474 364 414 973 100 796 129 708 427 368 916 389 704 501 166 999
