5095
839 231 87 651 431 198 657 365 969 438 418 957 781 101 1000 115 134 293 221 592 583 534 585 884 402 577 786 887 605 459 582 183 425 227 64 250 623 174 230 915 292 880 541 126 788 491 608 832 334 610 818 278 238 952 354 452 780 912 663 600 609
444 157 363 990 955 589 508 942 68 782 527 120 896 98 124 61 16 187 60 512 928 722 597 503 407 453 883 664 55 914 743 85 160 505 612 779 833 509 635 566 168 690 980 88 71 38 603 885 260 386 874 178 468 773 472 518 811 299 519 807 199 248 471 641 816 426 333 94 601 358 189
877 868 725 383 593 889 716 25 41 40 6 374 851 127 367 624 170 838 943 699 689 486 397 281 797 522 313 819 70 57 279 584 357 469 237 843 953 283 74 947 345 795 742 280 387 18 312 307 448 117 687 599 97 206 461 981 674 809 63 913 432 979 848 684 561 348
976 498 336 538 341 151 125 147 128 184 223 647 917 570 272 606 204 475 857 377 667 753 822 327 680 352 710 897 59 66 569 835 464 72 557 594 560 122 75 209 295 652 989 20 906 539 235 673 480 739 285 627 962 485 182 330 618 749 389 983 659 318 939 350
158 30 656 862 150 228 535 719 645 69 136 355 420 502 145 730 733 291 344 91 482 806 346 275 140 676 382 754 116 813 671 324 701 551 137 154 840 909 702 50 325 276 173 130 317 309 400 362 77 474 364 58 414 234 32 755 246 412 637 27 858 254 908 679 823 935 902 270 615 148
873 824 37 863 966 392 825 901 29 971 726 677 413 546 255 457 937 536 321 458 45 744 393 301 881 715 259 872 42 10 700 766 747 28 643 756 841 201 562 13 794 865 417 789 696 180 12 179 35 515 526 83 938 590 149 992 558 36 340 21 682 655 731 89 871 720 322 166 999
4 408 588 553 993 477 882 465 44 162 907 638 11 580 559 31 925 277 978 950 197 430 974 769 578 302 575 997 919 961 449 5 304 827 311 440 740 326 616 274 78 563 123 642 958 376 617 927 300 252 161 399 849 842 454 793 303 910 394 92 970 688 532
76 337 492 543 24 9 998 751 803 895 856 631 567 815 513 3 734 805 34 790 133 190 22 347 298 435 763 548 181 406 315 112 225 934 261 516 416 217 172 844 153 191 920 654 736 662 286 499 973 287 634 758 514 886 56 859 639 850 905 82 501 49 965 660 241
138 385 723 770 774 762 349 436 506 894 547 831 203 339 977 343 926 614 428 930 711 369 890 650 544 572 555 658 695 239 830 142 576 693 620 118 629 924 967 706 596 521 111 106 587 737 433 694 353 821 666 245 100 796 129 708 384 222 65 685 579 834 991 240 847 314
258 537 531 554 866 105 681 132 290 625 709 717 497 810 837 331 411 419 188 968 675 653 792 759 586 86 99 949 963 73 251 959 211 46 8 67 192 564 869 193 410 434 507 718 19 441 728 692 470 500 456 713 948 875 817 372 466 941 922 678 649 109 982 785 144 964 704 169 380 476 988 870
954 741 202 573 164 607 550 808 220 185 904 510 243 490 626 668 216 892 342 633 114 812 446 208 226 455 855 288 462 273 483 861 494 783 846 748 489 951 581 767 271 308 96 351 853 196 186 683 442 249 698 523 396 297 390 443 836 200 323 724 102 867 177 556 931 107 545 985
79 602 7 54 141 176 388 210 478 424 463 366 401 686 84 213 893 636 1 296 670 591 986 143 381 972 750 409 900 479 729 721 95 242 761 26 320 229 745 784 707 306 437 121 529 975 316 332 378 473 43 269 80 665 787 800 517 630 932 945 427 368 268 903 540 219 622 820 360 445
155 493 648 224 262 727 854 267 778 356 826 798 256 17 732 520 110 319 135 703 828 549 194 644 156 511 450 799 233 752 923 628 2 253 956 568 845 691 611 640 528 422 51 167 171 139 421 746 39 772 929 481 899 613 175 375 714 697 669 533 621 244 104
404 405 165 447 212 294 765 760 48 946 940 359 264 15 329 284 379 495 257 391 804 423 876 247 335 310 218 195 488 771 205 705 574 791 373 852 33 776 53 451 163 738 994 921 604 918 214 263 552 984 757 911 829 888 361 916 90 598 672 936 487 398 460 530
496 891 864 467 328 236 801 81 768 504 403 338 93 159 802 933 565 415 944 289 814 52 207 775 395 879 735 484 661 996 439 131 860 898 119 113 571 103 23 152 371 712 619 305 215 62 146 524 646 370 282 764 266 232 108 47 595 987 265 14 995 525 542 878 632 777 429 960
