5095
839 30 408 431 553 993 477 889 716 25 478 803 895 917 668 216 565 110 197 430 974 769 578 822 544 572 156 10 435 273 548 181 304 827 324 833 225 934 261 192 706 437 640 173 528 179 853 788 186 683 832 764 266 232 108 47 595 461 678 649 200 995 525 785 144 964 704 169 991 166 545 189
976 498 336 602 363 990 955 969 467 328 236 41 69 81 101 1000 115 134 367 733 291 520 614 415 944 289 486 814 52 207 715 259 680 511 450 160 59 643 64 898 119 137 154 840 581 78 789 596 980 880 316 35 515 235 83 269 80 665 787 800 929 481 911 427 254 63 850 579 979 556 107 988 870
258 537 383 543 151 392 825 901 162 907 243 490 626 810 17 636 321 91 482 806 346 208 226 455 750 605 449 279 28 131 357 469 701 623 174 953 909 209 702 193 989 20 38 738 196 694 927 300 666 245 558 485 182 899 945 454 361 916 905 910 219 848 240 847 999
877 155 198 657 365 24 9 998 751 136 355 420 374 11 127 730 331 264 15 188 968 884 402 275 327 887 879 70 658 766 747 584 205 237 843 229 283 568 652 121 975 309 958 362 673 214 252 287 634 758 514 836 222 749 389 669 333 94 601 148 530
444 868 493 341 607 141 125 147 68 782 527 851 580 940 893 926 978 699 689 711 369 890 522 313 819 735 462 729 721 612 779 562 13 794 745 784 271 795 305 387 146 400 378 139 421 746 39 772 517 630 206 981 674 655 89 632 983 663 931 600 609
954 385 492 864 438 418 957 506 894 547 831 497 159 31 272 344 60 512 734 805 34 790 792 759 586 86 247 335 310 218 195 488 771 860 959 835 464 740 326 616 274 566 516 967 869 325 529 451 163 51 167 456 713 948 468 773 472 932 384 952 354 268 903 878 834 659 487 398 460
76 824 725 573 164 224 262 727 854 801 424 760 686 896 837 221 170 838 943 319 135 703 828 549 194 775 395 961 695 897 505 752 250 846 748 560 852 416 50 712 563 53 308 96 587 332 994 736 43 442 249 698 875 817 372 466 708 858 368 65 685 432 935 902 394 92 970 688 985
4 337 496 891 593 105 681 132 290 184 223 647 338 93 255 343 815 513 204 950 670 591 397 281 797 804 423 919 288 754 116 799 861 66 923 2 253 956 33 292 844 153 191 18 491 386 874 286 499 32 755 246 412 297 443 238 618 731 724 102 672 533 621 244 104
158 404 656 723 770 774 762 349 436 781 6 48 413 546 339 98 359 457 925 277 475 342 633 986 143 381 972 555 484 661 996 183 425 756 311 440 551 113 571 122 417 691 172 742 280 351 126 737 433 473 662 590 149 100 796 129 987 265 14 199 248 471 641 177 936 820 360
873 538 862 150 966 589 176 388 210 40 709 717 203 84 213 937 536 458 45 744 503 407 453 883 664 298 459 57 5 406 315 142 576 693 509 635 67 915 564 707 690 180 106 62 906 920 526 312 307 448 117 687 599 97 518 682 323 452 780 912 777 622 318 241
79 157 405 866 535 719 294 625 768 504 403 826 798 256 977 802 732 16 187 428 930 114 812 446 577 786 872 55 914 99 949 963 73 671 569 705 574 791 489 845 295 306 217 521 111 130 541 885 500 608 480 739 285 552 984 637 941 922 886 56 809 908 679 823 322 429 960 445
231 588 531 554 550 808 220 185 128 765 463 366 401 120 631 61 892 296 857 377 667 753 302 575 997 42 710 483 233 251 242 761 72 557 594 230 865 74 168 696 276 123 19 642 524 376 617 353 263 992 523 396 757 27 613 859 793 542 697 82 501 684 561 348
741 202 648 165 447 212 942 44 904 510 638 856 559 624 124 592 583 534 585 675 653 650 644 347 876 409 900 763 439 95 494 783 26 320 373 103 767 345 88 71 317 539 171 921 604 918 938 821 334 610 818 278 842 829 888 109 375 714 540 380 476 358 314
87 651 37 863 228 508 645 267 778 356 946 293 567 411 606 1 3 329 284 379 495 257 391 190 22 855 352 700 582 239 830 112 211 46 8 924 75 947 776 611 619 12 603 654 260 646 370 282 178 973 161 399 849 390 811 299 519 807 639 913 90 598 867 720 270 615 532
138 7 54 882 465 29 971 726 677 502 145 570 933 419 928 722 597 393 301 881 133 140 676 382 743 85 479 813 227 841 201 628 620 118 629 951 23 152 371 410 434 507 718 422 215 441 728 692 470 77 474 364 58 414 234 627 962 36 340 21 330 175 982 303 871 816 426 49 965 660 939 350
