5095
839 231 87 651 656 862 341 593 105 681 132 290 184 223 647 11 255 343 926 204 950 944 289 486 814 52 207 715 259 872 819 352 700 582 897 505 357 469 574 791 794 745 596 121 434 507 718 19 738 186 683 938 590 285 552 984 466 514 811 299 519 793 89 672 777 533 318 241
877 741 431 198 553 993 477 882 465 801 971 760 48 413 546 339 977 567 411 15 110 197 430 974 769 578 822 644 347 876 658 963 73 771 860 898 846 635 865 784 980 742 280 541 126 18 139 58 739 764 266 232 108 47 595 945 678 649 859 639 248 471 641 704 169 991 970 688 532
976 498 337 725 723 770 774 392 825 901 267 355 420 374 851 159 31 272 344 296 857 377 667 301 407 453 883 676 879 735 710 279 28 830 142 959 562 113 571 122 78 789 50 217 292 528 387 853 788 196 921 312 918 214 263 627 962 485 182 911 886 56 809 63 850 905 867 979 936 621 244 104
158 155 493 573 164 864 438 418 957 506 894 547 120 896 98 457 925 277 978 428 597 393 890 650 544 572 750 605 247 335 483 233 827 205 705 237 843 953 192 295 690 795 975 179 167 433 456 442 249 698 875 817 372 97 206 981 674 655 452 780 848 684 314
444 868 588 648 24 9 998 68 782 527 917 668 636 614 319 135 703 828 549 194 775 395 961 449 310 218 195 488 64 201 628 509 261 568 564 707 325 88 71 317 539 235 83 269 80 252 100 796 129 238 807 199 913 389 720 659 487 398 460 530
4 202 150 54 141 447 212 645 751 510 638 686 127 293 221 170 838 321 475 689 495 257 391 804 423 86 99 695 729 721 95 494 783 26 320 489 951 75 168 193 180 123 422 587 737 260 694 927 300 666 245 287 634 849 842 682 254 908 679 823 816 322 429 960
954 404 363 990 955 228 176 388 210 478 803 895 826 798 256 940 359 291 520 3 534 585 503 881 577 786 455 855 511 949 5 584 251 923 119 934 373 909 967 152 696 276 106 441 35 515 491 646 608 832 665 787 800 929 481 987 265 14 995 724 102 910 219 983 333 94 601 358 189
873 824 37 863 966 589 467 328 236 29 625 6 831 203 84 213 592 1 415 734 805 34 790 792 759 42 10 85 479 439 131 612 779 2 253 956 417 371 345 989 153 191 171 500 474 364 821 149 992 523 396 757 708 858 368 731 542 697 177 426 49 965 660 939 350
79 157 496 607 550 808 220 185 162 907 243 490 626 810 17 893 937 536 91 482 806 346 275 327 887 298 435 763 548 181 304 752 576 693 225 13 229 852 33 869 437 640 619 12 603 885 362 77 370 282 178 234 32 755 246 412 637 27 454 361 982 785 144 964 394 92 240 847 999
258 385 657 365 969 125 147 40 709 717 134 570 216 565 943 342 633 711 369 143 522 313 919 288 462 273 239 643 756 112 701 623 174 748 560 67 767 691 410 130 62 906 920 654 604 874 421 746 468 773 472 932 461 330 175 375 714 540 935 902 166 988 870
76 336 602 531 889 716 25 41 69 81 768 504 403 338 93 730 733 933 419 329 284 379 884 402 302 575 997 555 459 57 813 311 440 620 118 629 581 516 845 611 53 880 316 332 958 736 43 480 334 610 818 278 518 613 618 916 90 598 632 663 931 600 609
30 408 405 165 508 942 128 765 463 366 401 497 631 61 606 60 512 928 722 744 986 753 381 972 156 409 900 450 160 59 242 761 72 557 326 616 274 283 915 706 712 173 308 96 309 470 386 307 448 117 687 599 297 390 941 829 888 222 65 685 579 912 270 615 148 445
537 383 543 554 866 762 349 436 781 101 1000 115 946 580 559 802 264 892 458 45 930 114 812 446 208 226 664 55 914 754 116 799 861 66 569 833 740 594 230 924 74 947 776 563 20 38 146 400 526 673 713 948 558 36 340 21 922 384 200 323 749 432 834 556 107 545 985
138 538 7 224 262 727 854 44 904 424 726 677 502 145 837 331 815 513 583 188 968 675 653 133 190 22 680 70 484 661 996 183 425 227 841 250 211 46 8 566 416 271 521 111 529 451 163 351 51 642 994 376 617 353 414 39 772 517 630 443 836 952 354 268 903 878 82 501 622 820 360
492 891 151 535 719 294 136 778 356 856 367 624 124 732 16 187 699 670 591 397 281 797 140 586 382 743 766 747 406 315 671 324 835 464 551 137 154 840 103 23 209 702 306 652 172 844 305 215 728 692 524 378 473 662 286 499 973 161 399 758 899 427 109 525 303 871 669 380 476 561 348
