5095
444 87 651 431 573 164 593 889 716 25 41 801 803 895 686 127 17 815 513 978 950 670 591 397 281 797 381 972 879 511 116 239 315 671 569 833 509 373 852 416 652 292 742 280 38 853 994 83 927 300 334 627 962 36 758 514 682 618 916 905 177 92 622 318 241
954 741 198 7 54 141 125 147 29 184 223 647 11 580 940 291 892 699 689 495 257 391 190 22 676 382 99 695 439 227 142 576 693 620 118 629 924 75 702 172 844 305 215 441 728 692 18 646 43 269 414 234 39 772 517 630 945 678 649 175 375 714 540 669 533 621 244 532
158 155 337 725 553 723 770 774 176 388 210 68 782 527 338 93 159 170 565 188 968 675 653 650 644 680 961 435 766 747 28 830 95 923 628 26 320 261 417 789 712 795 975 19 316 885 260 673 442 249 698 32 755 246 412 637 443 836 361 982 785 144 964 672 991 970 688 985
877 138 602 862 648 165 447 212 645 478 162 907 638 145 730 331 411 606 1 3 329 197 430 114 812 446 208 226 664 55 914 449 160 59 643 827 205 705 119 13 794 566 78 947 50 217 980 308 96 387 642 958 921 378 473 307 421 764 266 232 108 47 595 981 674 809 639 913 90 598 871 979 936 487 398 460 530
4 408 824 493 993 477 262 727 854 44 904 510 243 490 626 256 84 213 272 419 91 482 806 346 578 822 327 455 855 288 700 763 729 721 131 251 242 761 72 557 594 953 909 967 869 193 521 111 130 738 524 491 386 874 286 499 973 100 796 129 708 613 952 354 452 471 641 816 394 429 960 445
873 537 37 863 966 589 467 328 236 957 267 463 366 826 798 802 933 838 943 415 284 379 503 881 522 313 919 86 247 335 310 218 195 488 752 250 211 46 8 67 192 306 690 180 106 309 400 362 736 139 58 948 552 984 340 21 384 655 731 724 102 867 720 663 600 609
839 79 404 363 990 955 228 882 465 971 760 48 413 546 570 567 732 520 583 512 928 722 597 814 52 207 715 259 872 42 735 459 582 897 505 64 898 701 551 137 154 840 865 568 845 596 276 507 718 179 146 604 662 80 149 992 558 485 182 911 829 888 368 248 780 878 834 270 615 104
976 258 385 405 864 508 942 128 765 778 356 856 668 636 204 342 633 393 890 133 544 887 750 605 462 450 799 861 771 357 469 237 843 229 168 271 989 528 422 51 788 526 370 713 178 468 773 472 922 330 254 908 542 697 704 169 556 931 107 545 189
76 336 538 496 891 151 105 681 132 290 625 768 504 403 120 255 31 264 15 475 857 377 667 301 407 577 786 572 555 754 996 181 304 612 779 2 253 956 516 209 371 345 53 123 317 35 515 235 312 918 214 263 610 818 278 842 427 200 222 65 685 579 912 380 476 561 348
656 657 365 24 9 998 751 81 101 1000 115 851 810 559 977 343 592 60 296 319 135 703 828 549 194 775 395 352 710 548 183 425 756 311 440 623 174 489 951 33 706 437 563 173 451 163 351 920 654 500 456 480 739 252 523 396 757 27 932 858 807 199 749 432 82 777 94 601 358 148
30 202 383 543 550 808 220 185 506 894 547 831 497 367 624 124 925 277 458 428 930 974 769 302 575 997 586 298 900 479 813 66 324 464 225 934 635 745 784 691 121 434 880 541 126 737 376 617 282 666 245 287 634 297 390 941 886 56 859 793 89 910 426 333 240 847 999
231 588 341 607 392 825 901 40 709 717 203 339 98 359 457 926 614 734 805 34 790 792 759 819 743 85 273 483 233 112 574 791 748 560 581 74 152 325 529 153 62 906 539 433 694 353 448 117 687 599 97 518 454 109 679 823 935 322 166 988 870
498 868 150 554 866 535 719 294 69 136 355 420 401 134 293 221 893 937 536 321 534 585 884 402 804 423 156 70 658 57 279 406 494 783 846 230 122 915 564 707 696 640 619 12 587 332 196 608 832 746 875 817 372 466 899 987 265 14 995 268 903 219 983 659 684 314
157 531 224 438 418 424 726 677 502 946 896 837 733 61 344 110 944 289 486 711 369 143 453 883 347 876 409 949 963 73 860 959 835 740 326 616 274 103 767 776 611 20 603 470 186 683 938 821 665 787 800 929 481 811 299 519 63 850 389 902 501 49 820 360
492 969 762 349 436 781 6 374 917 631 216 16 187 45 744 986 753 275 140 10 484 661 5 584 841 201 562 113 571 283 23 295 410 88 71 191 167 171 77 474 364 590 285 161 399 849 206 461 238 323 525 303 632 848 965 660 939 350
