5095
877 155 337 725 496 891 774 392 825 901 751 510 638 917 940 170 838 943 415 284 379 503 881 133 190 22 586 352 658 963 73 315 841 201 628 26 320 373 852 784 707 50 640 106 387 642 526 491 386 307 448 117 687 599 97 518 922 678 649 859 793 303 177 659 487 398 460 530
839 30 87 651 431 198 341 165 176 388 210 267 760 48 856 293 567 815 513 1 458 428 930 711 369 143 302 575 997 872 55 914 743 582 548 181 406 827 205 705 237 843 261 745 152 371 325 276 173 130 541 515 524 604 662 286 414 234 32 755 246 36 340 21 443 836 200 519 807 268 780 867 979 333 94 601 189
976 498 741 202 363 990 955 969 762 349 436 781 101 1000 115 134 668 61 565 321 329 689 495 257 391 715 259 455 855 879 735 99 695 897 505 311 440 623 174 489 103 23 652 292 20 38 351 853 737 433 473 874 80 764 266 232 108 47 595 945 384 323 452 903 540 672 777 429 960
76 336 656 657 365 224 438 418 957 801 81 768 504 403 145 98 359 216 344 978 699 670 591 393 890 650 544 572 750 605 462 450 160 59 643 756 612 779 833 740 326 616 274 283 78 947 345 619 12 728 692 470 186 683 442 249 698 161 399 757 842 886 56 655 525 542 697 82 501 49 965 358 148 445
158 408 824 37 863 966 589 262 727 854 69 136 355 420 831 497 810 84 213 411 419 950 197 430 974 769 578 822 644 347 298 435 766 747 28 830 95 494 783 2 253 956 75 209 295 193 180 844 153 441 35 958 500 646 370 282 178 973 100 796 129 987 265 14 995 248 471 641 704 169 991 166 999
873 538 553 993 477 535 719 294 625 709 717 203 339 977 802 925 277 614 734 805 34 790 792 759 42 10 85 479 813 671 569 835 509 635 924 271 989 507 718 19 603 885 362 474 364 58 739 252 523 396 758 514 330 361 63 850 905 910 983 970 688 985
4 385 573 492 543 151 105 681 132 290 162 907 243 490 626 256 17 893 937 536 91 482 806 346 208 522 313 919 86 409 900 273 183 425 898 574 791 953 951 581 417 691 563 53 880 906 539 235 694 832 746 468 773 472 811 299 222 65 685 579 912 426 533 621 244 532
258 588 723 770 889 716 25 41 971 726 677 401 120 255 221 264 15 110 944 289 884 402 804 423 676 382 754 116 439 227 251 242 761 620 118 629 566 516 967 168 712 795 305 587 332 400 77 617 353 821 149 627 962 412 637 941 829 888 109 916 714 878 632 270 615 104
79 404 531 554 866 882 465 478 424 778 356 826 798 570 933 16 187 3 534 585 675 653 453 883 664 876 247 335 279 304 64 324 225 13 229 909 33 416 696 111 529 451 317 171 921 378 139 713 948 875 817 372 466 206 981 674 809 908 679 823 816 322 240 847 660 241
537 164 607 550 808 220 185 128 506 894 547 338 93 159 343 592 204 45 744 986 753 275 140 819 511 949 799 861 142 576 693 846 748 560 67 915 789 690 980 123 191 920 654 260 312 918 938 263 610 818 278 911 682 618 731 724 102 834 663 600 609
444 493 150 593 125 147 29 184 223 647 413 546 896 837 733 291 520 60 188 968 486 397 281 797 381 972 156 459 57 483 233 357 469 701 551 113 571 568 845 869 410 308 96 316 146 18 673 214 334 39 772 517 630 27 858 368 982 785 144 964 219 394 92 622 820 360
954 157 862 7 54 141 508 942 44 904 803 895 502 946 580 631 457 926 296 319 135 703 828 549 194 775 395 288 700 763 729 721 131 860 959 119 137 154 840 192 564 776 611 521 742 280 738 456 480 590 285 552 984 297 708 238 952 354 89 848 684 545 314
231 602 648 24 9 998 68 782 527 851 367 624 124 732 892 583 475 342 633 114 812 446 226 555 449 5 584 771 112 464 72 557 594 230 865 74 702 306 217 88 71 163 126 788 196 83 927 300 665 787 800 929 481 899 461 427 254 199 913 90 598 871 720 556 931 107 988 870
138 383 864 467 328 236 40 6 374 11 127 730 331 636 512 928 722 597 814 52 207 327 887 70 710 996 239 66 250 211 46 8 706 437 121 434 528 422 215 62 309 994 736 43 269 421 666 245 287 634 849 390 613 639 749 389 669 380 476 561 348
868 405 228 447 212 645 765 463 366 686 559 31 272 606 857 377 667 301 407 577 786 680 961 484 661 310 218 195 488 752 923 562 934 794 122 767 596 172 975 179 51 167 376 608 499 992 558 485 182 932 454 175 375 432 935 902 936 318 939 350
