18435
185 113 424 204 51 164 121 300 38 396 303 492 389 27 294 272 385 243 12 228 8 329 226 155 214 184 279 43 30 59 1 467 443 116 313 79 48 182 403 209 96 112 416 177 309 314 161 49 349 205
277 29 64 341 293 84 60 361 142 200 292 458 360 229 151 37 15 97 376 471 407 223 256 468 162 375 244 216 46 264 238 488 266 466 340 36 386 183 3 20 4 5 270 19 107 239 369 295
474 69 330 102 397 98 491 419 351 253 345 282 288 446 186 118 406 196 400 201 160 422 324 437 232 152 499 353 296 24 460 405 381 215 67 246 408 378 252 334 365 124 301 423 52 273 413 171 146 457 402
255 203 328 234 165 134 168 170 153 320 289 224 425 489 74 128 35 487 316 263 25 28 382 91 290 62 34 157 433 197 26 481 241 32 120 485 356 7 380 450 333 13 473 109 444 484 21 191 77 114 391 384 56
143 85 373 219 409 261 106 133 211 194 218 221 436 332 45 22 476 65 377 148 338 411 315 317 14 454 105 187 325 456 442 493 245 144 428 10 251 86 236 115 310 274 357 461 178 394 100 440
158 11 368 129 103 453 500 33 110 447 498 283 139 131 87 122 415 388 16 465 193 141 159 434 482 374 451 304 302 281 202 421 154 225 31 198 132 231 393 286 455 323 358 175 470 475 339 448 23
17 136 80 18 298 366 306 66 174 61 322 189 156 483 47 71 176 78 208 449 41 260 496 222 401 364 305 392 429 262 72 190 230 76 355 319 445 249 343 307 167 275 441 81 119 53 58 235 438 172 439
287 259 452 242 108 420 463 140 478 494 387 70 181 135 82 212 44 331 379 410 247 398 213 348 111 430 138 321 240 9 344 63 404 257 210 276 254 130 354 363 479 179 464 237 268 426 371 55 166 95
265 284 477 199 395 359 350 311 92 40 278 336 399 125 217 117 390 459 367 269 145 173 312 342 414 327 427 73 299 250 206 50 490 137 94 90 346 362 149 280 248 6 326 126 297 383 39 285 147 89 2
308 180 318 54 486 335 88 370 75 291 412 372 417 42 462 188 57 99 418 497 495 127 227 347 435 469 233 352 68 337 123 271 192 83 472 220 195 480 431 258 104 432 163 207 169 93 267 101 150
