18435
185 113 424 204 80 18 164 359 486 300 38 396 289 33 110 345 399 125 263 462 459 99 418 148 338 157 433 279 14 481 240 9 344 456 442 493 76 421 266 466 340 354 363 479 179 104 432 81 119 53 58 394 402 2
255 203 328 234 165 134 168 491 419 40 278 218 221 436 332 45 22 476 65 37 388 367 226 155 160 471 197 26 454 32 120 304 302 281 202 381 276 355 319 10 251 86 236 258 423 52 273 413 309 314 161 475
158 11 368 129 103 98 170 153 320 194 70 75 291 412 372 417 217 186 28 228 8 329 269 145 173 141 111 256 468 162 375 244 216 46 264 238 488 154 225 31 343 307 167 326 126 357 461 178 235 438 172 448 23
308 180 318 298 366 306 66 174 303 492 389 282 288 446 117 118 122 415 497 495 127 227 222 43 241 427 73 299 250 206 50 490 137 94 144 408 48 182 36 386 183 3 20 4 5 171 146 49 349 295
143 85 51 84 453 500 370 336 498 283 139 272 385 243 331 377 16 465 193 159 223 401 364 105 187 325 63 404 257 215 79 428 403 209 96 112 416 177 268 426 371 267 369 95
265 284 477 199 395 121 311 92 61 322 189 156 483 47 131 406 290 62 34 496 434 482 327 392 429 262 485 356 7 245 192 246 346 362 473 109 444 464 237 270 19 107 239 55 205
17 136 373 219 409 350 335 88 387 292 458 360 229 71 176 78 410 247 398 213 348 422 312 324 138 321 232 152 499 353 296 24 460 405 67 254 130 198 124 301 231 393 286 455 163 207 169 93 285 166 56
277 29 64 341 293 54 60 361 142 224 181 135 82 212 44 390 87 12 208 196 400 201 411 315 317 414 347 435 469 233 352 68 337 123 271 83 472 220 445 249 334 365 132 115 310 274 297 383 114 391 384 339 89 439
474 69 330 102 397 261 106 133 211 351 253 447 27 294 151 188 382 379 91 449 41 260 214 407 342 437 305 30 59 1 467 443 116 313 210 90 378 252 195 480 431 275 441 323 358 175 470 101 100 440
287 259 452 242 108 420 463 140 478 494 200 425 489 74 128 35 487 316 42 25 57 15 97 376 184 430 374 451 72 190 230 380 450 333 13 149 280 248 6 484 21 191 77 39 457 147 150
