18435
308 180 318 54 121 300 38 396 370 336 498 283 139 263 87 377 379 91 449 41 260 157 159 26 454 32 120 485 356 7 202 421 428 252 198 132 112 416 177 357 461 178 349 295
17 136 80 18 298 453 500 387 70 345 399 125 272 25 28 122 415 388 15 97 376 315 317 401 327 392 429 262 72 190 230 94 346 362 249 251 86 236 258 423 52 273 413 171 146 457 172 205
287 259 452 242 108 420 463 140 478 494 33 224 181 135 82 212 44 78 208 410 290 62 34 214 279 347 435 375 299 250 206 50 490 380 450 333 13 343 307 167 104 432 163 207 169 93 285 384 339 95
185 113 424 204 373 219 409 366 311 92 200 447 282 288 446 151 188 57 99 418 16 465 193 433 434 437 321 232 152 499 353 456 442 493 245 144 246 408 378 10 354 363 479 179 464 237 297 383 39 391 394 147 448
158 11 368 129 103 98 170 153 320 289 61 218 221 436 332 45 22 186 390 37 196 367 226 155 160 471 222 430 256 468 162 469 244 216 46 264 238 79 48 182 403 209 96 231 393 286 455 323 358 175 55 166 402 440
265 284 477 199 395 350 306 66 174 303 492 292 458 360 229 476 65 462 382 247 398 213 227 111 414 240 9 344 296 24 460 405 381 215 67 355 319 445 149 280 248 6 326 126 81 119 53 58 235 100 2
143 85 51 164 359 486 491 419 351 110 322 189 156 483 47 71 176 118 228 8 329 269 145 173 141 407 324 43 305 374 451 63 404 257 76 488 254 130 195 480 431 484 21 191 77 114 470 49 89 439
255 203 328 234 165 134 168 335 88 40 278 75 291 412 372 417 217 117 331 406 400 201 411 312 223 482 138 30 59 1 467 443 116 313 90 83 472 220 334 365 124 301 275 441 268 426 371 267 101 438 150
474 69 330 102 397 261 106 133 211 194 425 489 74 128 35 487 316 42 459 148 338 496 342 364 105 187 325 304 302 281 271 192 154 225 31 473 109 444 115 310 274 309 314 161 475 56
277 29 64 341 293 84 60 361 142 253 389 27 294 131 385 243 12 497 495 127 348 422 184 197 14 481 241 427 73 233 352 68 337 123 137 210 276 266 466 340 36 386 183 3 20 4 5 270 19 107 239 369 23
