18435
185 143 85 373 219 409 350 311 92 200 322 189 156 483 47 131 385 243 331 406 497 495 127 227 422 184 279 43 392 429 262 72 190 230 76 421 154 225 10 473 109 444 115 310 274 297 383 114 391 235 339 2
255 203 328 234 165 134 168 491 419 351 110 345 27 294 263 462 377 388 400 201 411 471 312 342 14 364 305 30 59 1 467 443 116 313 246 266 466 340 251 86 236 112 416 177 268 426 371 267 349 150
277 424 204 80 18 298 366 335 88 370 253 489 74 128 35 487 151 37 379 15 97 376 407 223 437 374 451 456 442 493 210 276 346 362 31 343 307 167 484 21 191 77 39 457 369 95
158 11 368 129 103 121 306 66 174 303 492 425 291 412 372 417 217 186 390 87 12 228 16 465 213 348 315 317 430 138 321 240 9 344 63 404 257 488 254 130 198 124 301 275 441 323 358 175 470 49 172 205
17 136 199 395 359 60 361 142 61 75 292 458 360 229 476 65 188 57 410 247 398 496 197 256 241 32 120 485 356 7 137 94 144 355 319 36 386 183 3 20 4 5 163 207 169 93 285 384 402 23
265 284 477 242 108 420 463 140 478 494 387 218 221 436 332 45 22 71 176 118 122 415 196 367 226 155 214 159 434 401 468 162 469 233 352 68 337 123 271 428 354 363 479 179 104 432 171 146 55 166 295
287 259 452 51 164 486 300 38 396 40 70 181 135 82 212 44 28 382 8 329 269 145 173 141 111 482 327 152 499 353 296 24 460 405 381 215 67 408 378 252 334 365 132 231 393 286 455 357 461 178 101 100 440
113 29 64 341 293 84 453 500 289 33 224 336 399 125 316 42 208 290 62 34 157 222 414 347 435 375 244 216 46 264 238 79 48 182 403 209 96 326 126 81 119 53 58 394 147 89 439
474 69 330 102 397 98 170 153 320 194 389 282 288 446 117 78 99 418 148 338 193 324 481 232 427 73 299 250 206 50 490 245 90 83 472 220 445 249 195 480 431 258 423 52 273 413 309 314 161 475 56
308 180 318 54 261 106 133 211 278 447 498 283 139 272 25 459 91 449 41 260 160 433 26 454 105 187 325 304 302 281 202 380 192 450 333 13 149 280 248 6 464 237 270 19 107 239 438 448
