18435
17 136 80 18 164 359 350 311 92 40 278 336 399 125 42 390 87 406 99 15 97 376 315 26 481 468 162 375 244 216 46 264 238 488 450 333 13 149 280 248 6 464 237 357 461 178 101 147 2
474 69 330 102 397 98 170 153 320 61 447 498 283 139 131 385 37 418 91 367 269 145 173 197 138 374 451 353 296 24 460 405 381 215 67 266 466 340 251 86 236 326 126 309 314 161 475 448 23
185 143 85 373 219 409 168 106 133 211 351 70 75 292 458 360 229 272 462 188 57 148 338 260 348 422 184 279 482 454 152 499 456 442 493 137 90 83 472 220 445 473 109 444 231 393 286 455 323 358 175 55 349 150
255 203 328 234 165 134 453 500 289 33 110 489 74 128 35 487 316 44 28 78 196 400 201 411 159 317 430 256 241 32 120 304 302 281 271 355 319 198 132 20 52 273 413 163 207 169 93 267 369 95
113 424 204 51 84 60 361 142 200 425 291 412 372 417 217 117 459 247 398 496 312 342 437 321 240 9 344 485 356 7 202 380 192 246 408 48 182 334 365 124 301 112 416 177 268 426 371 394 402 440
265 284 477 199 395 261 140 478 494 387 181 135 82 212 71 176 118 122 415 388 16 465 213 157 223 14 347 435 469 233 352 68 337 123 94 144 79 428 252 403 209 96 115 310 274 297 383 114 470 166 205
287 259 452 242 108 420 463 335 88 370 253 322 189 156 483 47 151 382 208 410 290 62 34 214 141 434 327 392 429 262 72 190 230 313 254 130 36 386 183 3 484 21 191 77 39 391 235 438 172 295
308 180 318 298 366 306 66 174 303 218 221 436 332 45 22 476 65 331 377 497 495 127 227 471 111 414 364 305 105 187 325 63 404 257 76 421 346 362 249 343 307 167 275 441 171 146 457 100
158 11 368 129 103 486 491 419 224 389 282 288 446 186 243 12 228 449 41 193 433 222 401 232 427 73 299 250 206 50 490 245 154 225 31 195 480 431 258 423 4 5 270 19 107 239 285 384 56
277 29 64 341 293 54 121 300 38 396 194 492 345 27 294 263 25 379 8 329 226 155 160 407 324 43 30 59 1 467 443 116 210 276 378 10 354 363 479 179 104 432 81 119 53 58 49 339 89 439
