18435
185 474 69 330 51 84 366 306 66 174 303 492 389 27 294 117 118 406 8 329 269 145 173 422 279 138 364 305 30 59 1 467 443 116 313 210 246 254 130 36 386 183 3 20 4 5 309 314 161 235 349 205
277 29 64 341 293 54 261 140 478 494 387 218 322 189 156 483 47 131 385 390 12 228 91 148 338 193 111 374 451 353 296 24 460 405 421 266 466 340 195 480 431 104 432 81 119 53 58 166 95
113 424 204 102 397 98 170 153 320 253 447 498 283 139 272 78 208 410 290 62 34 496 141 324 43 392 429 262 72 190 230 76 488 450 333 13 149 280 248 6 484 21 191 77 39 394 448
255 203 328 234 165 134 60 361 142 278 181 135 82 212 263 37 418 15 97 376 315 26 481 241 32 120 485 356 7 202 381 215 67 83 472 220 445 249 334 365 132 326 126 357 461 178 101 438 402 23
265 284 477 199 395 359 121 300 38 396 289 200 75 292 458 360 229 71 176 87 57 497 495 127 348 312 342 14 454 105 187 325 63 404 257 238 192 408 378 252 251 86 236 258 423 52 273 270 19 107 239 55 172 295
143 85 373 219 409 350 335 88 194 291 412 372 417 42 25 28 122 99 247 398 213 227 407 434 414 327 152 499 456 442 493 245 90 355 319 10 354 363 479 179 464 237 413 163 207 169 93 267 369 2
308 180 318 298 453 500 351 61 336 282 288 446 151 459 415 16 465 411 471 317 401 321 232 427 73 233 352 68 337 123 271 154 225 31 343 307 167 275 441 171 146 457 147 150
17 136 80 18 164 486 491 419 33 110 345 399 125 217 186 377 379 196 400 201 160 159 223 482 256 468 162 469 244 216 46 264 276 48 182 473 109 444 231 393 286 455 323 358 175 470 475 56
158 11 368 129 103 168 106 133 211 370 70 221 436 332 45 22 476 243 331 388 367 226 155 214 222 437 240 9 344 304 302 281 137 94 144 79 428 403 209 96 115 310 274 297 383 114 391 49 100 440
287 259 452 242 108 420 463 311 92 40 224 425 489 74 128 35 487 316 44 65 462 188 382 449 41 260 157 433 184 197 430 347 435 375 299 250 206 50 490 380 346 362 198 124 301 112 416 177 268 426 371 285 384 339 89 439
