18466
287 259 452 51 84 366 335 88 370 253 447 498 283 139 186 118 228 8 329 226 155 214 223 414 364 32 120 485 356 7 202 380 83 472 220 445 249 334 365 124 301 112 416 191 77 39 457 369 205
113 424 204 199 395 359 350 306 66 174 492 322 189 156 483 47 131 385 28 78 208 497 495 127 348 407 197 401 327 392 429 262 72 190 230 137 94 192 246 408 450 333 13 251 86 236 258 104 432 171 146 58 475 172 448
277 29 64 341 293 54 261 140 478 494 278 75 291 412 372 417 42 25 57 410 247 398 213 157 312 342 437 374 451 250 206 50 490 245 144 79 428 252 403 209 96 115 21 126 81 169 93 285 147 23
255 203 328 234 165 134 60 361 142 200 389 282 288 446 117 243 12 196 367 269 145 173 141 111 14 241 427 73 233 352 68 337 123 313 210 276 346 362 31 343 307 167 326 20 4 5 270 19 107 178 394 95
158 11 368 129 103 486 491 419 194 70 181 135 82 212 44 331 377 379 148 338 260 160 422 434 482 454 105 187 325 304 302 281 488 48 182 36 386 183 3 484 274 314 357 53 470 49 339 89 439
17 136 80 18 164 121 300 38 396 303 336 27 294 272 87 382 388 449 41 193 222 26 256 468 162 469 244 216 46 264 238 254 130 198 132 310 177 323 358 175 55 166 402 440
474 69 330 102 397 98 170 153 320 289 33 224 345 399 125 217 476 65 462 188 406 400 201 411 324 138 321 240 9 344 63 404 257 76 90 378 149 280 248 6 423 52 273 413 163 119 207 239 384 150
265 284 477 242 108 420 463 311 92 40 110 292 458 360 229 71 176 37 99 418 91 290 62 34 227 433 184 279 43 305 30 59 1 467 443 116 421 355 319 354 363 479 179 464 237 297 383 114 391 235 100 2
308 180 318 298 453 500 351 61 218 221 436 332 45 22 151 122 415 15 97 376 471 159 317 430 347 435 375 299 456 442 493 271 266 466 340 195 480 431 275 441 268 426 371 267 101 349 295
185 143 85 373 219 409 168 106 133 211 387 425 489 74 128 35 487 316 263 390 459 16 465 496 315 481 232 152 499 353 296 24 460 405 381 215 67 154 225 10 473 109 444 231 393 286 455 309 461 161 438 56
