18444
158 11 368 129 103 261 106 133 211 370 492 345 399 125 217 117 188 57 410 247 41 193 422 312 223 401 241 427 73 233 352 68 337 123 137 144 246 428 10 473 109 444 231 393 286 455 171 146 470 49 339 56
265 284 477 199 395 350 306 66 174 303 218 322 189 156 483 47 71 176 37 418 497 495 127 348 315 317 43 30 59 1 467 443 116 313 276 355 319 445 334 365 132 258 423 52 273 413 309 314 161 475 172 448
143 85 102 397 98 170 153 320 194 70 389 282 288 446 131 385 331 406 367 97 376 471 184 197 26 454 105 187 325 304 302 281 271 79 48 182 36 386 183 3 484 21 191 77 39 457 349 205
287 259 452 242 108 420 463 335 88 61 447 498 283 139 272 390 382 208 196 400 201 411 159 434 481 240 9 344 63 404 257 94 346 362 31 195 480 431 275 441 268 426 371 285 166 295
185 474 69 330 51 84 453 500 351 110 336 27 294 151 87 228 449 338 260 227 222 430 256 468 162 375 299 250 206 50 490 245 215 67 83 472 220 252 403 343 307 167 326 126 163 207 169 93 267 369 402 23
277 424 204 80 18 164 359 121 300 38 396 289 200 221 436 332 45 22 476 65 462 459 379 8 329 269 145 173 141 407 342 414 347 32 120 456 442 493 238 254 130 198 124 301 112 416 177 323 358 175 384 150
255 203 328 234 165 134 168 140 478 494 33 224 75 291 412 372 417 42 12 148 226 155 214 482 321 232 152 499 353 296 24 460 405 381 210 90 154 225 249 251 86 236 115 310 274 357 461 178 394 100 440
17 136 373 219 409 60 361 142 253 292 458 360 229 186 243 122 415 388 15 398 213 157 111 14 138 364 305 374 451 72 190 230 76 488 408 450 333 13 209 96 20 4 5 270 19 107 239 55 89 439
308 180 318 298 366 311 92 40 278 181 135 82 212 44 118 377 91 290 62 34 496 433 279 437 435 469 244 216 46 264 380 192 266 466 340 354 363 479 179 464 237 297 383 114 391 235 147 95
113 29 64 341 293 54 486 491 419 387 425 489 74 128 35 487 316 263 25 28 78 99 16 465 160 324 327 392 429 262 485 356 7 202 421 378 149 280 248 6 104 432 81 119 53 58 101 438 2
