18453
185 113 424 204 318 54 261 106 133 211 370 253 345 399 125 316 42 462 122 91 449 41 260 157 317 392 429 262 485 356 7 450 333 13 149 280 248 6 464 237 413 309 461 178 235 438 150
308 180 199 395 359 350 306 66 174 303 492 389 27 294 272 385 28 382 415 15 97 376 433 184 279 14 43 241 32 120 304 302 281 202 381 488 428 354 363 479 179 104 432 163 119 207 161 475 339 448 23
158 11 368 129 103 60 361 142 200 221 436 332 45 22 476 25 87 12 228 290 62 34 214 141 222 401 327 435 375 244 216 46 264 238 192 246 83 472 220 343 307 167 484 21 191 77 39 391 394 100 295
255 203 328 234 165 134 168 491 419 351 224 336 282 288 446 117 243 406 99 418 367 226 155 160 407 324 437 232 427 73 299 250 206 50 490 380 346 362 31 198 124 301 112 416 177 268 426 371 285 166 402 440
143 85 373 219 409 486 335 88 194 70 75 292 458 360 229 151 188 57 196 400 201 411 315 197 26 481 30 59 1 467 443 116 313 210 276 408 378 252 403 209 96 115 310 274 171 146 457 147 56
474 69 330 102 397 98 170 153 320 61 425 291 412 372 417 217 186 390 78 208 410 247 398 213 348 159 434 482 256 468 162 469 233 352 68 337 123 137 94 144 355 319 445 249 334 365 132 275 441 323 358 175 470 49 349 2
287 259 452 51 164 121 300 38 396 40 278 218 322 189 156 483 47 131 118 377 379 16 465 193 422 312 223 454 105 187 325 63 404 257 215 67 266 466 340 36 386 183 3 20 4 5 81 169 93 267 101 89
265 284 477 242 108 420 463 140 478 494 387 447 498 283 139 263 459 388 148 338 496 471 111 430 138 364 305 374 451 72 190 230 76 421 154 225 10 473 109 444 231 393 286 455 357 53 58 384 205
17 136 80 18 298 453 500 289 33 110 489 74 128 35 487 71 176 331 497 495 127 227 342 414 321 240 9 344 353 296 24 460 405 245 90 254 130 195 480 431 258 423 52 273 270 19 107 239 55 172 439
277 29 64 341 293 84 366 311 92 181 135 82 212 44 65 37 8 329 269 145 173 347 152 499 456 442 493 271 79 48 182 251 86 236 326 126 297 383 114 314 369 95
