18435
17 136 199 395 359 350 311 92 61 218 221 436 332 45 22 186 28 78 99 290 62 34 496 422 184 197 482 347 152 499 456 442 493 245 215 79 48 182 198 124 301 112 416 177 357 461 178 394 147 448 23
185 474 69 330 102 397 98 170 153 320 289 33 224 75 291 412 372 417 217 131 385 243 57 8 329 269 145 173 433 324 454 105 187 325 63 404 257 76 254 130 36 386 183 3 484 21 191 77 114 391 475 150
143 85 373 219 409 121 300 38 396 40 278 336 399 125 42 390 37 196 367 226 155 157 159 26 364 435 375 244 216 46 264 94 144 154 225 31 195 480 431 275 441 323 358 175 470 438 172 205
158 11 368 129 103 486 491 419 351 110 447 27 294 263 25 188 382 388 449 41 260 214 222 430 256 241 427 73 299 250 206 50 490 381 210 90 346 362 252 473 109 444 20 4 5 270 19 107 239 235 339 56
287 259 452 51 164 261 106 133 211 194 492 322 189 156 483 47 71 176 118 122 16 465 411 434 437 321 232 32 120 485 356 7 238 488 355 319 403 209 96 231 393 286 455 309 314 161 49 349 440
255 203 328 234 165 134 168 140 478 494 387 70 345 498 283 139 476 65 462 406 410 247 398 213 227 111 14 481 468 162 469 233 352 68 337 123 137 67 246 428 10 343 307 167 326 126 171 146 58 369 402 2
265 284 477 242 108 420 463 335 88 425 489 74 128 35 487 316 44 228 497 495 127 348 279 43 30 59 1 467 443 116 313 276 408 450 333 13 149 280 248 6 104 432 81 119 53 285 384 439
277 29 64 341 293 84 453 500 370 253 389 282 288 446 151 331 377 379 418 91 148 338 193 141 407 342 414 327 392 429 262 72 190 230 271 192 83 472 220 445 249 334 365 132 258 423 52 273 413 163 207 169 93 55 166 95
113 424 204 80 18 298 366 306 66 174 303 181 135 82 212 117 87 12 208 400 201 160 315 317 138 240 9 344 353 296 24 460 405 421 378 251 86 236 115 310 274 297 383 39 457 89
308 180 318 54 60 361 142 200 292 458 360 229 272 459 415 15 97 376 471 312 223 401 305 374 451 304 302 281 202 380 266 466 340 354 363 479 179 464 237 268 426 371 267 101 100 295
