18450
308 180 318 298 366 306 66 174 303 492 221 436 332 45 22 476 65 28 78 388 16 465 411 471 407 223 401 321 232 32 120 304 302 281 380 450 333 13 149 280 248 6 104 432 163 119 207 239 55 166 56
277 29 64 341 293 54 463 140 478 494 387 389 27 294 71 176 118 122 415 410 247 398 213 157 433 184 197 43 30 59 1 467 443 116 313 210 276 428 10 354 363 479 179 464 237 270 19 107 161 49 339 95
185 113 424 204 80 18 164 359 350 335 88 370 345 399 125 316 42 459 8 329 269 145 173 111 454 105 187 325 456 442 493 245 246 83 472 220 252 403 343 307 167 326 126 297 383 114 391 475 402 2
143 85 373 219 409 486 300 38 396 194 70 75 292 458 360 229 272 385 243 331 377 379 418 91 367 226 155 214 422 312 342 14 347 152 499 353 296 24 460 405 421 266 466 340 36 386 183 3 20 4 5 81 169 93 267 101 349 150
265 284 477 242 108 420 453 500 61 181 135 82 212 44 87 382 208 449 41 193 324 435 375 244 216 46 264 238 488 355 319 445 249 251 86 236 258 423 52 273 413 171 146 314 147 89 439
158 11 368 129 103 261 106 133 211 351 253 447 282 288 446 186 37 99 15 97 376 279 482 138 364 305 374 451 485 356 7 202 381 67 408 378 198 124 301 275 441 268 426 371 285 384 205
287 259 452 51 84 60 361 142 200 322 189 156 483 47 131 25 57 497 495 127 227 315 437 240 9 344 63 404 257 76 144 79 48 182 334 365 132 115 310 274 357 53 58 394 172 448 23
255 203 328 234 165 134 168 491 419 278 218 291 412 372 417 217 117 390 12 228 400 201 160 222 26 481 468 162 469 233 352 68 337 123 215 254 130 209 96 112 416 177 309 461 178 235 438 440
17 136 199 395 121 311 92 40 224 425 489 74 128 35 487 151 148 338 260 348 317 430 256 241 427 73 299 250 206 50 490 137 94 90 154 225 31 195 480 431 484 21 191 77 39 457 100 295
474 69 330 102 397 98 170 153 320 289 33 110 336 498 283 139 263 462 188 406 196 290 62 34 496 141 159 434 414 327 392 429 262 72 190 230 271 192 346 362 473 109 444 231 393 286 455 323 358 175 470 369
