18435
185 474 69 330 102 397 261 106 133 211 351 70 345 27 294 272 385 243 78 99 196 247 398 227 471 434 401 468 162 469 233 352 68 337 123 90 154 225 31 198 132 258 423 4 5 270 19 107 239 285 384 339 56
17 136 80 18 298 453 500 61 218 221 436 332 45 22 186 390 87 57 418 367 226 155 160 315 317 256 241 427 73 299 250 206 50 490 238 488 428 343 307 167 104 432 81 119 53 58 150
158 11 368 129 103 98 170 153 320 289 33 110 336 399 125 117 118 377 388 400 201 411 312 223 430 138 232 152 499 353 456 442 493 380 192 246 266 466 340 195 480 431 275 441 323 358 175 475 89 439
287 259 452 51 164 350 335 88 370 253 181 135 82 212 44 12 228 8 329 269 145 173 159 324 43 30 59 1 467 443 116 276 450 333 13 473 109 444 115 310 274 309 314 161 49 349 2
255 203 328 234 165 134 168 491 419 387 322 189 156 483 47 131 28 122 415 15 97 376 422 342 437 321 240 9 344 296 24 460 405 245 355 319 445 249 251 86 236 484 21 191 77 39 457 100
308 180 373 219 409 60 361 142 200 447 498 283 139 263 25 188 382 208 148 338 193 433 222 26 364 305 374 451 304 302 281 202 381 215 67 254 130 36 386 183 3 20 52 273 413 163 207 169 93 55 166 448 23
277 29 64 341 293 84 366 311 92 40 224 75 292 458 360 229 71 176 37 379 16 465 213 157 184 279 327 435 375 244 216 46 264 313 210 346 362 252 403 209 96 231 393 286 455 357 461 178 394 147 295
143 85 242 108 420 463 140 478 494 278 291 412 372 417 217 476 65 331 406 91 449 41 260 496 141 111 482 454 105 187 325 63 404 257 271 79 48 182 149 280 248 6 326 126 297 383 114 391 235 438 172 205
265 284 477 199 395 359 121 300 38 396 194 492 425 489 74 128 35 487 316 42 462 459 410 290 62 34 214 407 197 14 481 392 429 262 72 190 230 76 421 83 472 220 334 365 124 301 112 416 177 171 146 470 369 402 440
113 424 204 318 54 486 306 66 174 303 389 282 288 446 151 497 495 127 348 414 347 32 120 485 356 7 137 94 144 408 378 10 354 363 479 179 464 237 268 426 371 267 101 95
