18466
185 113 29 64 341 293 397 98 170 153 320 289 33 224 322 189 156 483 47 71 176 87 12 228 91 148 338 193 433 184 197 26 327 392 429 262 485 356 7 202 380 154 225 31 251 86 236 112 416 177 268 426 371 267 101 349 205
287 259 452 51 164 359 350 306 66 174 303 492 221 436 332 45 22 476 65 462 188 382 415 410 247 398 213 157 315 317 401 364 305 374 451 72 190 230 381 378 36 386 183 3 484 274 314 297 383 114 147 439
143 85 373 219 409 463 140 478 494 278 336 498 283 139 131 25 28 78 208 196 290 62 34 348 407 342 138 321 240 9 344 296 24 460 405 144 254 130 473 109 444 231 393 286 455 357 53 457 369 95
474 69 330 102 84 60 361 142 200 75 292 458 360 229 272 385 390 459 388 16 465 411 471 222 430 454 105 187 325 63 404 257 94 90 83 472 220 403 343 307 167 275 441 323 358 175 470 475 172 448 23
277 424 204 80 18 298 453 500 40 61 218 291 412 372 417 42 37 15 97 376 312 324 256 32 120 304 302 281 271 192 48 182 195 480 431 310 5 171 146 58 384 150
158 11 368 129 103 486 311 92 110 447 282 288 446 117 243 331 406 497 495 127 227 159 434 482 347 152 499 353 456 442 493 76 67 246 346 362 252 209 96 423 52 273 270 19 107 161 235 438 56
265 284 477 242 108 420 366 335 88 194 70 181 135 82 212 151 379 400 201 160 279 414 241 427 73 299 250 206 50 490 245 215 79 428 10 354 363 479 179 464 237 413 309 461 178 394 100 295
17 136 199 395 121 300 38 396 387 425 489 74 128 35 487 316 44 118 122 99 418 8 329 226 155 214 141 111 14 481 468 162 469 233 352 68 337 123 137 421 266 466 340 198 124 301 115 21 126 81 169 93 55 89 2
255 203 328 234 165 134 168 491 419 351 253 345 399 125 217 186 57 367 269 145 173 422 223 43 30 59 1 467 443 116 313 210 276 408 450 333 13 149 280 248 6 326 20 4 191 77 39 391 49 339
308 180 318 54 261 106 133 211 370 389 27 294 263 377 449 41 260 496 437 232 435 375 244 216 46 264 238 488 355 319 445 249 334 365 132 258 104 432 163 119 207 239 285 166 402 440
