18466
185 143 85 373 219 409 453 500 370 253 389 282 288 446 151 87 122 415 388 449 41 260 496 407 26 454 105 187 325 63 404 257 137 94 144 154 225 31 198 132 231 393 286 455 323 358 114 391 235 147 89 2
158 11 368 129 103 98 170 153 320 289 33 110 447 27 294 272 331 406 99 196 400 201 160 471 111 401 30 59 1 467 443 116 313 276 346 362 249 343 307 167 326 20 4 5 357 53 457 369 402 440
17 136 80 18 164 350 335 88 194 218 322 189 156 483 47 131 385 243 382 208 91 367 226 155 157 433 222 14 138 321 392 429 262 72 190 230 238 79 48 182 195 480 431 484 274 314 297 383 175 470 475 172 448
277 424 204 318 54 486 300 38 396 40 278 336 399 125 263 462 12 228 497 495 127 227 159 434 43 241 32 120 304 302 281 202 380 192 246 254 130 36 386 183 3 310 177 171 146 58 49 349 205
287 259 452 51 84 60 361 142 200 181 135 82 212 44 65 118 377 379 16 465 411 315 317 414 327 435 469 233 352 68 337 123 421 266 466 340 251 86 236 112 416 191 77 39 285 384 339 295
265 284 477 242 108 420 121 311 92 492 345 498 283 139 186 390 459 15 97 376 312 223 482 347 152 499 353 456 442 493 271 428 10 473 109 444 115 21 126 81 169 93 55 95
255 203 328 234 165 134 168 491 419 351 224 75 291 412 372 417 217 117 188 57 418 247 398 213 348 422 324 437 232 427 73 299 250 206 50 490 245 215 67 408 450 333 13 149 280 248 6 464 237 270 19 107 178 394 100 23
113 29 64 341 293 298 366 306 66 174 303 425 489 74 128 35 487 316 42 25 28 78 148 338 193 342 481 240 9 344 296 24 460 405 488 378 252 354 363 479 179 104 432 163 119 207 239 439
474 69 330 102 397 261 106 133 211 387 70 221 436 332 45 22 71 176 37 8 329 269 145 173 141 184 279 430 364 305 374 451 485 356 7 76 83 472 220 403 209 96 258 423 52 273 413 309 461 161 166 56
308 180 199 395 359 463 140 478 494 61 292 458 360 229 476 410 290 62 34 214 197 256 468 162 375 244 216 46 264 381 210 90 355 319 445 334 365 124 301 275 441 268 426 371 267 101 438 150
