18435
17 136 373 219 409 168 106 133 211 351 70 447 498 283 139 272 385 390 87 382 99 418 91 449 41 193 422 434 401 321 232 427 73 233 352 68 337 123 144 266 466 340 334 365 132 115 310 274 297 383 39 285 384 339 402 440
185 113 29 64 341 293 397 98 170 153 320 194 345 27 294 263 462 12 228 8 329 269 145 173 407 324 437 305 374 451 353 296 24 460 405 245 215 67 346 362 31 198 124 301 20 4 5 270 19 107 239 55 166 2
308 180 318 54 261 140 478 494 387 218 322 189 156 483 47 71 176 78 208 148 338 260 160 433 222 26 481 468 162 375 299 250 206 50 490 137 421 48 182 251 86 236 275 441 323 358 175 470 475 205
255 203 328 234 165 134 60 361 142 61 389 282 288 446 151 28 379 196 367 226 155 157 312 342 414 347 435 469 244 216 46 264 94 90 378 252 473 109 444 231 393 286 455 309 314 161 101 147 89 439
474 69 330 51 164 486 491 419 33 110 336 399 125 42 25 122 415 388 16 465 213 227 471 184 279 430 138 364 105 187 325 63 404 257 76 79 428 10 354 363 479 179 464 237 413 171 146 457 56
287 259 452 242 108 420 463 311 92 278 291 412 372 417 217 131 188 57 15 97 376 197 14 43 30 59 1 467 443 116 380 355 319 149 280 248 6 423 52 273 357 461 178 394 95
158 11 368 129 103 350 335 88 370 253 181 135 82 212 186 118 406 400 201 411 111 454 152 499 304 302 281 202 381 210 246 83 472 220 445 249 195 480 431 258 104 432 81 119 53 58 235 438 172 448 23
277 424 204 80 18 298 453 500 40 224 75 292 458 360 229 117 331 377 410 247 398 214 141 317 256 240 9 344 485 356 7 238 488 254 130 36 386 183 3 484 21 191 77 114 391 49 349 150
143 85 102 84 366 306 66 174 303 492 221 436 332 45 22 476 243 459 497 495 127 348 315 241 32 120 456 442 493 313 276 408 450 333 13 209 96 112 416 177 268 426 371 369
265 284 477 199 395 359 121 300 38 396 289 200 425 489 74 128 35 487 316 44 65 37 290 62 34 496 159 223 482 327 392 429 262 72 190 230 271 192 154 225 403 343 307 167 326 126 163 207 169 93 267 100 295
