18435
287 259 452 51 164 359 121 300 38 396 289 253 181 135 82 212 44 28 78 91 449 41 193 312 223 482 256 240 9 344 353 296 24 460 405 210 79 48 182 198 132 258 423 4 5 270 19 107 239 147 205
158 11 368 129 103 261 106 133 211 194 322 189 156 483 47 131 243 331 388 16 465 213 348 422 342 414 321 232 427 73 299 250 206 50 490 245 144 254 130 36 386 183 3 20 52 273 357 461 178 101 339 89 2
255 203 328 234 165 134 366 335 88 200 75 291 412 372 417 217 476 65 462 122 415 367 226 155 214 471 111 401 327 392 429 262 72 190 230 271 154 225 31 195 480 431 275 441 171 146 58 394 402 440
17 136 80 18 298 453 500 370 447 282 288 446 117 118 406 410 290 62 34 157 159 324 43 241 32 120 485 356 7 94 90 83 472 220 252 403 343 307 167 464 237 413 309 314 161 49 349 295
265 284 477 242 108 420 463 140 478 494 387 70 389 27 294 263 377 15 97 376 433 317 437 305 374 451 304 302 281 202 380 192 246 346 362 249 251 86 236 112 416 177 268 426 371 267 438 172 448 23
185 113 424 204 318 54 486 491 419 351 61 425 489 74 128 35 487 316 42 25 188 57 99 418 8 329 269 145 173 184 279 430 454 105 187 325 63 404 257 381 215 408 450 333 13 149 280 248 6 484 21 191 77 114 391 235 100
308 180 199 395 350 311 92 40 224 345 399 125 272 385 382 208 400 201 411 222 14 138 364 435 375 244 216 46 264 238 488 266 466 340 473 109 444 326 126 81 119 53 285 384 150
277 29 64 341 293 397 98 170 153 320 33 110 336 498 283 139 151 87 12 228 148 338 260 160 315 197 26 347 152 499 456 442 493 76 67 428 209 96 115 310 274 297 383 39 457 369 95
474 69 330 102 84 60 361 142 278 218 221 436 332 45 22 186 390 37 379 196 247 398 496 141 407 434 481 30 59 1 467 443 116 313 276 355 319 445 334 365 124 301 231 393 286 455 323 358 175 470 475 439
143 85 373 219 409 168 306 66 174 303 492 292 458 360 229 71 176 459 497 495 127 227 468 162 469 233 352 68 337 123 137 421 378 10 354 363 479 179 104 432 163 207 169 93 55 166 56
