18435
185 113 29 64 341 293 54 261 335 88 194 492 345 282 288 446 151 331 377 99 418 15 97 376 342 437 321 232 32 120 485 356 7 238 488 408 450 333 13 149 280 248 6 484 21 191 77 39 391 384 339 56
287 259 452 51 84 60 361 142 253 181 135 82 212 44 12 228 8 329 269 145 173 422 184 279 414 374 451 304 302 281 202 380 154 225 31 473 109 444 115 310 274 297 383 175 470 49 205
308 180 318 298 453 500 289 33 110 447 498 283 139 186 390 459 208 290 62 34 496 141 407 197 26 481 240 9 344 353 296 24 460 405 245 276 355 319 198 132 231 393 286 455 323 358 114 55 349 150
158 11 368 129 103 121 300 38 396 370 292 458 360 229 476 65 462 188 57 388 16 465 160 111 482 454 105 187 325 63 404 257 313 79 48 182 36 386 183 3 20 4 5 270 19 107 239 394 448
277 424 204 80 18 164 359 486 491 419 224 336 399 125 217 117 87 382 379 196 400 201 411 315 317 14 43 241 427 73 299 250 206 50 490 137 421 266 466 340 209 96 326 126 81 119 53 457 147 89 439
17 136 102 397 98 170 153 320 200 322 189 156 483 47 131 385 243 406 91 148 338 260 157 433 223 401 327 392 429 262 72 190 230 381 215 67 246 378 252 195 480 431 258 423 52 273 413 309 314 161 475 172 440
474 69 330 199 395 168 106 133 211 351 61 425 489 74 128 35 487 316 263 25 28 78 449 41 193 159 434 430 256 305 30 59 1 467 443 116 210 90 254 130 334 365 124 301 275 441 357 461 178 166 295
265 284 477 242 108 420 463 140 478 494 387 70 75 291 412 372 417 42 118 122 415 410 247 398 213 348 312 324 138 468 162 469 233 352 68 337 123 271 192 428 10 354 363 479 179 464 237 171 146 58 235 438 95
255 203 328 234 165 134 366 306 66 174 303 389 27 294 272 37 367 226 155 214 471 222 364 435 375 244 216 46 264 94 144 83 472 220 445 249 251 86 236 112 416 177 268 426 371 285 369 402 2
143 85 373 219 409 350 311 92 40 278 218 221 436 332 45 22 71 176 497 495 127 227 347 152 499 456 442 493 76 346 362 403 343 307 167 104 432 163 207 169 93 267 101 100 23
