18435
185 143 85 102 397 98 170 153 320 289 33 110 447 27 294 263 390 37 379 410 247 398 213 157 315 197 26 454 105 187 325 304 302 281 94 90 408 450 333 13 149 280 248 6 484 21 191 77 39 391 235 147 150
158 11 368 129 103 350 335 88 253 345 498 283 139 476 188 57 196 367 269 145 173 317 437 321 232 435 375 244 216 46 264 238 488 355 319 10 251 86 236 258 423 52 273 270 19 107 239 101 438 205
113 424 204 373 219 409 261 106 133 211 194 218 322 189 156 483 47 151 331 415 388 449 41 260 160 471 312 223 14 43 241 427 73 299 250 206 50 490 137 67 254 130 36 386 183 3 20 4 5 171 146 457 172 439
287 259 452 51 164 359 463 140 478 494 387 70 389 282 288 446 186 243 459 99 418 497 495 127 348 422 342 414 364 305 32 120 485 356 7 202 380 246 83 472 220 445 195 480 431 275 441 323 358 175 470 166 448 23
17 136 80 18 298 366 311 92 40 61 336 399 125 316 42 25 87 12 228 8 329 226 155 214 433 184 279 138 240 9 344 63 404 257 245 215 79 48 182 198 124 301 112 416 177 268 426 371 267 369 402 440
277 29 64 341 293 84 453 500 351 224 181 135 82 212 44 65 118 377 91 290 62 34 227 222 401 374 451 353 296 24 460 405 381 210 378 403 209 96 326 126 357 461 178 394 100
255 203 328 234 165 134 168 491 419 278 489 74 128 35 487 131 385 122 400 201 411 327 392 429 262 72 190 230 271 192 428 252 354 363 479 179 464 237 413 309 314 161 475 95
265 284 477 242 108 420 121 300 38 396 370 492 425 291 412 372 417 217 117 28 78 16 465 193 141 407 324 481 468 162 469 233 352 68 337 123 313 276 266 466 340 334 365 132 231 393 286 455 81 119 53 58 49 339 89 2
308 180 318 54 60 361 142 200 75 292 458 360 229 272 462 406 15 97 376 159 434 430 347 152 499 456 442 493 76 144 346 362 249 343 307 167 104 432 163 207 169 93 285 384 56
474 69 330 199 395 486 306 66 174 303 221 436 332 45 22 71 176 382 208 148 338 496 111 482 256 30 59 1 467 443 116 421 154 225 31 473 109 444 115 310 274 297 383 114 55 349 295
