18450
287 259 452 51 84 366 311 92 200 181 135 82 212 44 65 78 418 497 495 127 348 312 324 454 105 187 325 63 404 257 238 488 254 130 251 86 236 258 423 52 273 413 309 461 178 369 402 440
185 143 85 373 219 409 350 306 66 174 303 218 322 189 156 483 47 71 176 37 400 201 160 471 222 482 256 305 374 451 250 206 50 490 245 215 79 48 182 198 132 112 416 177 268 426 371 267 101 339 56
113 424 204 80 18 164 261 106 133 211 370 253 292 458 360 229 476 243 331 377 379 15 97 376 422 223 401 468 162 469 244 216 46 264 380 346 362 252 473 109 444 275 441 323 358 114 391 394 147 89 439
277 29 64 341 293 54 486 300 38 396 289 33 110 447 498 283 139 131 385 28 228 91 449 41 193 315 317 414 321 240 9 344 353 296 24 460 405 90 450 333 13 149 280 248 6 484 21 191 77 39 457 349 150
474 69 330 102 397 98 170 153 320 194 492 425 489 74 128 35 487 316 42 25 188 57 388 148 338 260 214 111 437 232 427 73 233 352 68 337 123 428 36 386 183 3 20 4 5 270 19 107 239 55 166 2
308 180 318 298 453 500 389 282 288 446 186 390 406 410 290 62 34 496 141 407 197 26 138 364 435 375 299 456 442 493 76 421 266 466 340 354 363 479 179 104 432 81 169 93 285 384 448 23
158 11 368 129 103 168 491 419 351 224 75 291 412 372 417 217 117 87 12 16 465 411 159 434 430 347 152 499 485 356 7 202 381 67 355 319 10 343 307 167 326 126 297 383 175 470 205
255 203 328 234 165 134 60 361 142 278 221 436 332 45 22 151 382 415 196 247 398 213 227 184 279 14 43 30 59 1 467 443 116 313 210 276 83 472 220 445 249 334 365 124 301 231 393 286 455 171 146 314 475 95
17 136 242 108 420 463 140 478 494 387 70 345 399 125 263 462 459 208 8 329 226 155 157 433 342 481 241 32 120 304 302 281 137 94 144 246 408 378 403 209 96 115 310 274 357 53 58 49 100 295
265 284 477 199 395 359 121 335 88 40 61 336 27 294 272 118 122 99 367 269 145 173 327 392 429 262 72 190 230 271 192 154 225 31 195 480 431 464 237 163 119 207 161 235 438 172
