18466
158 11 368 129 103 98 170 153 320 289 33 110 322 189 156 483 47 71 176 118 228 91 367 269 145 173 471 159 434 430 256 305 30 59 1 467 443 116 381 215 67 246 355 319 445 251 86 236 112 416 191 77 114 470 349
287 259 452 242 108 420 366 311 92 40 278 447 498 283 139 272 462 12 388 400 201 411 342 14 481 232 32 120 304 302 281 245 144 266 466 340 195 480 431 258 104 432 171 146 457 369 205
277 424 204 80 18 298 453 500 351 70 75 292 458 360 229 476 390 459 99 148 338 160 184 279 138 364 435 469 233 352 68 337 123 271 154 225 31 343 307 167 275 441 268 426 371 285 448 23
185 474 69 330 102 397 121 300 38 396 303 218 221 436 332 45 22 186 37 410 247 398 213 227 422 223 414 347 152 499 456 442 493 313 79 48 182 149 280 248 6 423 52 273 413 309 461 161 235 438 172 2
113 29 64 341 293 84 60 361 142 224 336 27 294 263 25 188 57 379 196 290 62 34 214 141 111 43 241 427 73 299 250 206 50 490 238 192 83 472 220 252 403 209 96 115 21 126 81 169 93 267 101 147 56
255 203 328 234 165 134 168 106 133 211 194 492 425 489 74 128 35 487 316 44 65 87 406 418 8 329 226 155 157 433 468 162 375 244 216 46 264 94 90 408 450 333 13 473 109 444 231 393 286 455 163 119 207 239 475 339 89 439
308 180 318 54 261 335 88 370 253 181 135 82 212 151 331 377 16 465 193 312 324 437 374 451 353 296 24 460 405 488 346 362 249 334 365 124 301 326 20 4 5 270 19 107 178 394 100 295
17 136 51 164 350 306 66 174 200 291 412 372 417 42 28 122 415 15 97 376 222 26 454 105 187 325 63 404 257 137 210 276 254 130 198 132 484 274 314 297 383 39 391 49 95
143 85 373 219 409 486 491 419 61 345 399 125 217 117 382 449 41 260 496 315 317 401 327 392 429 262 72 190 230 202 380 428 36 386 183 3 464 237 357 53 58 384 150
265 284 477 199 395 359 463 140 478 494 387 389 282 288 446 131 385 243 78 208 497 495 127 348 407 197 482 321 240 9 344 485 356 7 76 421 378 10 354 363 479 179 310 177 323 358 175 55 166 402 440
