18435
185 113 29 64 341 293 298 366 306 66 174 200 75 291 412 372 417 217 186 118 122 415 497 495 127 227 433 184 324 256 240 9 344 296 24 460 405 245 276 346 362 10 209 96 258 423 52 273 413 309 314 161 49 56
474 69 330 199 395 359 453 500 303 492 292 458 360 229 131 78 400 201 411 312 342 481 468 162 375 244 216 46 264 94 90 378 252 354 363 479 179 464 237 268 426 371 55 166 205
158 11 368 129 103 261 106 133 211 370 70 221 436 332 45 22 476 243 12 228 91 449 41 260 348 159 437 321 232 32 120 304 302 281 202 380 154 225 31 251 86 236 112 416 177 81 119 53 457 402 2
308 180 318 54 486 491 419 351 253 447 27 294 263 25 87 377 379 410 247 398 213 157 222 414 364 305 435 469 233 352 68 337 123 137 421 408 48 182 403 343 307 167 104 432 171 146 58 369
277 424 204 373 219 409 463 335 88 194 389 282 288 446 117 28 382 99 196 290 62 34 214 471 434 430 347 152 499 485 356 7 76 144 83 472 220 249 195 480 431 484 21 191 77 114 267 101 147 89 440
17 136 80 18 164 350 311 92 40 61 425 489 74 128 35 487 316 42 390 459 208 8 329 269 145 173 422 279 43 241 427 73 299 250 206 50 490 238 488 450 333 13 149 280 248 6 326 126 163 207 169 93 285 384 448 23
255 203 328 234 165 134 168 140 478 494 278 336 498 283 139 272 385 331 406 148 338 193 141 407 197 26 454 105 187 325 63 404 257 67 355 319 445 334 365 124 301 115 310 274 297 383 39 391 394 100 295
287 259 452 51 84 60 361 142 224 181 135 82 212 44 65 462 188 57 367 226 155 160 223 401 327 392 429 262 72 190 230 271 192 246 266 466 340 198 132 231 393 286 455 323 358 175 470 475 339 95
265 284 477 242 108 420 121 300 38 396 387 218 322 189 156 483 47 151 388 15 97 376 315 317 14 138 374 451 353 456 442 493 381 215 79 428 473 109 444 275 441 357 461 178 349 150
143 85 102 397 98 170 153 320 289 33 110 345 399 125 71 176 37 418 16 465 496 111 482 30 59 1 467 443 116 313 210 254 130 36 386 183 3 20 4 5 270 19 107 239 235 438 172 439
