18466
185 113 424 204 199 395 261 106 133 211 200 489 74 128 35 487 71 176 118 406 16 465 193 141 111 430 347 152 499 353 296 24 460 405 192 246 254 130 354 363 479 179 104 432 163 119 207 239 55 166 448
287 259 452 51 84 60 361 142 61 218 322 189 156 483 47 131 385 12 228 497 495 127 227 422 312 342 481 241 32 120 485 356 7 202 380 355 319 10 473 109 444 464 237 309 461 161 49 100 2
158 11 368 129 103 463 140 478 494 387 70 389 27 294 263 462 188 57 99 418 148 338 260 214 433 184 324 437 321 240 9 344 456 442 493 76 421 154 225 31 198 132 112 416 191 77 39 391 101 349 440
17 136 80 18 164 359 350 335 88 370 253 447 498 283 139 272 28 382 247 398 213 348 159 317 401 327 392 429 262 72 190 230 271 450 333 13 251 86 236 258 423 52 273 413 171 146 457 369 295
255 203 328 234 165 134 168 170 153 320 224 336 282 288 446 186 243 459 208 410 290 62 34 496 315 482 454 105 187 325 63 404 257 381 215 67 346 362 252 209 96 231 393 286 455 323 358 114 470 475 339 402 23
143 85 373 219 409 486 306 66 174 303 492 425 291 412 372 417 217 476 65 37 8 329 226 155 157 197 26 138 232 427 73 299 250 206 50 490 245 276 83 472 220 445 149 280 248 6 310 177 357 53 58 394 147 89 439
277 29 64 341 293 54 121 300 38 396 289 33 110 345 399 125 316 42 25 78 91 367 269 145 173 407 223 414 468 162 469 233 352 68 337 123 137 210 90 408 48 182 403 343 307 167 326 20 4 5 270 19 107 178 235 95
474 69 330 102 397 98 491 419 351 181 135 82 212 44 331 377 388 449 41 411 434 256 305 374 451 304 302 281 94 144 79 428 249 195 480 431 275 441 268 426 371 267 56
308 180 318 298 453 500 194 221 436 332 45 22 151 379 15 97 376 279 364 435 375 244 216 46 264 238 488 378 36 386 183 3 484 274 314 297 383 175 438 172 205
265 284 477 242 108 420 366 311 92 40 278 75 292 458 360 229 117 390 87 122 415 196 400 201 160 471 222 14 43 30 59 1 467 443 116 313 266 466 340 334 365 124 301 115 21 126 81 169 93 285 384 150
