13090
564 316 367 139 426 76 665 629 683 148 432 552 450 479 651 448 103 619 95 654 111 14 127 27 397 348 449 91 81 344 4 325 477 646 518 73 32 373 510 495 143 21 500 160 224 123 421 572 622 46 320 102 672 28 438 57 184 591 400 429
61 381 38 389 215 44 329 273 606 55 628 561 483 465 231 223 49 607 303 16 645 210 386 217 322 288 677 445 420 29 414 366 482 402 547 375 198 663 74 610 98 385 51 496 555 466 99 442 359 221 363 227 324 470 349
460 609 277 656 605 175 144 491 170 195 183 17 268 199 19 45 441 407 372 488 634 430 104 75 416 473 624 582 698 252 403 576 589 270 546 192 117 267 458 563 241 132 659 600 571 128 578 107 394 424 323 670 537 692 113 519
588 93 209 543 542 408 237 541 286 153 10 155 655 242 173 380 514 637 230 257 30 664 319 258 245 110 676 436 69 533 25 347 54 468 464 509 360 31 399 174 114 62 376 22 412 396 259 560 7 78 254 410 298 553 296
660 601 684 423 398 72 9 177 125 612 36 213 593 405 334 419 343 413 328 611 355 393 335 200 534 33 444 332 179 249 570 579 292 451 689 695 529 435 255 476 67 525 340 271 532 462 295 362 256 395 120 272 625 275 498 214 1 535 188
653 586 522 318 567 290 427 336 417 302 122 88 105 18 661 575 392 521 439 250 490 557 530 422 299 505 503 694 630 453 369 42 371 682 63 594 517 43 617 475 236 390 207 641 71 189 636 568 206 536 280 26 580 196 142 425 8 638 520 595
263 608 264 597 152 549 679 648 686 3 515 164 234 172 276 108 306 13 151 281 411 92 401 658 283 239 666 415 24 558 690 459 233 478 508 377 15 56 208 687 673 181 97 171 109 573 222 161 642 101 182 342 569 176 434 481 305
314 130 565 527 554 131 66 251 504 494 248 620 592 551 545 300 696 194 614 635 187 136 327 159 455 163 512 440 485 40 35 365 487 384 502 158 616 64 134 524 311 138 70 243 205 202 574 191 486 674 82 2 513 406 358 185 501 34 211 489
225 652 604 590 640 149 79 235 615 346 632 550 431 383 178 59 539 47 266 350 461 301 382 133 100 631 60 253 204 297 697 418 507 186 598 556 90 244 700 229 37 65 331 472 294 391 621 531 671 169 404 467 446 6 540 499 452 678 599
337 584 433 681 162 141 216 121 48 351 212 643 387 566 150 585 265 80 247 126 96 310 463 135 378 699 278 11 309 262 41 356 633 23 506 58 497 544 238 492 89 639 657 317 68 53 528 662 285 374 85 147 86 84 457 94 669 474 668 146 118 691 50
693 357 667 315 87 165 116 623 140 307 274 112 287 469 354 626 613 282 526 368 516 352 602 480 471 52 261 291 308 341 83 581 167 409 168 353 688 538 129 562 675 685 106 364 12 484 313 228 119 680 39 115 627 156 246 20 77 596
577 304 197 587 650 559 338 284 583 145 523 226 493 330 180 548 279 269 379 312 454 511 339 428 644 437 361 443 124 190 618 603 219 321 201 220 203 260 157 240 333 447 649 218 370 388 326 193 232 137 647 154 345 5 289 293 456 166
