13090
61 337 584 389 543 44 549 683 148 432 140 307 274 450 164 234 354 431 383 279 269 379 312 454 511 339 428 283 217 322 288 677 618 603 219 321 594 517 238 90 244 700 229 37 114 62 376 600 326 193 531 84 99 101 424 438 57 184 591 400 429
564 314 38 433 315 87 408 237 541 351 212 346 632 550 180 548 407 372 488 634 16 645 210 386 261 91 11 309 445 420 29 414 366 482 402 547 375 117 476 447 65 271 532 555 169 2 7 78 156 246 20 77 596
460 588 565 527 597 72 9 177 125 612 686 3 405 545 655 242 282 526 368 516 352 430 104 449 440 453 369 42 371 682 63 451 689 260 157 687 673 181 97 160 12 484 496 128 671 222 137 647 120 115 182 342 5 434 481 305
225 608 139 681 605 175 216 417 302 122 88 105 287 469 172 276 108 413 328 47 266 463 135 378 133 100 631 666 415 24 558 690 459 233 478 508 377 510 639 657 317 21 641 71 218 370 388 295 486 466 102 394 467 627 254 410 298 553 296
609 522 318 426 76 665 629 121 583 145 523 387 300 696 265 306 13 151 281 411 602 455 30 664 694 291 308 341 83 581 698 252 403 168 353 688 538 373 43 617 134 524 311 138 610 98 385 51 462 313 228 119 259 26 28 625 275 498 214 1 535 456 166
653 586 277 656 587 650 559 116 606 55 10 643 479 566 150 441 173 380 514 637 230 257 163 512 278 81 344 4 325 477 646 598 556 492 475 236 390 207 106 364 331 472 294 574 572 622 621 206 536 280 560 154 669 474 668 146 499 452 678 599
263 357 667 554 131 165 144 640 149 286 153 18 661 575 392 521 80 247 126 96 310 505 503 644 437 416 60 253 365 167 409 25 347 54 468 464 509 360 31 399 563 340 224 123 421 573 161 672 442 446 6 540 289 293 188
660 601 684 398 590 251 79 235 615 592 19 483 465 178 59 539 611 355 393 335 200 534 319 239 444 332 179 249 570 579 186 576 589 270 15 56 208 562 675 685 525 241 189 636 22 412 362 256 395 39 580 345 142 425 118 691 50
693 304 197 162 141 338 623 36 213 593 112 628 551 561 651 448 103 194 614 635 187 136 350 461 301 382 33 258 245 473 624 582 487 384 533 201 220 203 546 192 198 663 74 174 205 374 85 191 86 46 320 457 272 406 221 363 227 324 470 349
381 93 264 423 567 290 427 336 679 648 48 504 494 248 268 226 493 330 626 613 231 223 49 607 303 327 159 480 471 52 361 485 40 35 676 436 69 502 158 616 64 495 143 500 649 132 659 109 568 396 680 642 513 323 670 537 692 113 519
577 130 652 604 152 329 273 284 552 515 620 199 334 419 343 619 95 654 111 14 127 27 397 348 699 443 124 190 262 41 356 633 23 506 58 497 544 695 529 89 435 255 267 458 68 53 528 662 285 202 391 232 674 82 404 94 359 358 185 501 34 211 489
316 367 209 215 542 66 491 170 195 183 17 155 45 585 439 250 490 557 530 422 299 92 401 658 75 630 110 204 297 697 418 507 292 518 73 32 129 240 333 67 70 243 171 571 147 578 107 196 569 176 8 638 520 595
