13090
61 660 304 197 567 590 336 679 648 284 686 3 515 620 155 655 431 383 413 328 47 266 430 104 283 217 245 81 344 4 325 477 646 451 689 617 639 657 229 563 241 189 636 568 222 137 39 78 156 246 20 77 596
564 609 277 656 215 554 131 141 177 125 612 79 235 615 346 632 550 242 173 380 126 96 310 505 503 382 133 100 630 40 35 676 436 69 533 201 220 203 510 240 333 67 525 205 294 421 572 573 206 536 280 560 7 272 669 363 227 324 470 349
460 693 357 667 315 650 559 683 417 432 552 450 226 387 566 150 585 265 306 13 151 281 411 602 135 378 512 361 485 110 365 487 384 502 168 353 688 54 64 134 524 311 641 65 171 600 191 259 404 580 28 221 6 540 434 481 305
337 584 433 681 605 175 338 149 504 494 248 199 19 651 448 103 194 614 635 187 136 327 159 480 471 699 440 322 444 332 179 167 409 506 58 497 544 695 56 208 495 143 106 364 271 532 462 295 119 46 320 102 101 182 342 569 176 184 591 400 429
653 586 264 398 290 427 237 606 307 274 10 164 234 172 276 108 279 269 379 312 454 511 339 428 75 631 11 309 262 41 356 633 23 25 347 538 373 468 464 475 236 390 207 399 174 340 224 123 85 193 86 674 82 2 154 359 438 57 118 691 50
263 389 543 44 549 144 640 302 583 145 523 405 545 300 696 282 95 654 488 634 16 645 210 261 91 666 415 24 558 690 297 697 418 507 186 508 377 238 492 89 117 267 458 68 53 218 370 388 22 412 232 84 99 627 254 670 289 535 188
577 130 565 527 597 87 408 273 623 122 88 105 287 469 330 180 548 439 250 514 637 463 455 163 449 278 288 677 445 420 29 414 366 482 402 547 192 562 675 97 98 662 285 202 574 622 621 486 578 107 647 120 467 323 410 298 553 296
225 608 139 426 162 329 251 140 55 112 18 661 45 441 178 59 539 611 355 393 335 200 534 319 239 60 253 204 249 570 579 292 158 616 43 375 198 663 500 243 649 331 472 374 571 128 169 161 457 115 424 625 275 498 214 1 113 519
588 93 652 604 76 152 66 116 48 286 153 643 479 483 465 407 372 111 14 127 27 397 348 52 33 416 473 624 582 698 252 403 518 73 32 90 244 700 317 21 138 610 114 62 376 391 531 345 474 668 146 537 692 293 456 166
381 601 684 587 542 165 216 148 541 36 183 17 268 493 354 626 613 231 223 49 607 303 352 230 257 30 386 437 694 443 124 190 618 603 219 321 598 556 129 435 255 31 685 37 160 12 484 326 147 396 466 26 513 406 358 185 501 34 211 489
316 367 522 318 72 9 121 195 213 593 628 334 419 343 619 247 490 557 530 422 299 92 401 658 644 258 308 341 83 581 459 233 478 576 589 270 15 546 529 509 360 476 74 70 71 385 51 313 228 362 256 395 672 442 446 5 499 452 678 599
314 38 209 423 665 629 491 170 351 212 592 551 561 575 392 521 80 526 368 516 350 461 301 664 291 453 369 42 371 682 63 594 517 260 157 687 673 181 447 528 132 659 109 496 555 671 680 642 394 94 196 142 425 8 638 520 595
