13090
337 584 652 604 76 72 9 237 541 351 212 643 479 651 431 383 380 514 637 461 301 664 319 416 60 624 582 698 252 403 168 353 688 538 90 240 333 138 70 340 271 532 462 313 206 674 82 642 394 467 627 254 5 499 452 678 599
564 660 209 567 590 141 177 125 284 79 235 105 287 469 330 448 103 173 279 269 379 312 454 511 339 428 283 630 666 415 24 558 690 487 384 502 158 616 64 509 360 31 685 37 71 189 636 574 572 622 621 466 2 120 78 625 275 498 214 1 535 188
460 693 304 197 587 650 559 336 148 432 140 307 274 450 346 632 550 180 343 619 95 654 111 14 127 92 401 658 699 217 110 365 167 409 506 58 497 544 238 617 117 267 74 610 98 331 472 294 421 568 396 320 672 272 358 185 501 34 211 489
263 565 527 597 605 144 491 273 623 122 88 164 387 566 150 585 413 328 47 266 350 393 335 200 386 91 453 369 42 371 682 63 451 689 695 510 198 663 563 160 132 659 388 295 486 680 26 580 28 221 246 20 77 596
588 433 681 398 542 251 583 145 10 155 655 242 282 526 611 355 602 135 378 75 437 258 245 81 344 4 325 477 646 518 73 32 373 129 562 675 97 65 224 123 391 531 536 280 560 39 182 342 438 57 184 591 400 429
61 314 130 389 215 44 549 683 417 302 686 3 515 18 661 575 392 521 178 59 539 368 516 327 159 480 471 52 278 291 308 341 83 581 459 233 478 576 589 270 260 157 687 207 399 174 114 62 376 85 191 228 362 259 404 94 196 6 540 434 481 305
653 586 601 684 423 162 165 170 606 55 620 226 493 354 626 613 265 306 13 151 281 411 505 503 382 261 440 322 288 677 618 603 219 321 594 517 43 375 495 143 21 641 241 12 573 119 46 99 7 442 446 142 425 324 470 349
609 277 656 426 554 131 216 640 149 504 494 248 592 561 483 441 407 372 488 634 16 645 210 644 631 444 332 179 249 570 579 533 25 347 54 468 464 639 657 229 500 243 649 385 51 326 193 232 86 169 161 457 101 359 156 670 8 638 520 595
316 367 93 522 318 665 629 66 338 612 36 183 17 268 405 334 419 548 439 250 490 557 530 422 299 27 397 348 449 485 40 35 204 297 697 418 507 292 201 220 203 56 208 475 236 390 673 181 447 171 109 496 147 578 107 102 669 363 227 118 691 50
381 38 264 543 152 175 679 648 552 615 199 19 45 465 231 223 49 607 303 352 230 257 30 534 33 361 473 253 676 436 69 186 598 556 492 244 700 317 458 68 53 528 662 285 374 600 555 84 647 115 345 569 176 537 692 113 519
225 608 139 87 408 121 48 286 153 523 234 172 276 108 80 247 126 96 310 463 455 163 512 239 443 124 190 262 41 29 414 366 482 402 547 192 134 524 311 106 364 218 370 484 22 412 222 137 513 406 474 668 146 289 293 456 166
577 357 667 315 290 427 329 116 195 213 593 112 628 551 545 300 696 194 614 635 187 136 430 104 133 100 694 11 309 445 420 356 633 23 508 377 15 546 529 89 435 255 476 67 525 205 202 571 128 671 256 395 154 424 323 410 298 553 296
