13346
460 693 130 565 527 567 590 175 121 284 686 3 112 18 661 45 585 407 372 111 14 127 27 397 348 283 630 453 369 42 297 418 633 23 25 347 54 468 464 198 663 447 205 294 600 496 555 119 84 99 7 345 474 668 146 298 553 296
61 381 93 522 318 315 87 408 640 149 286 153 523 493 330 180 343 282 526 47 266 602 480 471 449 440 473 624 582 682 29 507 186 598 556 260 687 207 399 174 649 218 370 388 22 622 621 531 680 647 120 513 406 323 410 537 692 113 519
564 588 38 433 681 162 549 683 417 302 122 88 105 287 387 566 150 441 173 380 126 96 350 461 301 658 75 437 217 308 341 83 581 459 321 478 576 589 270 129 495 143 21 97 98 385 51 85 191 486 536 107 154 627 438 57 118 691 50
316 367 209 426 76 665 629 66 251 351 212 592 561 575 392 521 178 59 539 368 516 352 430 104 699 258 245 60 253 204 249 570 579 292 518 73 32 373 43 617 562 675 685 525 340 189 636 295 396 222 137 272 442 196 569 176 434 481 305
337 584 389 597 605 165 144 491 170 48 504 494 248 346 632 550 242 619 95 654 488 634 16 645 210 664 261 91 444 332 179 487 384 63 451 689 492 157 240 333 67 563 241 132 659 109 571 147 578 395 39 115 424 358 185 501 34 211 489
660 357 667 543 152 679 648 606 55 620 199 19 651 448 103 231 223 49 607 303 310 463 135 378 512 278 322 288 677 618 603 697 219 403 168 353 688 538 510 509 360 31 138 610 114 62 376 313 228 466 457 467 359 254 5 289 535 456 166
653 586 264 587 542 177 125 612 79 235 615 155 655 626 613 194 614 635 187 136 327 159 455 30 52 239 443 124 190 262 41 356 233 508 377 15 546 529 89 639 657 317 106 364 171 128 671 46 320 102 672 182 342 363 227 324 470 349
225 608 139 44 116 623 552 450 164 234 172 276 108 439 250 514 637 92 401 386 694 291 110 365 325 477 646 594 517 238 192 134 524 311 74 70 271 532 462 391 280 560 394 78 156 246 20 77 596
577 601 684 423 650 559 216 148 432 140 307 274 268 226 469 354 431 383 413 328 611 355 505 503 382 33 485 40 35 676 436 69 502 158 616 90 244 700 229 500 160 224 123 421 568 206 259 26 580 28 625 275 498 214 1 400 429
263 277 656 215 554 131 141 338 195 183 17 405 334 419 548 306 13 151 281 411 393 335 200 534 319 631 666 415 24 558 690 698 252 533 201 220 203 64 475 236 390 673 181 641 71 12 484 326 193 232 86 674 82 404 101 446 6 540 499 452 678 599
314 304 197 398 290 427 329 273 583 145 515 10 643 479 483 465 279 269 379 312 454 511 339 428 644 361 81 344 4 167 409 506 58 497 544 695 56 208 435 255 476 37 53 528 662 285 202 574 572 573 362 256 161 642 94 669 670 184 591 293 188
609 652 604 72 9 336 237 541 36 213 593 628 551 545 300 696 265 80 247 490 557 530 422 299 230 257 163 133 100 416 11 309 445 420 371 414 366 482 402 547 375 117 267 458 68 243 65 331 472 374 412 169 2 221 142 425 8 638 520 595
