13090
460 337 584 209 681 398 72 9 170 48 552 515 620 226 387 45 441 231 223 49 607 303 352 463 455 30 664 319 631 666 415 24 558 690 487 384 533 482 402 547 375 639 657 229 106 71 224 123 421 622 228 536 280 457 78 358 185 501 34 211 489
61 314 522 318 315 87 683 417 302 122 88 346 632 550 180 548 619 95 654 111 14 127 27 397 348 699 217 322 11 309 445 420 356 633 502 168 353 688 54 468 464 117 476 37 364 528 132 659 109 295 486 259 404 359 221 142 425 8 638 520
564 316 367 304 197 587 650 559 336 237 606 307 274 450 164 234 172 276 108 279 269 379 312 454 511 339 428 283 440 485 40 35 676 436 69 186 576 589 270 15 90 244 700 317 500 243 218 370 388 22 412 232 86 222 102 394 94 424 625 275 498 214 1 535 456 166
653 586 277 656 426 76 152 549 144 148 541 286 153 523 155 655 448 103 178 59 539 368 516 327 159 480 471 33 361 245 110 204 297 697 418 507 23 25 347 538 373 43 617 134 524 311 138 610 114 189 636 574 193 680 560 196 156 670 289 293 188
577 93 139 567 290 427 329 251 504 494 248 268 405 334 419 343 407 372 488 634 16 645 210 386 694 453 369 42 371 682 63 594 517 546 529 89 509 360 31 97 53 205 374 462 326 147 206 107 7 442 363 227 118 691 50
588 357 667 543 542 216 640 149 79 235 615 287 469 354 626 613 194 614 635 187 136 350 393 335 200 534 100 630 473 624 582 167 409 506 58 497 544 192 198 663 21 458 174 160 12 484 391 621 466 2 672 28 6 540 434 481 305
660 565 527 665 629 66 491 273 623 583 145 105 18 661 575 392 521 439 250 514 637 230 257 163 52 278 291 308 341 83 581 459 233 478 508 377 260 157 495 143 685 68 649 662 285 202 572 573 578 137 647 120 115 272 345 438 57 184 591 400 429
381 608 264 597 605 175 338 432 140 55 10 643 479 566 150 585 265 80 247 490 557 530 422 299 461 301 512 258 60 253 365 325 477 646 598 556 238 56 208 435 255 267 399 563 241 62 376 571 128 169 26 580 182 342 246 20 77 596 595
263 130 389 215 554 131 141 121 351 212 493 330 242 173 306 13 151 281 411 92 401 658 644 437 416 81 344 4 698 252 403 518 73 32 64 475 236 390 207 641 65 331 472 294 600 496 555 362 674 82 642 669 474 668 146 537 692 113 519
693 38 433 44 408 116 195 183 17 592 545 300 696 282 526 611 355 602 135 378 75 261 91 444 332 179 249 570 579 292 158 616 129 687 673 181 447 98 171 313 531 671 46 320 161 39 467 446 569 176 324 470 349
225 601 684 423 590 177 125 612 686 3 199 19 651 431 383 380 126 96 310 505 503 382 133 239 443 124 190 262 41 29 414 366 451 689 695 510 240 333 67 525 340 271 532 568 119 84 99 101 627 254 5 499 452 678 599
609 652 604 162 165 679 648 284 36 213 593 112 628 551 561 483 465 413 328 47 266 430 104 449 288 677 618 603 219 321 201 220 203 492 562 675 74 70 385 51 85 191 396 256 395 154 513 406 323 410 298 553 296
