13090
564 316 367 304 197 587 542 165 144 121 284 122 88 105 592 334 419 343 407 372 488 634 16 645 210 386 437 416 666 415 24 558 690 487 384 533 201 220 203 510 509 360 476 67 525 218 370 388 295 232 169 2 39 94 406 474 668 146 298 553 296
460 693 38 209 681 398 650 559 338 149 552 450 226 493 330 180 548 619 247 490 557 530 422 299 92 401 658 699 361 60 624 582 698 252 403 508 377 468 464 639 657 229 458 174 160 224 123 85 147 396 466 154 424 221 156 246 20 77 596 595
609 277 656 215 44 549 177 125 612 79 235 515 10 346 632 550 242 279 269 379 312 430 104 75 291 308 341 83 581 459 233 478 576 589 270 15 529 687 207 641 71 205 294 574 572 573 86 674 457 182 342 569 176 434 481 305
263 608 264 423 605 175 491 417 432 140 307 274 615 287 387 45 441 282 95 654 111 14 127 27 397 348 52 33 258 245 40 35 676 436 69 366 482 402 547 375 240 333 500 114 62 376 421 191 486 222 137 513 323 670 499 452 678 599
61 381 93 389 554 131 329 640 302 351 212 643 479 566 150 585 265 80 526 611 355 393 335 200 534 239 473 253 204 297 697 418 507 23 506 58 497 544 695 56 208 562 675 37 364 171 109 22 622 362 46 320 161 647 120 28 625 275 498 214 1 293 456 166
588 139 567 590 408 237 541 36 213 593 112 628 551 561 651 448 103 173 380 126 96 310 505 503 382 133 100 694 630 11 309 445 420 356 633 502 451 689 43 617 475 236 390 673 181 97 53 528 132 659 462 326 193 531 671 84 99 272 442 196 6 540 289 535 188
225 652 604 72 9 683 148 686 3 164 234 354 431 383 413 328 47 266 350 602 135 378 283 217 322 453 369 42 371 682 63 594 517 238 492 89 435 117 267 685 68 243 65 189 636 412 228 107 102 78 358 185 501 34 211 489
653 586 433 315 290 427 170 195 183 17 199 19 483 465 231 223 49 607 303 454 511 339 428 644 440 81 344 4 167 409 25 347 538 546 192 134 524 311 138 610 331 472 202 571 128 256 82 26 669 363 227 324 470 349
577 601 684 543 152 66 116 623 583 145 523 155 655 626 613 306 13 151 281 411 463 455 30 664 319 485 110 365 325 477 646 168 353 688 54 64 255 31 399 563 340 271 532 313 206 259 560 672 580 345 438 57 184 591 400 429
660 357 667 597 665 629 679 648 606 55 268 405 545 300 696 194 614 635 187 136 327 461 301 261 91 288 677 618 603 219 321 518 73 32 373 129 198 663 74 70 241 12 484 391 621 578 395 7 101 359 5 118 691 50
314 130 565 527 76 87 336 251 286 153 18 661 575 392 521 178 59 539 368 516 352 159 480 471 449 443 124 190 262 41 29 414 292 158 616 260 157 495 143 447 98 662 285 374 600 496 555 536 280 404 115 446 142 425 8 638 520
337 584 522 318 426 162 141 216 273 48 504 494 248 620 469 172 276 108 439 250 514 637 230 257 163 512 278 631 444 332 179 249 570 579 186 598 556 90 244 700 317 21 106 649 385 51 568 119 680 642 394 467 627 254 410 537 692 113 519
