13090
460 693 601 684 423 398 152 175 679 648 302 686 3 515 620 199 19 483 465 80 247 490 557 530 422 299 92 401 449 278 291 666 415 24 558 690 297 697 418 507 23 25 347 54 64 134 524 311 67 563 160 12 484 295 228 119 46 320 161 457 94 359 156 246 20 77 596
564 660 38 139 426 76 665 629 66 491 273 432 140 307 274 450 346 632 550 626 613 413 328 611 355 461 301 658 133 100 694 630 473 253 365 325 477 646 168 353 688 538 43 617 495 143 21 447 649 331 472 294 85 191 486 680 647 442 406 323 410 289 535 456 166
577 304 197 162 141 640 623 122 88 105 592 551 545 300 696 282 526 368 516 352 159 455 30 382 33 239 308 341 83 581 459 233 478 508 377 468 464 117 267 685 74 70 243 65 224 123 462 622 621 206 84 560 154 513 625 670 537 692 293 188
61 314 130 565 527 567 590 144 417 286 153 10 405 172 276 108 178 59 539 47 266 350 230 257 163 644 437 440 485 40 35 676 436 69 502 451 689 373 510 509 360 31 525 528 132 659 109 496 555 396 169 102 78 358 185 501 34 211 489
381 277 656 215 290 427 683 148 541 351 212 287 469 330 180 548 619 95 654 111 14 127 27 397 348 52 258 11 309 262 41 356 633 292 158 616 90 244 700 229 458 68 98 271 532 571 147 536 280 39 115 272 669 474 668 146 298 553 296
653 586 433 681 650 559 338 149 583 145 523 226 493 561 651 448 103 194 614 635 187 136 327 602 480 471 699 91 444 332 179 698 252 403 518 73 32 129 687 673 181 37 364 218 370 388 22 128 671 222 137 642 101 446 142 425 324 470 349
263 93 209 543 44 549 216 121 195 213 593 643 387 575 392 521 439 250 514 637 463 135 378 512 361 443 124 190 618 603 219 321 576 589 270 15 546 529 89 435 255 476 500 71 385 51 412 362 674 82 2 120 182 342 221 6 540 434 481 305
316 367 357 667 315 87 165 170 48 504 494 248 164 234 354 431 383 279 269 379 312 430 104 386 261 631 60 624 582 487 384 533 201 220 203 492 157 475 236 390 207 641 241 62 376 391 531 259 672 467 627 438 57 184 591 400 429
588 608 264 597 605 177 125 612 79 235 615 18 661 45 441 173 380 126 96 310 505 503 664 319 245 110 204 249 570 579 186 598 556 260 639 657 317 97 53 205 374 600 313 86 256 395 394 424 569 176 118 691 50
609 522 318 587 542 408 116 606 55 112 479 566 150 585 265 306 13 151 281 411 393 335 200 534 75 453 369 42 371 682 63 594 517 238 375 240 333 138 610 171 421 568 404 196 363 227 8 638 520 595
225 389 72 9 329 251 36 183 17 155 655 242 407 372 488 634 16 645 210 416 81 344 4 167 409 506 58 497 544 695 56 208 198 663 106 114 189 636 326 193 232 466 99 7 580 345 275 498 214 1 113 519
337 584 652 604 554 131 336 237 284 552 268 628 334 419 343 231 223 49 607 303 454 511 339 428 283 217 322 288 677 445 420 29 414 366 482 402 547 192 562 675 399 174 340 662 285 202 574 572 573 578 107 26 28 254 5 499 452 678 599
