13090
660 93 522 318 76 72 9 237 302 686 3 515 346 632 550 431 383 279 269 379 312 454 511 339 428 283 485 40 35 365 167 409 506 58 497 544 695 56 208 495 143 447 205 202 313 536 280 647 669 142 425 324 470 349
653 586 601 684 543 44 408 148 541 351 212 199 334 419 343 619 95 654 111 14 127 27 397 348 319 239 443 124 190 618 487 384 533 451 689 373 510 509 360 31 685 106 649 224 123 391 621 531 259 642 394 94 345 363 227 8 638 520
61 381 357 667 315 87 329 251 504 494 248 268 628 551 545 655 242 173 306 13 151 281 411 393 335 200 512 440 453 369 42 371 682 63 594 517 238 375 639 657 229 458 68 98 331 472 294 600 496 555 86 466 2 467 358 185 501 34 211 489
460 693 38 433 681 398 542 165 640 48 552 112 155 45 465 407 372 488 634 16 645 210 449 291 666 415 24 558 690 297 697 418 507 186 508 377 468 464 117 476 67 525 340 171 109 326 147 206 84 404 101 424 625 5 434 481 305
316 367 304 197 162 549 683 417 432 140 307 274 450 164 234 172 276 108 178 59 539 368 516 327 602 135 378 534 75 261 91 60 253 676 436 69 478 576 589 270 15 546 192 562 675 174 160 12 484 22 622 228 362 256 395 7 513 406 323 410 298 553 296
577 130 652 604 587 650 559 216 121 284 122 88 105 18 661 575 392 521 439 250 490 557 530 422 299 230 257 30 664 11 309 262 41 356 633 502 518 73 32 43 617 475 236 390 207 74 610 114 189 636 574 572 573 578 107 102 672 28 254 670 184 591 400 429
263 565 527 567 590 175 116 623 36 213 593 643 479 566 150 585 413 328 47 266 350 461 301 699 278 630 81 344 4 325 477 646 598 556 260 157 240 333 37 364 271 532 85 191 486 671 46 320 26 627 438 57 118 691 50
609 209 426 665 629 66 491 170 195 183 17 469 561 483 441 380 514 637 92 401 658 133 100 361 308 341 83 581 459 233 23 25 347 538 492 198 663 21 97 53 528 132 659 571 128 119 680 560 39 580 182 342 221 156 246 20 77 596 595
225 139 597 554 131 141 177 125 612 79 235 615 287 387 300 696 282 526 611 355 430 104 386 437 416 288 677 445 420 29 414 366 482 402 547 529 89 435 255 267 399 70 71 662 285 374 462 295 232 222 137 120 78 275 498 214 1 293 456 166
588 608 264 423 605 144 273 286 153 523 405 354 626 613 194 614 635 187 136 159 480 471 644 694 631 473 624 582 698 252 403 168 353 688 54 64 134 524 311 138 563 241 62 376 421 193 99 196 6 540 499 452 678 599
564 314 277 656 215 290 427 336 679 648 606 55 620 226 493 330 180 548 231 223 49 607 303 352 505 503 382 217 322 444 332 179 249 570 579 292 158 616 129 687 673 181 641 65 218 370 388 568 396 169 161 457 115 272 442 446 474 668 146 289 535 188
337 584 389 152 338 149 583 145 10 592 19 651 448 103 265 80 247 126 96 310 463 455 163 52 33 258 245 110 204 603 219 321 201 220 203 90 244 700 317 500 243 385 51 412 674 82 154 359 569 176 537 692 113 519
