13090
564 316 367 93 522 318 315 290 427 165 679 648 606 55 268 199 334 419 548 619 95 654 111 14 127 27 397 348 449 694 631 444 332 179 249 570 579 186 508 377 15 546 192 562 675 685 74 174 114 189 636 571 128 536 161 647 154 446 363 227 8 638 520 595
460 337 584 389 426 76 542 144 640 195 213 593 643 387 566 150 585 407 372 488 634 350 393 335 200 386 261 245 60 253 365 325 477 646 25 347 54 617 134 524 311 106 364 528 662 285 202 326 193 256 395 120 467 627 323 410 298 553 296
61 314 130 565 527 587 650 559 336 237 541 286 153 10 346 632 550 180 343 282 526 47 266 430 104 699 361 666 415 24 558 690 603 219 321 598 556 468 464 117 267 37 53 218 370 484 412 232 86 280 7 101 182 342 438 57 184 591 293 188
381 38 264 423 398 87 66 338 149 583 145 523 405 545 300 696 194 614 635 187 136 327 602 455 30 52 437 440 485 110 204 297 697 418 507 366 482 402 547 529 89 435 255 476 458 68 243 65 385 51 496 555 84 26 669 142 425 324 470 349
588 357 667 543 152 175 121 284 686 3 515 620 479 575 392 521 413 328 611 355 230 257 163 512 217 322 288 677 445 420 29 414 292 451 689 43 375 240 333 500 62 376 574 573 486 466 99 272 196 156 246 20 77 596
609 277 652 604 605 408 148 302 122 88 105 287 469 330 431 383 380 514 637 463 135 378 644 278 443 124 190 618 487 384 533 168 353 688 538 373 492 157 475 236 390 673 181 97 160 12 421 572 622 228 119 680 560 39 513 406 221 6 540 434 481 305
653 586 601 684 597 72 9 683 417 432 351 212 155 655 242 173 306 13 151 281 411 461 301 664 291 473 624 582 698 252 403 518 73 32 129 244 700 229 563 649 331 472 374 22 147 362 674 82 404 94 424 474 668 146 289 535 456 166
577 209 665 629 329 116 623 140 307 274 615 628 551 561 483 441 439 250 490 557 530 422 299 92 401 658 133 100 258 308 341 83 581 459 233 23 201 220 203 260 495 143 21 138 610 98 224 123 85 191 396 222 137 642 345 254 5 499 452 678 599
693 433 681 162 549 491 170 48 504 494 248 164 234 172 276 108 178 59 539 368 516 16 645 210 534 33 630 453 369 42 371 682 63 594 517 238 90 198 663 641 241 132 659 388 568 578 107 102 394 78 670 537 692 400 429
660 304 197 554 131 141 177 125 612 552 450 226 493 354 626 613 279 269 379 312 454 511 339 428 75 91 11 309 262 41 356 633 502 158 616 64 687 207 399 70 71 205 294 600 313 46 320 442 358 185 501 34 211 489
225 608 139 567 590 251 36 183 17 592 19 651 448 103 265 80 247 126 96 310 505 503 382 319 416 81 344 4 167 409 506 58 497 544 695 510 639 657 317 67 525 171 109 295 206 259 457 115 28 569 176 118 691 50
263 656 215 44 216 273 79 235 112 18 661 45 465 231 223 49 607 303 352 159 480 471 283 239 40 35 676 436 69 478 576 589 270 56 208 509 360 31 447 340 271 532 462 391 621 531 671 169 2 672 580 359 625 275 498 214 1 113 519
