13154
61 381 304 264 423 152 175 144 121 195 183 17 268 18 661 45 343 194 614 635 187 136 327 159 480 471 283 217 245 473 624 582 487 384 502 518 73 32 373 129 198 663 458 68 53 528 662 285 374 600 496 555 86 536 280 457 272 345 254 410 537 692 113 519
653 586 433 597 665 629 329 116 623 583 145 10 226 493 330 448 103 265 80 526 368 516 352 430 104 386 239 60 332 676 436 69 533 168 353 688 538 64 687 207 399 563 241 12 484 326 147 206 46 320 161 647 120 513 406 221 156 246 20 77 596
460 588 608 139 681 554 131 336 251 36 213 593 112 628 551 561 575 392 521 413 328 611 355 602 455 163 52 33 291 81 344 4 698 252 403 576 589 270 43 375 117 476 447 649 171 109 391 232 671 680 115 182 342 275 498 214 1 400 429
263 601 684 543 44 549 177 125 612 686 3 515 620 199 19 483 465 178 59 539 47 266 463 135 378 133 100 258 308 341 83 581 459 233 478 508 377 15 546 529 89 435 255 267 641 71 189 636 313 84 560 39 359 569 176 434 481 305
316 367 197 567 590 408 237 284 122 88 105 287 387 566 150 441 173 306 13 151 281 411 393 335 200 512 91 40 190 262 41 356 633 23 451 689 695 56 208 562 675 67 525 340 132 659 574 191 674 82 26 424 358 185 501 34 211 489
564 609 277 656 215 87 165 216 640 149 504 494 248 592 545 300 696 619 247 126 96 310 505 503 382 437 694 631 444 35 618 603 219 321 201 220 203 260 244 700 229 106 364 218 370 388 22 412 396 256 137 642 580 28 363 227 8 638 520 595
577 357 667 315 290 427 491 273 432 140 307 274 450 164 469 172 276 108 439 250 490 557 530 422 299 230 257 30 449 361 443 124 253 365 325 477 646 25 347 54 468 464 639 657 317 500 243 331 472 294 421 573 486 578 107 102 672 467 446 474 668 146 298 553 296
314 93 522 318 426 605 66 417 302 351 212 346 632 550 180 548 279 269 379 312 454 511 339 428 75 261 630 666 415 24 558 690 297 697 418 507 186 598 556 238 492 157 509 360 31 37 205 202 571 128 466 404 78 438 57 118 691 50
225 652 604 587 650 559 683 148 541 286 153 523 405 334 419 585 407 372 488 634 16 645 210 534 485 110 204 249 570 579 292 158 616 617 475 236 390 673 181 97 65 271 532 85 193 362 259 154 669 142 425 184 591 293 456 166
337 584 209 162 141 679 648 606 55 643 479 651 431 383 380 514 637 461 301 658 644 416 11 309 445 420 29 414 366 482 402 547 192 134 524 311 138 610 98 385 51 462 572 622 621 531 169 99 94 625 5 289 535 188
660 38 389 398 542 170 48 552 155 655 626 613 231 223 49 607 303 127 92 401 664 319 440 288 677 179 167 409 506 58 497 544 90 495 143 21 70 160 224 123 295 228 119 395 7 101 627 323 670 499 452 678 599
693 130 565 527 76 72 9 338 79 235 615 234 354 242 282 95 654 111 14 350 27 397 348 699 278 322 453 369 42 371 682 63 594 517 510 240 333 685 74 174 114 62 376 568 222 2 394 442 196 6 540 324 470 349
