13090
460 609 565 527 587 650 559 336 170 48 504 494 248 620 226 387 566 150 441 173 306 13 151 281 411 602 455 30 382 261 630 444 332 179 249 570 579 292 158 616 492 89 435 117 267 74 610 340 171 574 572 622 228 86 222 161 647 394 78 358 185 501 34 211 489
61 660 93 197 605 175 144 121 284 686 3 112 18 661 575 392 521 439 250 490 557 530 422 299 230 257 163 512 440 322 11 309 445 420 29 414 366 482 402 547 375 198 663 21 138 563 649 189 636 412 531 46 320 2 120 442 359 625 5 289 293 188
588 38 209 426 76 665 629 683 148 286 153 346 632 550 180 343 194 614 635 187 136 310 505 503 133 100 258 245 81 344 4 698 252 403 168 353 688 54 468 464 240 333 447 65 662 285 374 600 326 147 466 99 7 406 438 57 184 591 400 429
564 314 130 389 215 542 408 237 541 36 213 593 268 628 551 545 655 242 265 80 247 126 96 92 401 664 319 361 308 341 83 581 459 233 478 576 589 270 15 64 495 143 685 37 53 218 370 388 22 193 119 84 39 272 345 142 425 118 691 50
225 608 139 597 554 131 141 251 583 145 523 493 330 448 103 231 223 49 607 303 352 430 104 449 239 453 369 42 371 682 63 594 517 238 529 687 673 181 97 114 62 376 391 621 259 560 94 669 474 668 146 499 452 678 599
316 367 357 667 315 290 427 165 177 125 612 79 235 515 199 19 651 431 383 279 269 379 312 454 511 339 428 283 485 40 35 204 297 697 418 507 186 508 377 373 56 208 255 31 399 174 160 224 123 85 191 536 137 642 115 182 342 221 569 176 324 470 349
577 277 656 567 590 66 338 623 122 88 105 592 561 483 465 413 328 611 355 463 135 378 534 75 437 217 443 124 190 262 41 356 633 23 506 58 497 544 695 510 509 360 476 106 364 271 532 571 128 206 680 154 513 275 498 214 1 535 456 166
337 584 652 604 398 152 216 640 149 552 615 287 469 172 276 108 380 514 637 461 301 658 699 278 291 473 253 365 325 477 646 451 689 90 244 700 229 458 68 98 331 472 294 421 573 486 674 82 404 101 424 363 227 8 638 520
653 586 522 318 162 549 491 417 432 140 307 274 450 164 234 354 626 613 282 526 47 266 350 393 335 200 631 60 624 582 487 384 502 598 556 43 617 134 524 311 641 241 12 484 568 396 169 102 28 254 670 537 692 113 519
263 433 681 87 273 606 55 10 405 334 419 548 407 372 111 14 127 27 397 348 644 694 288 677 618 603 219 321 518 73 32 129 639 657 317 67 70 243 528 132 659 109 295 232 578 107 457 446 6 540 434 481 305
381 601 684 543 44 679 648 302 351 212 643 479 300 696 619 95 654 488 634 16 645 210 386 91 110 676 436 69 533 201 220 203 260 157 475 236 390 207 500 71 385 51 496 555 362 256 395 672 467 627 323 410 298 553 296
693 304 264 423 72 9 329 116 195 183 17 155 45 585 178 59 539 368 516 327 159 480 471 52 33 416 666 415 24 558 690 167 409 25 347 538 546 192 562 675 525 205 202 462 313 671 280 26 580 196 156 246 20 77 596 595
