12 3

5 10 15 20 25 30 35 40 45 50 55 60
20 25 30 35 40 45 50 55 60 65 70 75
70 80 90 100 110 120 130 140 150 160 170 180

0 12 18 9 22 16 14 19 25 17 20 22
12 0 11 14 17 20 23 26 29 22 25 28
18 11 0 13 16 19 22 25 28 21 24 27
9 14 13 0 15 18 21 24 27 20 23 26
22 17 16 15 0 14 17 20 23 16 19 22
16 20 19 18 14 0 13 16 19 12 15 18
14 23 22 21 17 13 0 12 15 8 11 14
19 26 25 24 20 16 12 0 9 5 8 11
25 29 28 27 23 19 15 9 0 7 10 13
17 22 21 20 16 12 8 5 7 0 6 9
20 25 24 23 19 15 11 8 10 6 0 7
22 28 27 26 22 18 14 11 13 9 7 0