120
30

81 14 3 94 35 31 28 17 94 13 86 94 69 11 75 54 4 3 11 27 29 64 77 3 71 25 91 83 89 69 53 28 57 75 35 0 97 20 89 54 43 35 19 27 97 43 13 11 48 12 45 44 77 33 5 93 58 68 15 48 10 70 37 80 79 46 73 24 90 8 5 84 29 98 37 10 29 12 48 35 58 81 46 20 47 45 26 85 34 89 87 82 9 77 81 21 68 93 31 20 59 48 34 81 88 71 28 87 41 98 99 7 29 4 40 51 34 8 27 72
27 15 11 25 20 17 25 19 9 13 9 12 28 22 22 13 28 23 18 23 17 16 12 9 21 20 7 29 6 8 9 25 10 30 26 18 24 7 17 17 24 19 21 13 22 5 26 28 8 26 22 29 13 29 25 15 8 14 18 10 19 5 28 28 13 21 29 10 21 8 25 14 25 21 24 11 9 16 29 10 22 29 21 5 24 15 20 5 8 16 30 14 12 6 12 23 7 7 28 20 7 29 22 29 9 9 26 20 22 10 13 21 24 18 11 22 29 28 27 11
192 89 112 181 176 105 122 142 125 40 73 67 26 96 15 160 151 68 160 66 11 28 191 171 25 68 27 18 94 28 141 70 81 181 134 64 148 43 195 156 157 131 72 131 114 58 34 34 178 120 100 118 115 129 196 23 182 177 175 35 25 113 196 96 37 73 59 58 147 124 45 118 56 81 128 73 29 123 150 35 22 176 148 13 33 70 52 114 134 133 64 112 25 52 107 10 109 77 126 83 118 188 197 152 179 193 134 49 58 85 65 24 158 198 148 25 90 24 22 159

0 20 21 21 10 6 21 7 10 7 24 7 26 12 17 8 23 12 23 24 6 24 7 18 26 23 23 21 15 13 11 26 27 15 12 13 17 9 26 25 14 19 15 29 7 5 19 24 23 8 7 22 11 21 13 9 16 7 12 16 14 10 19 22 27 14 24 30 25 21 5 26 22 14 26 8 9 13 8 8 28 22 9 13 14 24 11 27 15 11 26 25 13 21 20 13 6 7 25 18 13 6 5 15 29 9 25 13 10 28 19 22 27 18 22 5 8 7 27 9
20 0 22 6 16 23 22 9 18 9 6 14 16 30 6 16 11 26 12 26 8 16 29 22 18 24 28 9 12 10 30 30 10 18 5 10 28 15 30 18 30 26 28 30 12 13 10 30 27 8 17 6 20 12 11 19 16 14 30 12 12 5 26 11 17 15 13 7 29 13 16 25 21 17 26 22 15 5 8 13 10 23 13 6 8 24 18 16 28 30 15 18 24 21 8 17 23 11 13 6 27 18 5 21 30 22 26 28 28 28 26 11 16 18 7 26 15 24 15 26
21 22 0 8 28 14 21 14 26 18 15 17 27 14 22 9 11 18 26 17 26 28 10 24 23 14 17 22 5 14 14 11 18 30 23 24 25 15 19 19 19 26 11 21 20 30 30 28 10 26 7 14 21 26 25 24 15 7 29 12 26 14 12 30 11 9 5 6 12 20 24 29 7 19 18 25 23 11 27 27 17 20 17 12 9 25 27 5 29 29 8 29 18 12 10 30 27 21 19 6 22 12 8 19 9 30 19 26 21 22 24 15 29 19 24 28 21 18 22 19
21 6 8 0 10 28 20 19 13 29 12 25 13 29 29 21 20 25 12 13 19 7 27 14 12 13 15 15 22 7 9 9 12 17 27 9 27 11 7 18 18 15 22 19 18 6 11 18 17 29 23 27 5 29 23 17 20 5 16 14 29 17 18 22 28 28 22 30 24 12 20 12 13 18 20 5 17 15 26 26 30 17 28 10 19 9 24 22 5 17 23 23 26 5 7 25 18 9 19 10 6 13 17 15 11 19 15 15 29 17 13 29 18 13 7 20 5 28 22 6
10 16 28 10 0 16 12 25 7 29 25 6 29 5 12 11 5 24 9 12 9 20 26 8 23 11 19 27 13 29 16 10 24 24 28 27 8 29 10 14 8 23 5 14 23 26 17 17 27 11 7 23 27 25 12 8 27 29 14 26 24 30 8 30 23 30 6 16 22 18 26 16 7 21 25 15 5 18 20 8 18 16 25 19 27 9 18 10 28 21 25 13 24 30 22 29 20 19 18 28 23 13 15 12 7 13 19 12 29 19 23 24 26 17 15 5 20 15 10 20
6 23 14 28 16 0 11 16 30 13 15 13 24 27 13 22 5 21 11 7 12 28 18 20 22 29 12 27 20 25 27 20 19 30 5 7 14 12 17 27 12 14 26 23 16 20 22 21 16 18 28 22 15 16 27 19 13 14 13 12 8 28 11 15 8 28 22 29 27 10 11 11 28 20 13 28 23 29 21 24 14 8 11 14 12 16 10 14 5 27 22 9 13 6 6 22 14 27 9 25 29 20 8 5 23 14 20 20 19 15 10 6 13 20 8 7 17 20 7 23
21 22 21 20 12 11 0 25 26 6 9 9 30 23 14 7 12 8 22 29 18 24 24 30 24 12 29 21 17 19 19 14 23 18 14 23 24 6 24 28 8 29 11 25 11 13 26 7 10 12 10 22 7 10 5 18 19 27 24 20 14 6 12 14 27 14 27 19 7 26 12 13 30 30 25 23 26 30 11 18 8 22 12 25 9 13 9 7 6 10 30 14 24 28 23 14 19 8 19 27 14 27 17 13 21 22 20 19 7 24 6 18 28 15 24 13 5 7 12 26
7 9 14 19 25 16 25 0 23 23 5 29 26 13 23 6 29 29 10 20 21 25 19 13 10 23 18 25 20 7 20 16 18 15 15 26 8 10 15 18 27 20 14 26 17 29 22 6 19 7 15 13 15 8 29 17 21 5 26 22 19 18 6 11 21 16 24 29 20 25 19 29 6 11 13 22 9 14 19 27 20 8 5 25 24 30 12 27 10 14 22 5 22 18 7 12 8 19 8 25 9 20 27 14 21 27 13 18 20 20 12 19 22 9 17 11 24 21 28 9
10 18 26 13 7 30 26 23 0 7 13 29 30 18 15 30 21 13 5 14 28 14 23 23 26 20 9 19 22 20 16 15 22 29 22 17 19 15 11 27 12 23 17 12 29 18 6 15 28 20 27 30 17 17 26 30 25 9 20 6 9 21 23 15 8 19 8 21 19 5 28 9 18 25 9 7 20 30 13 15 24 27 17 25 7 15 26 22 17 15 25 27 29 20 22 6 24 7 12 25 26 14 12 28 7 18 8 29 25 27 8 19 10 27 14 5 6 15 30 6
7 9 18 29 29 13 6 23 7 0 14 16 16 18 9 12 21 18 23 26 30 10 10 10 7 24 17 24 26 12 20 23 9 12 19 25 13 19 13 26 5 30 19 14 26 22 10 7 19 16 23 14 25 18 27 13 19 14 11 17 20 8 12 17 23 16 23 14 27 14 5 26 17 13 5 23 26 29 28 6 24 28 20 14 29 30 12 24 30 16 12 25 11 24 13 26 29 28 29 26 26 9 25 8 25 25 6 14 30 19 6 23 16 28 9 7 14 15 28 18
24 6 15 12 25 15 9 5 13 14 0 10 11 9 30 22 16 21 21 13 10 13 20 30 14 28 15 30 8 19 7 9 29 12 26 28 26 17 30 22 16 7 30 17 5 13 22 8 19 16 26 28 26 13 23 17 25 16 8 26 12 20 5 24 22 15 24 12 25 7 25 19 27 14 25 18 8 9 6 6 14 20 8 8 12 22 9 17 19 16 26 28 27 22 18 23 28 28 9 18 25 8 20 24 18 13 6 27 16 11 19 19 12 16 8 26 16 22 25 16
7 14 17 25 6 13 9 29 29 16 10 0 6 17 13 11 8 19 7 26 11 25 25 24 5 6 30 15 12 9 30 23 11 7 29 22 11 23 11 12 15 29 9 30 24 5 13 9 9 22 13 30 10 8 26 5 9 5 16 30 30 12 23 15 5 10 13 6 9 28 18 21 8 28 7 20 19 29 16 21 23 8 19 21 12 24 6 28 30 26 21 14 19 25 5 6 20 17 18 26 8 20 27 19 7 7 15 24 9 7 9 13 24 25 23 22 27 15 17 24
26 16 27 13 29 24 30 26 30 16 11 6 0 21 14 19 21 24 18 8 30 27 8 25 25 29 22 28 11 18 19 12 18 15 19 17 18 28 8 15 18 15 26 13 16 9 26 20 7 7 7 7 18 8 28 28 16 30 9 22 6 23 22 22 15 26 8 18 16 26 29 18 28 6 14 24 14 16 8 23 21 11 9 26 20 12 8 16 22 16 8 29 13 23 12 30 18 22 29 24 24 26 25 22 5 24 26 27 13 5 10 13 27 29 14 15 16 5 10 9
12 30 14 29 5 27 23 13 18 18 9 17 21 0 23 26 17 7 9 28 25 5 7 28 21 11 17 18 19 15 10 16 14 28 15 29 23 24 7 6 9 10 29 24 6 26 7 13 19 26 18 20 24 19 18 13 11 29 21 8 16 18 8 14 26 26 23 20 21 26 14 6 12 17 24 6 5 11 14 11 29 9 29 13 14 15 8 5 20 28 18 10 9 17 22 27 12 21 22 26 30 16 7 17 28 6 18 5 19 7 15 23 18 23 17 27 25 18 14 8
17 6 22 29 12 13 14 23 15 9 30 13 14 23 0 17 5 15 10 30 24 19 27 16 7 18 8 12 18 23 17 21 7 17 14 28 15 12 15 29 10 7 21 25 8 21 21 11 29 16 16 28 25 9 12 8 9 13 11 10 24 9 29 29 25 7 10 29 25 20 19 29 23 29 23 19 26 23 25 25 24 15 25 15 9 19 7 20 19 25 14 30 13 23 6 16 21 7 14 19 19 6 6 16 14 7 25 7 24 24 21 17 19 23 22 30 28 6 19 30
8 16 9 21 11 22 7 6 30 12 22 11 19 26 17 0 23 25 11 15 24 20 21 9 6 19 8 30 15 27 7 21 25 10 6 12 27 19 19 21 21 24 10 16 16 14 17 18 29 15 26 24 6 30 25 25 15 7 15 8 22 26 17 14 13 28 26 24 9 15 7 23 26 9 16 14 25 27 26 17 9 24 27 7 14 22 17 25 30 15 9 26 27 28 26 21 7 25 26 18 21 16 5 16 14 10 11 15 29 20 11 12 9 9 7 14 30 8 21 29
23 11 11 20 5 5 12 29 21 21 16 8 21 17 5 23 0 22 28 21 6 26 15 29 24 9 24 17 9 10 10 27 29 24 30 10 28 19 6 18 16 26 28 12 19 24 14 29 28 30 19 12 22 12 14 30 30 20 11 16 26 23 19 19 29 14 29 17 21 21 18 10 11 30 24 9 13 6 25 20 16 22 8 27 21 8 14 7 29 10 13 19 21 9 18 7 12 19 16 5 18 6 17 21 16 12 17 7 16 12 5 15 8 27 25 15 30 9 9 6
12 26 18 25 24 21 8 29 13 18 21 19 24 7 15 25 22 0 14 20 27 9 29 27 20 19 24 5 7 5 13 11 9 22 28 24 21 18 8 29 14 12 14 8 6 12 18 25 30 24 19 7 8 20 24 22 5 25 21 23 12 27 9 14 18 5 24 16 12 23 18 10 26 26 7 21 16 7 21 22 21 30 21 22 5 17 20 6 25 17 16 13 28 5 16 30 7 16 12 28 26 25 8 29 23 28 29 15 9 6 16 22 15 25 10 29 26 19 27 20
23 12 26 12 9 11 22 10 5 23 21 7 18 9 10 11 28 14 0 25 10 30 9 7 27 29 19 6 14 11 6 30 11 6 15 14 21 17 22 20 13 6 29 25 11 14 16 29 6 25 15 13 8 30 16 18 17 28 19 17 15 10 20 27 20 16 30 21 13 30 7 28 18 7 18 24 10 22 14 15 8 7 15 26 14 14 19 24 27 18 10 27 19 16 19 6 28 16 24 18 13 25 30 6 7 26 25 17 16 21 30 28 26 10 5 9 24 26 30 19
24 26 17 13 12 7 29 20 14 26 13 26 8 28 30 15 21 20 25 0 6 9 7 12 29 25 16 16 17 23 6 24 9 26 19 16 16 19 29 7 23 9 21 16 17 15 25 13 12 8 5 28 10 20 21 17 22 8 13 29 13 27 19 11 24 14 27 20 11 8 9 7 19 10 27 19 7 30 26 15 26 16 27 7 22 22 14 14 10 27 27 27 25 10 30 16 21 12 8 11 30 9 12 30 20 5 16 22 23 16 19 30 22 9 24 7 7 14 17 27
6 8 26 19 9 12 18 21 28 30 10 11 30 25 24 24 6 27 10 6 0 28 20 21 18 29 18 23 7 9 15 25 7 19 19 26 21 16 9 29 22 25 23 10 29 9 18 21 6 8 21 9 14 10 10 15 27 12 16 21 14 7 13 11 25 22 13 9 25 14 24 22 7 21 25 10 23 23 9 10 26 24 28 24 15 23 6 5 7 6 25 29 23 13 25 11 29 23 18 24 25 5 20 25 22 14 25 14 20 12 30 30 26 17 14 19 7 27 6 10
24 16 28 7 20 28 24 25 14 10 13 25 27 5 19 20 26 9 30 9 28 0 19 18 20 19 11 15 24 9 15 27 15 28 16 17 9 29 16 21 22 8 15 12 19 8 13 19 12 9 8 6 14 17 24 18 12 10 15 23 28 15 11 29 10 20 21 19 20 14 20 5 7 17 21 19 12 11 23 16 6 6 14 20 24 25 26 20 14 22 5 8 18 9 13 28 16 29 17 16 6 17 6 23 22 11 16 22 14 7 17 21 19 29 22 13 24 26 24 8
7 29 10 27 26 18 24 19 23 10 20 25 8 7 27 21 15 29 9 7 20 19 0 9 8 17 16 30 15 22 16 29 9 11 24 21 17 21 6 6 6 9 27 15 30 20 21 19 9 24 21 9 15 24 15 10 17 24 28 14 23 15 21 21 22 20 27 23 14 20 5 16 15 26 8 18 23 14 30 28 27 25 5 24 20 13 25 30 29 23 23 12 28 6 23 20 10 21 25 28 24 29 17 9 26 12 6 23 27 8 11 5 19 15 18 9 18 27 11 18
18 22 24 14 8 20 30 13 23 10 30 24 25 28 16 9 29 27 7 12 21 18 9 0 21 29 24 20 28 28 6 27 9 21 11 22 15 26 20 21 17 15 10 19 22 15 22 16 26 29 28 26 25 30 27 13 24 20 11 12 13 22 14 12 14 29 14 27 11 27 27 20 15 20 16 22 30 28 13 14 8 23 26 22 17 17 16 29 30 9 14 6 14 27 7 16 19 25 13 28 20 11 11 22 13 22 27 13 9 8 24 28 23 12 12 6 26 21 12 25
26 18 23 12 23 22 24 10 26 7 14 5 25 21 7 6 24 20 27 29 18 20 8 21 0 12 6 8 18 15 27 20 8 26 29 9 5 22 10 18 25 20 20 25 11 29 14 15 14 25 6 29 7 25 23 12 22 28 28 6 10 18 10 6 17 30 20 10 28 14 6 5 14 23 24 8 15 14 19 25 22 21 20 9 21 19 13 11 30 8 15 10 28 19 25 13 27 10 5 28 15 30 14 23 26 29 11 10 24 25 17 18 21 15 7 17 26 8 10 9
23 24 14 13 11 29 12 23 20 24 28 6 29 11 18 19 9 19 29 25 29 19 17 29 12 0 20 15 12 5 13 17 12 19 29 13 15 14 23 28 23 5 13 25 16 27 12 6 26 8 19 14 10 17 26 21 27 29 14 27 8 25 14 16 24 12 12 9 20 9 19 28 24 16 18 27 22 20 29 22 30 26 11 29 12 26 29 24 30 7 21 19 21 27 16 7 23 8 6 22 21 11 23 22 9 10 15 21 19 8 26 11 27 23 20 7 21 19 30 6
23 28 17 15 19 12 29 18 9 17 15 30 22 17 8 8 24 24 19 16 18 11 16 24 6 20 0 19 9 21 18 19 23 6 22 19 26 30 14 28 5 17 13 5 28 11 23 7 6 18 16 27 7 22 6 7 20 6 14 18 10 29 9 29 25 28 25 18 16 17 19 17 17 7 26 26 22 9 25 16 8 10 22 17 21 9 28 12 5 29 5 14 19 26 28 22 18 22 17 12 12 19 16 9 13 11 28 29 8 6 30 26 18 24 29 5 12 11 7 8
21 9 22 15 27 27 21 25 19 24 30 15 28 18 12 30 17 5 6 16 23 15 30 20 8 15 19 0 24 6 19 24 26 27 6 12 28 6 17 19 12 22 11 29 29 6 9 21 14 12 28 23 15 23 24 29 26 15 12 14 9 26 21 12 18 14 13 6 22 23 28 10 25 26 18 22 20 6 16 25 26 17 30 21 15 27 18 18 9 14 17 10 29 22 20 12 12 14 27 9 30 19 6 22 18 18 22 21 9 17 12 13 11 15 25 7 19 16 7 22
15 12 5 22 13 20 17 20 22 26 8 12 11 19 18 15 9 7 14 17 7 24 15 28 18 12 9 24 0 28 11 6 13 17 26 24 24 6 7 11 30 29 23 28 26 22 11 20 11 15 14 5 11 11 28 8 28 29 20 12 27 24 27 11 17 12 22 15 29 14 17 19 22 25 16 14 13 16 21 20 19 8 30 28 20 29 15 11 16 15 18 6 23 12 28 9 5 13 22 23 23 28 18 14 9 11 15 12 17 23 12 20 22 25 26 15 13 29 20 28
13 10 14 7 29 25 19 7 20 12 19 9 18 15 23 27 10 5 11 23 9 9 22 28 15 5 21 6 28 0 25 28 20 19 10 28 30 16 10 9 28 22 20 10 22 25 6 21 6 7 26 6 29 5 18 9 25 12 7 27 9 5 11 21 19 16 6 24 25 26 24 20 26 20 5 5 22 22 18 5 5 21 28 13 22 14 5 21 27 26 18 30 10 8 8 21 9 12 11 24 21 13 16 13 30 17 7 16 17 19 23 12 27 12 14 26 7 25 25 29
11 30 14 9 16 27 19 20 16 20 7 30 19 10 17 7 10 13 6 6 15 15 16 6 27 13 18 19 11 25 0 6 7 17 17 17 22 20 6 25 5 27 10 7 20 18 25 30 15 23 8 21 6 12 11 27 23 20 13 6 7 26 13 22 23 26 6 10 15 5 11 23 9 29 27 17 7 14 10 23 12 23 17 26 22 15 17 29 28 9 30 27 28 7 21 28 16 6 8 18 12 7 15 24 29 24 24 17 29 15 5 25 13 30 19 20 12 16 22 17
26 30 11 9 10 20 14 16 15 23 9 23 12 16 21 21 27 11 30 24 25 27 29 27 20 17 19 24 6 28 6 0 18 10 26 23 26 17 7 29 24 14 30 12 27 7 7 13 9 17 27 30 25 9 28 17 15 16 8 7 5 14 19 16 29 13 8 9 7 10 18 19 22 22 21 18 8 5 7 16 22 7 24 24 30 15 17 5 14 18 17 29 7 28 22 12 23 21 10 26 17 10 9 13 14 13 20 9 7 10 18 13 18 14 20 30 7 16 13 12
27 10 18 12 24 19 23 18 22 9 29 11 18 14 7 25 29 9 11 9 7 15 9 9 8 12 23 26 13 20 7 18 0 28 25 20 24 24 11 19 8 9 14 5 17 15 24 17 30 15 19 15 18 25 24 9 14 15 24 27 11 20 15 10 17 15 14 28 27 25 20 23 30 12 15 17 13 30 17 16 8 23 11 23 22 10 26 29 22 5 28 19 27 11 19 30 14 27 7 30 30 18 26 20 9 25 14 12 13 26 9 27 18 30 17 7 19 24 20 23
15 18 30 17 24 30 18 15 29 12 12 7 15 28 17 10 24 22 6 26 19 28 11 21 26 19 6 27 17 19 17 10 28 0 17 22 21 27 18 22 6 30 16 27 30 22 24 25 7 8 29 12 26 26 16 10 25 24 6 23 25 26 25 17 29 15 30 18 8 5 8 13 12 21 28 21 22 23 27 23 12 19 16 17 19 29 26 23 27 21 9 16 5 20 8 14 18 7 8 28 9 16 14 15 19 30 11 21 20 16 20 8 19 28 27 19 15 7 14 6
12 5 23 27 28 5 14 15 22 19 26 29 19 15 14 6 30 28 15 19 19 16 24 11 29 29 22 6 26 10 17 26 25 17 0 30 27 8 5 15 25 8 26 30 10 28 12 21 10 22 10 15 22 18 19 12 30 17 25 10 10 25 26 18 17 5 28 24 11 19 23 18 17 5 27 11 11 13 29 27 30 30 7 23 8 30 22 10 16 15 11 19 8 13 26 20 21 25 15 24 17 24 17 23 8 16 16 19 24 10 26 27 30 14 24 23 7 26 9 15
13 10 24 9 27 7 23 26 17 25 28 22 17 29 28 12 10 24 14 16 26 17 21 22 9 13 19 12 24 28 17 23 20 22 30 0 8 12 14 8 10 16 27 9 21 17 18 24 9 23 17 18 10 20 25 22 27 25 10 22 10 20 14 9 10 15 19 24 6 16 5 20 9 11 17 22 21 25 20 18 26 20 18 27 19 20 10 7 23 5 30 29 12 14 6 13 12 22 14 10 29 19 23 28 29 29 20 22 21 8 23 8 13 29 22 16 22 29 6 29
17 28 25 27 8 14 24 8 19 13 26 11 18 23 15 27 28 21 21 16 21 9 17 15 5 15 26 28 24 30 22 26 24 21 27 8 0 28 19 22 11 18 8 28 25 29 12 14 6 19 13 16 7 19 8 29 30 12 11 30 28 23 27 16 27 24 25 18 10 24 9 30 11 11 30 6 23 16 22 13 24 22 10 15 27 14 14 23 13 21 26 8 9 29 30 18 6 13 25 9 27 9 12 9 27 15 12 29 26 17 20 9 23 25 13 25 18 17 19 7
9 15 15 11 29 12 6 10 15 19 17 23 28 24 12 19 19 18 17 19 16 29 21 26 22 14 30 6 6 16 20 17 24 27 8 12 28 0 25 30 29 7 17 21 28 13 27 16 19 20 15 23 5 29 28 7 28 19 25 26 27 16 7 30 22 17 11 18 11 20 13 15 14 15 22 23 9 23 20 30 15 26 29 6 6 8 25 30 19 5 8 10 19 19 5 18 11 27 9 25 14 10 13 7 25 16 13 7 16 26 25 10 6 17 25 14 28 27 29 12
26 30 19 7 10 17 24 15 11 13 30 11 8 7 15 19 6 8 22 29 9 16 6 20 10 23 14 17 7 10 6 7 11 18 5 14 19 25 0 18 25 7 27 8 5 11 20 7 9 23 12 21 26 19 5 5 27 15 8 18 27 9 20 7 12 17 7 28 30 8 8 15 16 14 9 17 29 29 9 25 26 9 7 21 23 5 24 25 10 19 16 28 11 25 28 9 18 24 26 19 11 7 8 9 29 8 23 28 17 16 18 15 30 9 12 13 25 7 12 22
25 18 19 18 14 27 28 18 27 26 22 12 15 6 29 21 18 29 20 7 29 21 6 21 18 28 28 19 11 9 25 29 19 22 15 8 22 30 18 0 24 24 28 24 14 29 27 5 26 14 11 21 24 21 11 28 17 14 25 6 30 30 12 20 17 8 12 20 25 24 7 21 5 16 15 9 17 23 18 16 22 26 10 29 20 29 7 5 23 7 5 13 11 6 6 30 17 21 14 25 27 21 29 18 18 27 17 7 25 22 22 24 9 13 7 14 7 21 11 30
14 30 19 18 8 12 8 27 12 5 16 15 18 9 10 21 16 14 13 23 22 22 6 17 25 23 5 12 30 28 5 24 8 6 25 10 11 29 25 24 0 9 22 15 17 23 25 29 25 26 25 7 14 27 18 28 12 6 12 7 18 8 19 24 24 6 14 26 28 26 28 10 8 5 27 9 27 5 10 20 16 21 21 30 28 13 10 16 9 28 29 13 28 8 29 5 15 30 18 13 21 7 13 27 23 25 7 20 19 21 16 6 20 23 10 16 10 13 29 8
19 26 26 15 23 14 29 20 23 30 7 29 15 10 7 24 26 12 6 9 25 8 9 15 20 5 17 22 29 22 27 14 9 30 8 16 18 7 7 24 9 0 23 26 28 8 12 28 21 5 6 5 12 6 20 16 17 9 10 6 22 30 27 28 25 18 12 15 12 18 28 15 13 7 23 16 8 21 26 6 10 12 30 21 6 17 7 19 14 29 14 15 7 22 19 5 16 11 14 23 30 14 28 24 12 19 16 23 20 29 29 11 28 22 29 30 12 9 5 18
15 28 11 22 5 26 11 14 17 19 30 9 26 29 21 10 28 14 29 21 23 15 27 10 20 13 13 11 23 20 10 30 14 16 26 27 8 17 27 28 22 23 0 5 12 22 16 25 27 5 15 5 29 26 17 28 28 14 8 11 21 12 18 20 6 9 27 13 7 6 12 21 18 27 16 19 28 7 23 8 21 9 25 17 7 23 23 6 18 26 9 12 14 13 15 30 17 27 28 15 15 19 13 12 7 11 9 29 29 23 8 9 8 10 19 19 15 18 8 22
29 30 21 19 14 23 25 26 12 14 17 30 13 24 25 16 12 8 25 16 10 12 15 19 25 25 5 29 28 10 7 12 5 27 30 9 28 21 8 24 15 26 5 0 16 29 11 19 14 19 13 8 7 10 30 26 14 27 27 24 6 11 15 9 7 27 12 16 17 21 6 26 14 13 10 5 17 19 22 28 22 12 8 19 8 30 30 9 8 5 6 29 12 9 11 17 16 26 25 25 7 23 23 13 7 5 7 11 25 19 30 9 7 30 15 8 6 19 6 10
7 12 20 18 23 16 11 17 29 26 5 24 16 6 8 16 19 6 11 17 29 19 30 22 11 16 28 29 26 22 20 27 17 30 10 21 25 28 5 14 17 28 12 16 0 23 18 28 17 20 5 17 26 18 10 16 11 10 13 13 19 9 6 24 24 24 12 25 14 20 18 22 20 6 7 13 17 9 18 11 25 30 21 12 25 30 22 30 5 17 30 27 16 20 22 30 20 16 23 21 15 17 13 10 5 15 24 12 5 30 29 13 6 30 20 21 16 29 23 12
5 13 30 6 26 20 13 29 18 22 13 5 9 26 21 14 24 12 14 15 9 8 20 15 29 27 11 6 22 25 18 7 15 22 28 17 29 13 11 29 23 8 22 29 23 0 10 8 12 26 12 13 22 30 28 6 29 12 23 30 17 16 10 10 12 23 15 30 28 27 16 23 5 27 27 16 23 23 9 23 11 30 20 22 14 10 20 6 7 6 12 24 12 5 21 20 5 15 24 11 30 9 15 27 10 30 15 6 5 9 23 27 9 29 8 21 16 7 16 27
19 10 30 11 17 22 26 22 6 10 22 13 26 7 21 17 14 18 16 25 18 13 21 22 14 12 23 9 11 6 25 7 24 24 12 18 12 27 20 27 25 12 16 11 18 10 0 26 17 23 8 15 14 15 9 10 28 18 30 25 20 25 15 10 27 22 27 24 30 16 12 26 23 10 17 14 28 27 14 9 10 28 5 27 23 17 29 23 6 10 24 15 30 24 12 25 23 8 20 9 15 28 7 12 16 15 10 25 7 27 26 25 28 15 19 5 13 11 12 27
24 30 28 18 17 21 7 6 15 7 8 9 20 13 11 18 29 25 29 13 21 19 19 16 15 6 7 21 20 21 30 13 17 25 21 24 14 16 7 5 29 28 25 19 28 8 26 0 7 16 13 30 8 28 5 6 17 19 28 18 10 18 20 17 16 22 17 8 20 30 23 25 29 26 12 10 19 7 30 6 14 5 15 13 8 7 15 10 17 10 28 7 22 7 15 24 24 20 27 5 18 25 10 24 18 10 6 8 15 11 11 18 27 22 28 28 22 13 26 14
23 27 10 17 27 16 10 19 28 19 19 9 7 19 29 29 28 30 6 12 6 12 9 26 14 26 6 14 11 6 15 9 30 7 10 9 6 19 9 26 25 21 27 14 17 12 17 7 0 14 12 8 6 17 23 22 20 9 6 16 5 18 7 14 26 25 24 20 11 8 5 11 10 25 14 7 20 8 14 30 17 20 20 26 13 7 25 22 17 10 16 17 16 10 19 6 13 19 19 13 12 13 23 6 9 29 27 26 8 7 26 16 30 22 18 29 23 12 22 6
8 8 26 29 11 18 12 7 20 16 16 22 7 26 16 15 30 24 25 8 8 9 24 29 25 8 18 12 15 7 23 17 15 8 22 23 19 20 23 14 26 5 5 19 20 26 23 16 14 0 17 21 18 22 26 20 23 12 20 14 7 17 27 6 21 23 21 30 23 26 24 9 8 29 19 10 10 11 30 11 9 6 18 7 26 18 11 25 9 24 13 15 28 30 7 7 17 22 17 22 15 13 21 19 5 30 27 24 23 21 30 18 8 18 9 9 23 23 23 29
7 17 7 23 7 28 10 15 27 23 26 13 7 18 16 26 19 19 15 5 21 8 21 28 6 19 16 28 14 26 8 27 19 29 10 17 13 15 12 11 25 6 15 13 5 12 8 13 12 17 0 8 8 23 29 8 30 14 22 16 18 13 17 25 20 23 24 20 6 10 13 17 9 24 24 26 27 17 6 17 15 27 12 6 28 20 13 16 5 15 30 14 14 13 20 27 26 8 12 9 14 28 19 29 15 13 28 18 24 25 7 11 19 11 18 28 20 29 21 16
22 6 14 27 23 22 22 13 30 14 28 30 7 20 28 24 12 7 13 28 9 6 9 26 29 14 27 23 5 6 21 30 15 12 15 18 16 23 21 21 7 5 5 8 17 13 15 30 8 21 8 0 6 21 30 10 7 14 27 21 17 9 29 21 23 5 10 11 11 6 12 6 19 6 16 27 11 13 16 19 21 17 25 8 26 5 12 16 20 24 19 10 20 23 22 16 16 10 13 28 27 7 14 5 17 6 10 23 29 11 12 25 12 26 11 13 25 18 21 5
11 20 21 5 27 15 7 15 17 25 26 10 18 24 25 6 22 8 8 10 14 14 15 25 7 10 7 15 11 29 6 25 18 26 22 10 7 5 26 24 14 12 29 7 26 22 14 8 6 18 8 6 0 29 29 26 5 20 9 25 10 24 30 5 12 13 24 30 14 27 27 25 13 18 17 16 19 13 11 19 14 26 21 24 17 23 8 5 21 26 16 22 25 24 24 14 14 26 8 20 7 15 13 25 15 13 13 25 27 25 14 11 9 21 29 12 6 30 30 30
21 12 26 29 25 16 10 8 17 18 13 8 8 19 9 30 12 20 30 20 10 17 24 30 25 17 22 23 11 5 12 9 25 26 18 20 19 29 19 21 27 6 26 10 18 30 15 28 17 22 23 21 29 0 24 17 26 15 26 9 28 5 25 20 14 13 18 17 17 28 6 23 27 23 11 15 28 27 12 26 22 25 30 20 26 16 21 14 10 26 22 10 14 8 20 9 28 13 28 30 22 29 10 26 15 25 7 12 16 12 28 14 18 30 15 16 13 23 14 19
13 11 25 23 12 27 5 29 26 27 23 26 28 18 12 25 14 24 16 21 10 24 15 27 23 26 6 24 28 18 11 28 24 16 19 25 8 28 5 11 18 20 17 30 10 28 9 5 23 26 29 30 29 24 0 8 20 6 25 23 23 24 7 20 11 21 8 26 17 21 14 18 6 9 9 11 15 18 23 19 9 15 27 10 29 7 20 15 25 10 15 25 6 5 19 13 11 29 29 10 23 29 10 20 30 29 29 7 9 24 18 25 18 17 18 20 17 5 6 22
9 19 24 17 8 19 18 17 30 13 17 5 28 13 8 25 30 22 18 17 15 18 10 13 12 21 7 29 8 9 27 17 9 10 12 22 29 7 5 28 28 16 28 26 16 6 10 6 22 20 8 10 26 17 8 0 11 28 16 5 15 29 21 11 5 26 5 25 28 12 12 27 16 14 9 8 17 21 23 14 10 7 6 14 14 19 28 21 24 21 15 18 26 9 15 20 16 29 11 10 30 17 5 12 12 28 9 11 28 5 23 21 10 8 16 27 25 30 6 17
16 16 15 20 27 13 19 21 25 19 25 9 16 11 9 15 30 5 17 22 27 12 17 24 22 27 20 26 28 25 23 15 14 25 30 27 30 28 27 17 12 17 28 14 11 29 28 17 20 23 30 7 5 26 20 11 0 25 13 29 22 24 6 24 6 26 8 25 5 6 27 8 18 19 17 8 22 13 20 27 9 11 27 26 25 5 14 18 26 8 26 21 13 24 24 27 9 18 8 21 28 24 8 14 8 30 8 20 11 24 11 29 13 21 11 16 27 18 14 10
7 14 7 5 29 14 27 5 9 14 16 5 30 29 13 7 20 25 28 8 12 10 24 20 28 29 6 15 29 12 20 16 15 24 17 25 12 19 15 14 6 9 14 27 10 12 18 19 9 12 14 14 20 15 6 28 25 0 6 22 20 11 27 20 15 12 5 5 26 7 8 23 26 20 9 7 29 21 7 28 28 8 13 25 12 19 14 13 19 6 8 10 6 14 16 30 26 15 18 28 8 8 29 6 5 9 26 25 10 15 16 19 24 13 28 7 16 15 10 8
12 30 29 16 14 13 24 26 20 11 8 16 9 21 11 15 11 21 19 13 16 15 28 11 28 14 14 12 20 7 13 8 24 6 25 10 11 25 8 25 12 10 8 27 13 23 30 28 6 20 22 27 9 26 25 16 13 6 0 17 17 19 13 17 27 20 30 18 25 30 10 8 9 27 28 6 10 8 18 23 20 30 23 26 19 10 24 17 29 16 24 5 26 28 9 20 20 8 18 19 6 7 13 25 15 5 27 26 21 29 28 23 28 23 12 26 15 21 21 27
16 12 12 14 26 12 20 22 6 17 26 30 22 8 10 8 16 23 17 29 21 23 14 12 6 27 18 14 12 27 6 7 27 23 10 22 30 26 18 6 7 6 11 24 13 30 25 18 16 14 16 21 25 9 23 5 29 22 17 0 27 24 8 18 26 28 12 20 16 26 26 25 17 9 22 24 6 5 25 10 21 20 20 10 7 29 20 15 12 15 13 6 21 12 22 25 17 17 12 7 19 19 30 23 19 7 20 19 15 8 20 28 25 5 8 17 18 6 22 22
14 12 26 29 24 8 14 19 9 20 12 30 6 16 24 22 26 12 15 13 14 28 23 13 10 8 10 9 27 9 7 5 11 25 10 10 28 27 27 30 18 22 21 6 19 17 20 10 5 7 18 17 10 28 23 15 22 20 17 27 0 5 7 30 24 24 25 14 21 22 11 25 26 19 15 16 6 12 19 15 22 29 24 24 20 27 26 16 27 19 8 8 29 26 12 5 15 16 25 30 14 22 21 16 27 8 6 10 20 9 27 28 28 18 8 13 24 11 11 8
10 5 14 17 30 28 6 18 21 8 20 12 23 18 9 26 23 27 10 27 7 15 15 22 18 25 29 26 24 5 26 14 20 26 25 20 23 16 9 30 8 30 12 11 9 16 25 18 18 17 13 9 24 5 24 29 24 11 19 24 5 0 17 11 19 30 11 27 15 8 29 18 6 25 26 23 8 29 19 19 26 23 21 9 20 5 21 28 6 22 18 23 20 21 29 10 27 23 10 28 9 8 17 26 24 24 15 21 17 18 24 27 29 12 13 17 15 14 19 30
19 26 12 18 8 11 12 6 23 12 5 23 22 8 29 17 19 9 20 19 13 11 21 14 10 14 9 21 27 11 13 19 15 25 26 14 27 7 20 12 19 27 18 15 6 10 15 20 7 27 17 29 30 25 7 21 6 27 13 8 7 17 0 9 9 18 24 27 28 21 14 27 22 15 27 28 22 25 11 11 11 24 27 14 26 16 26 9 27 25 10 21 22 27 25 15 27 8 29 16 22 20 23 23 26 27 18 26 28 22 14 18 30 5 21 8 5 17 9 6
22 11 30 22 30 15 14 11 15 17 24 15 22 14 29 14 19 14 27 11 11 29 21 12 6 16 29 12 11 21 22 16 10 17 18 9 16 30 7 20 24 28 20 9 24 10 10 17 14 6 25 21 5 20 20 11 24 20 17 18 30 11 9 0 26 6 11 13 29 30 10 14 26 13 9 6 27 30 14 11 29 22 6 16 19 8 24 26 28 22 12 28 25 22 17 12 21 30 30 30 27 14 27 26 6 17 17 18 30 26 15 22 6 5 28 13 11 24 29 19
27 17 11 28 23 8 27 21 8 23 22 5 15 26 25 13 29 18 20 24 25 10 22 14 17 24 25 18 17 19 23 29 17 29 17 10 27 22 12 17 24 25 6 7 24 12 27 16 26 21 20 23 12 14 11 5 6 15 27 26 24 19 9 26 0 12 25 27 27 25 16 29 23 22 28 24 11 29 28 11 14 19 10 26 7 10 10 28 21 8 17 6 18 13 22 13 9 10 23 13 5 15 19 27 9 6 9 15 24 6 29 25 24 26 14 20 30 23 22 16
14 15 9 28 30 28 14 16 19 16 15 10 26 26 7 28 14 5 16 14 22 20 20 29 30 12 28 14 12 16 26 13 15 15 5 15 24 17 17 8 6 18 9 27 24 23 22 22 25 23 23 5 13 13 21 26 26 12 20 28 24 30 18 6 12 0 7 30 27 15 21 12 10 21 7 30 21 10 18 22 22 17 7 16 12 11 26 15 15 16 14 11 29 24 21 20 22 29 25 5 8 26 16 19 12 25 24 24 12 6 26 15 17 30 8 17 13 22 28 14
24 13 5 22 6 22 27 24 8 23 24 13 8 23 10 26 29 24 30 27 13 21 27 14 20 12 25 13 22 6 6 8 14 30 28 19 25 11 7 12 14 12 27 12 12 15 27 17 24 21 24 10 24 18 8 5 8 5 30 12 25 11 24 11 25 7 0 5 21 29 16 21 30 21 19 20 6 14 25 11 15 21 7 8 10 29 22 22 5 25 7 11 26 25 29 11 26 18 8 11 22 27 28 29 18 25 7 28 26 9 5 19 27 15 6 7 7 6 10 30
30 7 6 30 16 29 19 29 21 14 12 6 18 20 29 24 17 16 21 20 9 19 23 27 10 9 18 6 15 24 10 9 28 18 24 24 18 18 28 20 26 15 13 16 25 30 24 8 20 30 20 11 30 17 26 25 25 5 18 20 14 27 27 13 27 30 5 0 13 22 7 23 12 13 18 17 19 25 17 18 15 5 17 26 8 22 5 25 28 24 7 29 28 23 6 27 7 16 21 8 14 30 26 14 24 7 14 29 19 17 17 26 5 20 10 22 12 9 28 17
25 29 12 24 22 27 7 20 19 27 25 9 16 21 25 9 21 12 13 11 25 20 14 11 28 20 16 22 29 25 15 7 27 8 11 6 10 11 30 25 28 12 7 17 14 28 30 20 11 23 6 11 14 17 17 28 5 26 25 16 21 15 28 29 27 27 21 13 0 30 30 22 14 25 9 14 26 30 28 25 16 5 22 22 9 8 6 5 23 24 17 22 22 7 14 11 28 28 28 16 11 18 25 21 9 10 10 12 24 13 11 8 10 26 30 23 6 29 22 19
21 13 20 12 18 10 26 25 5 14 7 28 26 26 20 15 21 23 30 8 14 14 20 27 14 9 17 23 14 26 5 10 25 5 19 16 24 20 8 24 26 18 6 21 20 27 16 30 8 26 10 6 27 28 21 12 6 7 30 26 22 8 21 30 25 15 29 22 30 0 25 22 7 14 26 7 13 8 11 28 23 20 15 16 9 26 25 12 8 14 24 7 11 15 20 19 15 24 26 14 27 23 9 23 23 16 30 15 18 10 5 15 12 30 12 27 28 25 18 13
5 16 24 20 26 11 12 19 28 5 25 18 29 14 19 7 18 18 7 9 24 20 5 27 6 19 19 28 17 24 11 18 20 8 23 5 9 13 8 7 28 28 12 6 18 16 12 23 5 24 13 12 27 6 14 12 27 8 10 26 11 29 14 10 16 21 16 7 30 25 0 16 9 26 28 15 20 19 19 16 29 14 20 22 8 10 25 24 7 13 9 22 11 13 28 25 7 28 7 5 21 25 5 23 23 17 29 23 11 6 22 13 22 22 20 25 29 9 16 17
26 25 29 12 16 11 13 29 9 26 19 21 18 6 29 23 10 10 28 7 22 5 16 20 5 28 17 10 19 20 23 19 23 13 18 20 30 15 15 21 10 15 21 26 22 23 26 25 11 9 17 6 25 23 18 27 8 23 8 25 25 18 27 14 29 12 21 23 22 22 16 0 12 29 23 28 14 9 19 21 21 7 17 16 21 5 26 12 30 24 26 10 29 21 9 19 10 10 23 23 26 9 28 28 20 16 6 12 29 20 12 7 13 16 12 6 26 11 21 30
22 21 7 13 7 28 30 6 18 17 27 8 28 12 23 26 11 26 18 19 7 7 15 15 14 24 17 25 22 26 9 22 30 12 17 9 11 14 16 5 8 13 18 14 20 5 23 29 10 8 9 19 13 27 6 16 18 26 9 17 26 6 22 26 23 10 30 12 14 7 9 12 0 16 17 20 19 6 6 25 15 8 27 21 25 13 28 13 23 22 23 10 17 25 17 16 23 25 7 21 13 17 12 21 17 16 16 20 30 20 24 5 21 9 19 10 12 7 21 25
14 17 19 18 21 20 30 11 25 13 14 28 6 17 29 9 30 26 7 10 21 17 26 20 23 16 7 26 25 20 29 22 12 21 5 11 11 15 14 16 5 7 27 13 6 27 10 26 25 29 24 6 18 23 9 14 19 20 27 9 19 25 15 13 22 21 21 13 25 14 26 29 16 0 13 11 9 10 10 16 24 27 8 26 12 18 30 15 28 8 20 26 20 20 11 23 10 25 18 5 12 6 9 23 23 10 9 25 21 6 23 9 6 10 13 10 21 17 24 23
26 26 18 20 25 13 25 13 9 5 25 7 14 24 23 16 24 7 18 27 25 21 8 16 24 18 26 18 16 5 27 21 15 28 27 17 30 22 9 15 27 23 16 10 7 27 17 12 14 19 24 16 17 11 9 9 17 9 28 22 15 26 27 9 28 7 19 18 9 26 28 23 17 13 0 25 5 28 28 26 14 7 11 19 24 20 20 10 12 18 24 9 30 23 29 10 24 26 21 13 10 28 26 15 19 24 23 7 12 17 17 9 8 5 11 21 21 26 18 9
8 22 25 5 15 28 23 22 7 23 18 20 24 6 19 14 9 21 24 19 10 19 18 22 8 27 26 22 14 5 17 18 17 21 11 22 6 23 17 9 9 16 19 5 13 16 14 10 7 10 26 27 16 15 11 8 8 7 6 24 16 23 28 6 24 30 20 17 14 7 15 28 20 11 25 0 24 8 10 20 24 24 6 30 22 21 29 8 7 20 26 9 24 22 5 29 26 25 18 21 18 16 6 27 21 18 12 30 20 30 29 17 16 23 30 28 29 27 23 8
9 15 23 17 5 23 26 9 20 26 8 19 14 5 26 25 13 16 10 7 23 12 23 30 15 22 22 20 13 22 7 8 13 22 11 21 23 9 29 17 27 8 28 17 17 23 28 19 20 10 27 11 19 28 15 17 22 29 10 6 6 8 22 27 11 21 6 19 26 13 20 14 19 9 5 24 0 18 9 13 20 29 12 7 14 24 22 18 13 11 5 27 28 30 5 23 21 8 21 5 17 25 11 27 30 15 18 16 8 9 18 25 23 13 13 22 18 23 16 24
13 5 11 15 18 29 30 14 30 29 9 29 16 11 23 27 6 7 22 30 23 11 14 28 14 20 9 6 16 22 14 5 30 23 13 25 16 23 29 23 5 21 7 19 9 23 27 7 8 11 17 13 13 27 18 21 13 21 8 5 12 29 25 30 29 10 14 25 30 8 19 9 6 10 28 8 18 0 13 26 17 29 11 18 22 30 22 20 10 16 22 22 20 13 14 23 16 29 27 17 28 9 26 8 28 12 19 30 27 10 8 11 21 17 30 15 30 22 24 27
8 8 27 26 20 21 11 19 13 28 6 16 8 14 25 26 25 21 14 26 9 23 30 13 19 29 25 16 21 18 10 7 17 27 29 20 22 20 9 18 10 26 23 22 18 9 14 30 14 30 6 16 11 12 23 23 20 7 18 25 19 19 11 14 28 18 25 17 28 11 19 19 6 10 28 10 9 13 0 26 27 6 10 17 25 5 30 7 9 20 24 18 7 7 13 12 16 7 24 6 28 17 17 24 25 21 14 27 24 6 29 10 25 20 19 5 11 26 30 21
8 13 27 26 8 24 18 27 15 6 6 21 23 11 25 17 20 22 15 15 10 16 28 14 25 22 16 25 20 5 23 16 16 23 27 18 13 30 25 16 20 6 8 28 11 23 9 6 30 11 17 19 19 26 19 14 27 28 23 10 15 19 11 11 11 22 11 18 25 28 16 21 25 16 26 20 13 26 26 0 14 11 6 30 24 21 21 27 12 24 10 26 6 16 12 25 5 10 7 13 29 17 16 26 17 17 23 11 21 5 28 27 7 7 22 14 28 22 23 16
28 10 17 30 18 14 8 20 24 24 14 23 21 29 24 9 16 21 8 26 26 6 27 8 22 30 8 26 19 5 12 22 8 12 30 26 24 15 26 22 16 10 21 22 25 11 10 14 17 9 15 21 14 22 9 10 9 28 20 21 22 26 11 29 14 22 15 15 16 23 29 21 15 24 14 24 20 17 27 14 0 16 13 12 24 11 19 17 23 5 13 10 18 21 8 22 7 21 14 15 8 30 21 13 22 30 23 13 27 19 17 23 20 29 12 29 15 29 19 26
22 23 20 17 16 8 22 8 27 28 20 8 11 9 15 24 22 30 7 16 24 6 25 23 21 26 10 17 8 21 23 7 23 19 30 20 22 26 9 26 21 12 9 12 30 30 28 5 20 6 27 17 26 25 15 7 11 8 30 20 29 23 24 22 19 17 21 5 5 20 14 7 8 27 7 24 29 29 6 11 16 0 19 23 5 20 8 13 7 17 25 30 12 26 27 12 30 15 18 16 21 22 5 27 13 12 14 7 17 26 28 15 7 22 10 20 15 16 11 23
9 13 17 28 25 11 12 5 17 20 8 19 9 29 25 27 8 21 15 27 28 14 5 26 20 11 22 30 30 28 17 24 11 16 7 18 10 29 7 10 21 30 25 8 21 20 5 15 20 18 12 25 21 30 27 6 27 13 23 20 24 21 27 6 10 7 7 17 22 15 20 17 27 8 11 6 12 11 10 6 13 19 0 13 10 28 26 11 20 28 11 12 28 12 13 11 12 11 12 24 16 9 29 8 8 7 26 26 20 24 5 29 22 6 20 16 24 15 20 23
13 6 12 10 19 14 25 25 25 14 8 21 26 13 15 7 27 22 26 7 24 20 24 22 9 29 17 21 28 13 26 24 23 17 23 27 15 6 21 29 30 21 17 19 12 22 27 13 26 7 6 8 24 20 10 14 26 25 26 10 24 9 14 16 26 16 8 26 22 16 22 16 21 26 19 30 7 18 17 30 12 23 13 0 13 20 10 29 21 13 17 12 29 23 9 6 21 30 18 20 22 6 21 16 17 26 29 10 19 8 27 21 19 15 27 5 5 26 11 17
14 8 9 19 27 12 9 24 7 29 12 12 20 14 9 14 21 5 14 22 15 24 20 17 21 12 21 15 20 22 22 30 22 19 8 19 27 6 23 20 28 6 7 8 25 14 23 8 13 26 28 26 17 26 29 14 25 12 19 7 20 20 26 19 7 12 10 8 9 9 8 21 25 12 24 22 14 22 25 24 24 5 10 13 0 23 8 15 16 24 13 10 22 13 12 13 20 24 15 16 10 20 18 11 18 27 29 16 16 17 13 19 10 23 9 23 26 12 8 28
24 24 25 9 9 16 13 30 15 30 22 24 12 15 19 22 8 17 14 22 23 25 13 17 19 26 9 27 29 14 15 15 10 29 30 20 14 8 5 29 13 17 23 30 30 10 17 7 7 18 20 5 23 16 7 19 5 19 10 29 27 5 16 8 10 11 29 22 8 26 10 5 13 18 20 21 24 30 5 21 11 20 28 20 23 0 13 30 12 22 18 17 11 9 30 28 9 20 30 5 10 18 20 9 25 21 22 28 15 30 20 14 13 22 23 6 17 8 27 10
11 18 27 24 18 10 9 12 26 12 9 6 8 8 7 17 14 20 19 14 6 26 25 16 13 29 28 18 15 5 17 17 26 26 22 10 14 25 24 7 10 7 23 30 22 20 29 15 25 11 13 12 8 21 20 28 14 14 24 20 26 21 26 24 10 26 22 5 6 25 25 26 28 30 20 29 22 22 30 21 19 8 26 10 8 13 0 6 11 13 20 25 8 19 28 15 13 16 16 22 22 30 13 16 5 18 8 16 26 24 11 23 23 25 25 22 10 29 14 16
27 16 5 22 10 14 7 27 22 24 17 28 16 5 20 25 7 6 24 14 5 20 30 29 11 24 12 18 11 21 29 5 29 23 10 7 23 30 25 5 16 19 6 9 30 6 23 10 22 25 16 16 5 14 15 21 18 13 17 15 16 28 9 26 28 15 22 25 5 12 24 12 13 15 10 8 18 20 7 27 17 13 11 29 15 30 6 0 15 26 21 20 29 28 19 7 17 24 14 19 25 9 10 25 30 15 18 25 24 23 17 7 7 10 15 12 15 15 25 14
15 28 29 5 28 5 6 10 17 30 19 30 22 20 19 30 29 25 27 10 7 14 29 30 30 30 5 9 16 27 28 14 22 27 16 23 13 19 10 23 9 14 18 8 5 7 6 17 17 9 5 20 21 10 25 24 26 19 29 12 27 6 27 28 21 15 5 28 23 8 7 30 23 28 12 7 13 10 9 12 23 7 20 21 16 12 11 15 0 27 13 24 25 17 13 19 29 16 28 23 21 19 18 10 10 5 9 28 12 26 13 28 27 28 7 11 10 17 8 8
11 30 29 17 21 27 10 14 15 16 16 26 16 28 25 15 10 17 18 27 6 22 23 9 8 7 29 14 15 26 9 18 5 21 15 5 21 5 19 7 28 29 26 5 17 6 10 10 10 24 15 24 26 26 10 21 8 6 16 15 19 22 25 22 8 16 25 24 24 14 13 24 22 8 18 20 11 16 20 24 5 17 28 13 24 22 13 26 27 0 7 20 22 6 5 29 17 21 29 7 8 13 24 9 7 25 17 14 12 12 28 14 19 25 9 9 21 10 5 6
26 15 8 23 25 22 30 22 25 12 26 21 8 18 14 9 13 16 10 27 25 5 23 14 15 21 5 17 18 18 30 17 28 9 11 30 26 8 16 5 29 14 9 6 30 12 24 28 16 13 30 19 16 22 15 15 26 8 24 13 8 18 10 12 17 14 7 7 17 24 9 26 23 20 24 26 5 22 24 10 13 25 11 17 13 18 20 21 13 7 0 26 16 15 20 19 22 13 22 19 9 27 22 10 23 24 19 25 28 25 23 18 21 25 25 22 14 16 20 22
25 18 29 23 13 9 14 5 27 25 28 14 29 10 30 26 19 13 27 27 29 8 12 6 10 19 14 10 6 30 27 29 19 16 19 29 8 10 28 13 13 15 12 29 27 24 15 7 17 15 14 10 22 10 25 18 21 10 5 6 8 23 21 28 6 11 11 29 22 7 22 10 10 26 9 9 27 22 18 26 10 30 12 12 10 17 25 20 24 20 26 0 12 30 7 19 14 16 18 13 9 14 5 5 21 29 9 16 14 20 22 5 27 20 29 20 14 5 29 18
13 24 18 26 24 13 24 22 29 11 27 19 13 9 13 27 21 28 19 25 23 18 28 14 28 21 19 29 23 10 28 7 27 5 8 12 9 19 11 11 28 7 14 12 16 12 30 22 16 28 14 20 25 14 6 26 13 6 26 21 29 20 22 25 18 29 26 28 22 11 11 29 17 20 30 24 28 20 7 6 18 12 28 29 22 11 8 29 25 22 16 12 0 30 14 24 12 30 5 22 16 11 18 22 18 17 12 10 27 28 25 17 17 12 13 7 18 25 12 21
21 21 12 5 30 6 28 18 20 24 22 25 23 17 23 28 9 5 16 10 13 9 6 27 19 27 26 22 12 8 7 28 11 20 13 14 29 19 25 6 8 22 13 9 20 5 24 7 10 30 13 23 24 8 5 9 24 14 28 12 26 21 27 22 13 24 25 23 7 15 13 21 25 20 23 22 30 13 7 16 21 26 12 23 13 9 19 28 17 6 15 30 30 0 29 30 24 30 27 26 13 14 25 28 22 30 13 18 11 7 10 9 14 8 25 19 24 19 13 27
20 8 10 7 22 6 23 7 22 13 18 5 12 22 6 26 18 16 19 30 25 13 23 7 25 16 28 20 28 8 21 22 19 8 26 6 30 5 28 6 29 19 15 11 22 21 12 15 19 7 20 22 24 20 19 15 24 16 9 22 12 29 25 17 22 21 29 6 14 20 28 9 17 11 29 5 5 14 13 12 8 27 13 9 12 30 28 19 13 5 20 7 14 29 0 24 20 11 15 5 9 6 22 5 10 8 14 13 9 27 19 28 5 12 7 9 5 20 11 15
13 17 30 25 29 22 14 12 6 26 23 6 30 27 16 21 7 30 6 16 11 28 20 16 13 7 22 12 9 21 28 12 30 14 20 13 18 18 9 30 5 5 30 17 30 20 25 24 6 7 27 16 14 9 13 20 27 30 20 25 5 10 15 12 13 20 11 27 11 19 25 19 16 23 10 29 23 23 12 25 22 12 11 6 13 28 15 7 19 29 19 19 24 30 24 0 18 14 30 30 20 16 19 27 30 6 15 7 29 9 6 13 29 17 7 22 20 10 11 13
6 23 27 18 20 14 19 8 24 29 28 20 18 12 21 7 12 7 28 21 29 16 10 19 27 23 18 12 5 9 16 23 14 18 21 12 6 11 18 17 15 16 17 16 20 5 23 24 13 17 26 16 14 28 11 16 9 26 20 17 15 27 27 21 9 22 26 7 28 15 7 10 23 10 24 26 21 16 16 5 7 30 12 21 20 9 13 17 29 17 22 14 12 24 20 18 0 17 5 8 29 27 12 17 29 19 12 28 6 11 19 28 29 8 21 26 11 20 17 26
7 11 21 9 19 27 8 19 7 28 28 17 22 21 7 25 19 16 16 12 23 29 21 25 10 8 22 14 13 12 6 21 27 7 25 22 13 27 24 21 30 11 27 26 16 15 8 20 19 22 8 10 26 13 29 29 18 15 8 17 16 23 8 30 10 29 18 16 28 24 28 10 25 25 26 25 8 29 7 10 21 15 11 30 24 20 16 24 16 21 13 16 30 30 11 14 17 0 14 15 10 25 28 6 28 22 21 8 13 20 25 14 11 16 6 26 11 8 12 25
25 13 19 19 18 9 19 8 12 29 9 18 29 22 14 26 16 12 24 8 18 17 25 13 5 6 17 27 22 11 8 10 7 8 15 14 25 9 26 14 18 14 28 25 23 24 20 27 19 17 12 13 8 28 29 11 8 18 18 12 25 10 29 30 23 25 8 21 28 26 7 23 7 18 21 18 21 27 24 7 14 18 12 18 15 30 16 14 28 29 22 18 5 27 15 30 5 14 0 18 15 5 10 30 13 23 8 17 30 12 5 6 23 30 27 20 27 24 9 16
18 6 6 10 28 25 27 25 25 26 18 26 24 26 19 18 5 28 18 11 24 16 28 28 28 22 12 9 23 24 18 26 30 28 24 10 9 25 19 25 13 23 15 25 21 11 9 5 13 22 9 28 20 30 10 10 21 28 19 7 30 28 16 30 13 5 11 8 16 14 5 23 21 5 13 21 5 17 6 13 15 16 24 20 16 5 22 19 23 7 19 13 22 26 5 30 8 15 18 0 29 7 12 10 20 7 26 24 15 29 25 6 6 16 25 9 27 22 30 8
13 27 22 6 23 29 14 9 26 26 25 8 24 30 19 21 18 26 13 30 25 6 24 20 15 21 12 30 23 21 12 17 30 9 17 29 27 14 11 27 21 30 15 7 15 30 15 18 12 15 14 27 7 22 23 30 28 8 6 19 14 9 22 27 5 8 22 14 11 27 21 26 13 12 10 18 17 28 28 29 8 21 16 22 10 10 22 25 21 8 9 9 16 13 9 20 29 10 15 29 0 9 20 12 15 22 30 25 29 16 30 19 28 11 5 27 17 16 28 9
6 18 12 13 13 20 27 20 14 9 8 20 26 16 6 16 6 25 25 9 5 17 29 11 30 11 19 19 28 13 7 10 18 16 24 19 9 10 7 21 7 14 19 23 17 9 28 25 13 13 28 7 15 29 29 17 24 8 7 19 22 8 20 14 15 26 27 30 18 23 25 9 17 6 28 16 25 9 17 17 30 22 9 6 20 18 30 9 19 13 27 14 11 14 6 16 27 25 5 7 9 0 13 6 20 27 19 22 14 22 27 20 11 23 10 22 16 15 28 19
5 5 8 17 15 8 17 27 12 25 20 27 25 7 6 5 17 8 30 12 20 6 17 11 14 23 16 6 18 16 15 9 26 14 17 23 12 13 8 29 13 28 13 23 13 15 7 10 23 21 19 14 13 10 10 5 8 29 13 30 21 17 23 27 19 16 28 26 25 9 5 28 12 9 26 6 11 26 17 16 21 5 29 21 18 20 13 10 18 24 22 5 18 25 22 19 12 28 10 12 20 13 0 13 24 22 10 7 21 9 19 14 13 22 16 19 5 29 25 21
15 21 19 15 12 5 13 14 28 8 24 19 22 17 16 16 21 29 6 30 25 23 9 22 23 22 9 22 14 13 24 13 20 15 23 28 9 7 9 18 27 24 12 13 10 27 12 24 6 19 29 5 25 26 20 12 14 6 25 23 16 26 23 26 27 19 29 14 21 23 23 28 21 23 15 27 27 8 24 26 13 27 8 16 11 9 16 25 10 9 10 5 22 28 5 27 17 6 30 10 12 6 13 0 17 28 10 5 24 16 29 24 12 15 28 7 26 22 17 11
29 30 9 11 7 23 21 21 7 25 18 7 5 28 14 14 16 23 7 20 22 22 26 13 26 9 13 18 9 30 29 14 9 19 8 29 27 25 29 18 23 12 7 7 5 10 16 18 9 5 15 17 15 15 30 12 8 5 15 19 27 24 26 6 9 12 18 24 9 23 23 20 17 23 19 21 30 28 25 17 22 13 8 17 18 25 5 30 10 7 23 21 18 22 10 30 29 28 13 20 15 20 24 17 0 21 26 20 29 22 9 24 14 15 18 25 15 8 8 21
9 22 30 19 13 14 22 27 18 25 13 7 24 6 7 10 12 28 26 5 14 11 12 22 29 10 11 18 11 17 24 13 25 30 16 29 15 16 8 27 25 19 11 5 15 30 15 10 29 30 13 6 13 25 29 28 30 9 5 7 8 24 27 17 6 25 25 7 10 16 17 16 16 10 24 18 15 12 21 17 30 12 7 26 27 21 18 15 5 25 24 29 17 30 8 6 19 22 23 7 22 27 22 28 21 0 26 7 6 9 10 6 11 8 20 11 8 6 23 25
25 26 19 15 19 20 20 13 8 6 6 15 26 18 25 11 17 29 25 16 25 16 6 27 11 15 28 22 15 7 24 20 14 11 16 20 12 13 23 17 7 16 9 7 24 15 10 6 27 27 28 10 13 7 29 9 8 26 27 20 6 15 18 17 9 24 7 14 10 30 29 6 16 9 23 12 18 19 14 23 23 14 26 29 29 22 8 18 9 17 19 9 12 13 14 15 12 21 8 26 30 19 10 10 26 26 0 17 26 20 21 24 27 23 13 6 16 12 24 27
13 28 26 15 12 20 19 18 29 14 27 24 27 5 7 15 7 15 17 22 14 22 23 13 10 21 29 21 12 16 17 9 12 21 19 22 29 7 28 7 20 23 29 11 12 6 25 8 26 24 18 23 25 12 7 11 20 25 26 19 10 21 26 18 15 24 28 29 12 15 23 12 20 25 7 30 16 30 27 11 13 7 26 10 16 28 16 25 28 14 25 16 10 18 13 7 28 8 17 24 25 22 7 5 20 7 17 0 7 5 11 25 20 7 19 30 25 6 16 22
10 28 21 29 29 19 7 20 25 30 16 9 13 19 24 29 16 9 16 23 20 14 27 9 24 19 8 9 17 17 29 7 13 20 24 21 26 16 17 25 19 20 29 25 5 5 7 15 8 23 24 29 27 16 9 28 11 10 21 15 20 17 28 30 24 12 26 19 24 18 11 29 30 21 12 20 8 27 24 21 27 17 20 19 16 15 26 24 12 12 28 14 27 11 9 29 6 13 30 15 29 14 21 24 29 6 26 7 0 28 18 16 30 27 6 24 13 21 6 28
28 28 22 17 19 15 24 20 27 19 11 7 5 7 24 20 12 6 21 16 12 7 8 8 25 8 6 17 23 19 15 10 26 16 10 8 17 26 16 22 21 29 23 19 30 9 27 11 7 21 25 11 25 12 24 5 24 15 29 8 9 18 22 26 6 6 9 17 13 10 6 20 20 6 17 30 9 10 6 5 19 26 24 8 17 30 24 23 26 12 25 20 28 7 27 9 11 20 12 29 16 22 9 16 22 9 20 5 28 0 7 14 7 11 21 8 8 28 12 22
19 26 24 13 23 10 6 12 8 6 19 9 10 15 21 11 5 16 30 19 30 17 11 24 17 26 30 12 12 23 5 18 9 20 26 23 20 25 18 22 16 29 8 30 29 23 26 11 26 30 7 12 14 28 18 23 11 16 28 20 27 24 14 15 29 26 5 17 11 5 22 12 24 23 17 29 18 8 29 28 17 28 5 27 13 20 11 17 13 28 23 22 25 10 19 6 19 25 5 25 30 27 19 29 9 10 21 11 18 7 0 17 11 11 21 26 12 23 25 10
22 11 15 29 24 6 18 19 19 23 19 13 13 23 17 12 15 22 28 30 30 21 5 28 18 11 26 13 20 12 25 13 27 8 27 8 9 10 15 24 6 11 9 9 13 27 25 18 16 18 11 25 11 14 25 21 29 19 23 28 28 27 18 22 25 15 19 26 8 15 13 7 5 9 9 17 25 11 10 27 23 15 29 21 19 14 23 7 28 14 18 5 17 9 28 13 28 14 6 6 19 20 14 24 24 6 24 25 16 14 17 0 22 28 22 18 28 8 29 25
27 16 29 18 26 13 28 22 10 16 12 24 27 18 19 9 8 15 26 22 26 19 19 23 21 27 18 11 22 27 13 18 18 19 30 13 23 6 30 9 20 28 8 7 6 9 28 27 30 8 19 12 9 18 18 10 13 24 28 25 28 29 30 6 24 17 27 5 10 12 22 13 21 6 8 16 23 21 25 7 20 7 22 19 10 13 23 7 27 19 21 27 17 14 5 29 29 11 23 6 28 11 13 12 14 11 27 20 30 7 11 22 0 23 16 26 19 27 26 18
18 18 19 13 17 20 15 9 27 28 16 25 29 23 23 9 27 25 10 9 17 29 15 12 15 23 24 15 25 12 30 14 30 28 14 29 25 17 9 13 23 22 10 30 30 29 15 22 22 18 11 26 21 30 17 8 21 13 23 5 18 12 5 5 26 30 15 20 26 30 22 16 9 10 5 23 13 17 20 7 29 22 6 15 23 22 25 10 28 25 25 20 12 8 12 17 8 16 30 16 11 23 22 15 15 8 23 7 27 11 11 28 23 0 8 10 30 10 22 17
22 7 24 7 15 8 24 17 14 9 8 23 14 17 22 7 25 10 5 24 14 22 18 12 7 20 29 25 26 14 19 20 17 27 24 22 13 25 12 7 10 29 19 15 20 8 19 28 18 9 18 11 29 15 18 16 11 28 12 8 8 13 21 28 14 8 6 10 30 12 20 12 19 13 11 30 13 30 19 22 12 10 20 27 9 23 25 15 7 9 25 29 13 25 7 7 21 6 27 25 5 10 16 28 18 20 13 19 6 21 21 22 16 8 0 21 15 26 10 22
5 26 28 20 5 7 13 11 5 7 26 22 15 27 30 14 15 29 9 7 19 13 9 6 17 7 5 7 15 26 20 30 7 19 23 16 25 14 13 14 16 30 19 8 21 21 5 28 29 9 28 13 12 16 20 27 16 7 26 17 13 17 8 13 20 17 7 22 23 27 25 6 10 10 21 28 22 15 5 14 29 20 16 5 23 6 22 12 11 9 22 20 7 19 9 22 26 26 20 9 27 22 19 7 25 11 6 30 24 8 26 18 26 10 21 0 24 19 16 15
8 15 21 5 20 17 5 24 6 14 16 27 16 25 28 30 30 26 24 7 7 24 18 26 26 21 12 19 13 7 12 7 19 15 7 22 18 28 25 7 10 12 15 6 16 16 13 22 23 23 20 25 6 13 17 25 27 16 15 18 24 15 5 11 30 13 7 12 6 28 29 26 12 21 21 29 18 30 11 28 15 15 24 5 26 17 10 15 10 21 14 14 18 24 5 20 11 11 27 27 17 16 5 26 15 8 16 25 13 8 12 28 19 30 15 24 0 22 15 16
7 24 18 28 15 20 7 21 15 15 22 15 5 18 6 8 9 19 26 14 27 26 27 21 8 19 11 16 29 25 16 16 24 7 26 29 17 27 7 21 13 9 18 19 29 7 11 13 12 23 29 18 30 23 5 30 18 15 21 6 11 14 17 24 23 22 6 9 29 25 9 11 7 17 26 27 23 22 26 22 29 16 15 26 12 8 29 15 17 10 16 5 25 19 20 10 20 8 24 22 16 15 29 22 8 6 12 6 21 28 23 8 27 10 26 19 22 0 18 29
27 15 22 22 10 7 12 28 30 28 25 17 10 14 19 21 9 27 30 17 6 24 11 12 10 30 7 7 20 25 22 13 20 14 9 6 19 29 12 11 29 5 8 6 23 16 12 26 22 23 21 21 30 14 6 6 14 10 21 22 11 19 9 29 22 28 10 28 22 18 16 21 21 24 18 23 16 24 30 23 19 11 20 11 8 27 14 25 8 5 20 29 12 13 11 11 17 12 9 30 28 28 25 17 8 23 24 16 6 12 25 29 26 22 10 16 15 18 0 25
9 26 19 6 20 23 26 9 6 18 16 24 9 8 30 29 6 20 19 27 10 8 18 25 9 6 8 22 28 29 17 12 23 6 15 29 7 12 22 30 8 18 22 10 12 27 27 14 6 29 16 5 30 19 22 17 10 8 27 22 8 30 6 19 16 14 30 17 19 13 17 30 25 23 9 8 24 27 21 16 26 23 23 17 28 10 16 14 8 6 22 18 21 27 15 13 26 25 16 8 9 19 21 11 21 25 27 22 28 22 10 25 18 17 22 15 16 29 25 0
