13090
61 660 93 652 604 76 72 9 408 273 606 307 274 450 164 234 172 276 108 80 247 126 96 310 463 135 378 534 319 258 666 415 24 558 690 487 384 533 25 347 538 373 43 617 134 524 311 138 610 114 62 376 421 568 259 560 7 580 28 625 275 498 214 1 400 429
460 693 130 565 527 597 665 629 66 491 170 195 183 17 18 661 575 392 521 178 59 539 368 516 352 430 104 386 261 440 485 110 676 436 69 502 158 616 468 464 509 360 31 685 106 364 331 472 294 462 326 147 206 578 395 672 513 254 5 118 691 50
564 609 139 587 542 338 149 504 494 248 268 592 19 651 448 103 194 614 635 187 136 505 503 382 133 100 416 444 332 179 249 570 579 186 576 589 270 15 64 687 207 37 53 205 374 600 571 128 671 256 82 26 669 410 298 553 296
337 584 522 318 605 329 251 36 213 593 112 346 632 550 242 265 306 13 151 281 411 461 301 52 278 291 60 624 582 167 409 506 58 497 544 129 495 143 74 174 241 12 484 412 531 169 99 39 467 359 358 185 501 34 211 489
381 601 684 423 398 590 175 177 125 612 686 3 628 551 545 655 626 613 282 526 611 355 602 455 163 449 91 288 677 618 603 219 321 451 689 695 510 198 663 641 528 662 285 202 313 46 320 161 457 78 221 474 668 146 499 452 678 599
577 38 433 681 162 116 583 145 523 226 493 354 431 383 279 269 379 312 454 511 339 428 75 437 322 81 344 4 698 252 403 168 353 688 54 56 208 562 675 447 65 385 51 22 622 228 362 674 345 438 57 184 591 293 456 166
316 367 209 543 650 559 336 679 648 48 351 212 287 469 330 180 548 413 328 47 266 350 393 335 200 512 694 631 473 253 204 297 697 418 507 292 518 73 32 260 157 475 236 390 673 181 525 171 496 193 119 107 102 94 627 323 670 289 535 188
225 277 656 426 554 131 141 237 541 286 153 10 643 479 300 696 619 95 654 488 634 16 645 210 644 239 11 309 445 420 29 414 366 482 402 547 192 244 700 229 458 68 98 189 636 574 572 573 486 84 2 120 115 182 342 6 540 434 481 305
588 357 667 315 87 121 284 79 235 515 620 199 334 419 343 407 372 111 14 127 92 401 658 33 361 245 40 35 365 325 477 646 598 556 375 240 333 399 563 160 132 659 109 391 621 466 647 154 406 142 425 324 470 349
653 586 389 215 44 165 216 640 623 552 615 387 566 150 585 439 250 490 557 530 422 299 27 397 348 699 308 341 83 581 459 233 478 508 377 546 529 89 435 255 267 97 71 218 370 388 295 232 536 280 404 272 442 446 363 227 8 638 520 595
314 304 197 152 549 683 148 432 140 55 155 45 441 173 380 514 637 230 257 30 664 217 443 124 190 262 41 356 633 23 201 220 203 492 639 657 317 21 500 340 224 123 555 86 222 137 101 424 156 246 20 77 596
263 608 264 567 290 427 144 417 302 122 88 105 405 561 483 465 231 223 49 607 303 327 159 480 471 283 630 453 369 42 371 682 63 594 517 238 90 117 476 67 70 243 649 271 532 85 191 396 680 642 394 196 569 176 537 692 113 519
