5095
158 30 408 824 725 862 150 593 105 681 132 290 904 803 895 946 896 668 272 15 91 482 806 346 577 786 887 961 949 963 73 771 357 469 701 551 113 571 915 325 528 422 587 515 524 491 646 608 832 149 627 962 485 182 836 109 375 432 902 991 166 999
976 79 404 493 657 365 969 262 727 854 801 971 726 677 502 145 17 893 411 606 943 734 805 34 790 822 327 586 876 409 900 763 439 315 64 250 119 934 635 122 23 33 869 611 53 123 19 316 332 994 376 139 421 285 875 817 372 466 514 811 299 519 222 850 905 910 663 600 609
444 157 363 341 54 392 825 901 751 510 638 203 256 730 733 933 838 321 188 968 486 397 281 797 381 972 819 70 658 695 897 59 643 66 959 833 846 230 283 516 416 271 410 111 529 153 441 692 433 673 480 590 764 266 232 108 47 595 987 265 14 995 89 82 777 533 621 244 104
4 337 573 164 607 141 716 25 41 44 184 223 647 490 626 810 559 977 802 732 520 978 950 197 430 114 812 446 208 226 680 511 116 799 233 612 779 562 137 154 840 745 784 707 193 121 434 880 215 62 906 539 260 312 918 713 948 552 984 340 21 454 175 916 714 540 935 219 394 429 960 445
954 87 651 431 198 553 993 477 889 467 328 236 29 625 6 374 11 570 567 926 3 928 722 744 986 753 792 759 855 288 462 279 304 494 783 509 794 865 568 845 702 690 292 130 38 146 196 186 386 307 448 117 687 599 97 518 678 649 254 65 685 579 979 556 931 107 545 314
839 231 741 202 383 770 774 125 147 128 267 463 366 401 686 127 624 124 925 277 614 415 45 930 711 369 143 453 883 664 55 735 99 57 5 584 860 898 464 620 118 629 924 767 563 173 975 728 737 500 370 282 178 234 39 772 929 481 899 945 427 200 908 679 823 177 848 240 847 561 348
76 336 385 492 543 550 808 220 185 781 101 1000 115 134 255 343 592 110 944 289 814 52 207 715 259 872 42 10 484 661 310 218 195 488 752 923 628 26 320 953 103 74 209 295 306 652 88 71 317 51 642 235 694 353 821 334 610 818 278 941 238 952 354 268 780 697 704 169 380 476 988 870
877 868 723 224 176 388 210 68 782 527 338 93 837 331 61 16 187 512 670 591 393 890 650 544 572 156 86 247 335 483 861 227 142 576 693 225 13 748 489 581 417 691 172 844 305 387 853 400 683 938 300 252 161 399 849 206 384 368 982 542 912 322 684 189
873 537 37 863 966 589 438 418 957 162 907 243 413 546 339 98 815 513 204 534 585 675 653 644 455 914 449 239 830 671 569 705 574 791 229 909 967 168 696 795 742 280 603 885 362 378 473 43 269 414 973 287 634 758 932 461 330 361 63 913 90 598 867 672 92 970 688 985
155 656 990 955 228 535 719 645 478 136 355 420 120 159 264 892 1 296 857 377 667 301 407 522 313 555 435 450 160 505 841 201 623 174 261 78 776 521 451 163 351 35 958 736 662 80 665 787 800 517 630 842 981 674 655 731 724 102 632 270 615 532
258 588 531 151 762 349 436 506 894 547 831 851 580 940 359 291 344 60 699 689 884 402 275 140 676 879 352 754 996 183 425 827 205 237 843 373 852 706 596 180 106 541 126 788 18 921 456 442 249 698 523 396 757 27 922 886 56 618 248 471 641 816 983 659 965 660 939 350
498 538 648 554 866 882 465 424 778 356 826 798 367 31 636 583 329 284 379 495 257 391 804 423 919 700 582 548 181 406 112 211 46 8 566 50 217 640 619 12 179 167 171 77 617 927 746 468 773 472 613 323 525 785 144 964 501 622 318 241
138 602 496 891 864 508 942 40 709 717 917 84 213 216 419 458 428 597 503 881 302 575 997 750 605 743 85 273 813 95 242 761 72 557 594 560 67 947 437 980 308 96 738 83 214 263 992 558 36 297 390 858 809 639 452 903 878 720 426 49 820 360
7 24 9 998 69 81 768 504 403 856 293 221 170 565 319 135 703 828 549 194 775 395 382 710 479 729 721 756 311 440 2 253 956 75 789 345 989 20 309 470 604 874 286 499 32 755 246 412 637 911 829 888 807 199 749 389 834 936 487 398 460 530
405 165 447 212 294 765 760 48 497 631 457 937 536 475 342 633 974 769 578 133 190 22 347 298 459 766 747 28 131 251 324 835 740 326 616 274 951 192 564 152 371 712 276 507 718 191 920 654 526 474 364 58 739 666 245 100 796 129 708 443 682 859 793 303 871 669 333 94 601 358 148
