18435
277 424 204 373 219 409 486 300 38 396 289 33 110 336 399 125 42 25 87 12 228 400 201 227 222 26 256 468 162 375 299 250 206 50 490 238 488 266 466 340 473 109 444 115 310 274 309 314 161 475 402 440
158 11 368 129 103 98 491 419 351 70 447 498 283 139 151 331 377 15 97 376 422 312 223 414 374 451 353 296 24 460 405 381 192 246 83 472 220 445 249 334 365 124 301 326 126 297 383 114 267 349 205
185 474 69 330 199 395 261 106 133 211 370 253 345 282 288 446 186 390 37 379 418 148 338 260 160 434 430 138 241 427 73 233 352 68 337 123 271 408 450 333 13 149 280 248 6 484 21 191 77 39 391 235 172 295
265 284 477 242 108 420 121 311 92 40 61 75 292 458 360 229 476 65 188 382 415 497 495 127 348 184 324 43 305 30 59 1 467 443 116 313 210 79 48 182 195 480 431 258 104 432 81 119 53 58 394 147 89 439
255 203 328 234 165 134 168 170 153 320 194 389 27 294 272 57 388 16 465 193 111 14 347 32 120 485 356 7 137 94 90 378 252 198 132 231 393 286 455 323 358 175 470 49 100 2
287 259 452 51 84 60 361 142 278 221 436 332 45 22 71 176 118 122 8 329 226 155 214 471 159 317 401 364 435 469 244 216 46 264 215 67 154 225 31 209 96 112 416 177 268 426 371 384 339 95
308 180 318 298 366 335 88 387 218 291 412 372 417 217 117 28 406 410 290 62 34 496 141 407 197 482 454 105 187 325 63 404 257 245 144 346 362 403 343 307 167 275 441 357 461 178 101 438 150
17 136 80 18 164 359 350 306 66 174 303 492 322 189 156 483 47 131 385 243 459 99 196 247 398 213 157 315 437 321 232 152 499 456 442 493 76 421 428 10 354 363 479 179 464 237 163 207 169 93 55 166 56
143 85 102 397 463 140 478 494 200 425 489 74 128 35 487 316 263 462 78 208 91 449 41 411 279 327 392 429 262 72 190 230 202 380 355 319 36 386 183 3 20 4 5 270 19 107 239 285 369
113 29 64 341 293 54 453 500 224 181 135 82 212 44 367 269 145 173 433 342 481 240 9 344 304 302 281 276 254 130 251 86 236 423 52 273 413 171 146 457 448 23
