5095
976 155 588 341 554 866 882 465 29 781 101 1000 115 851 127 293 359 457 937 536 458 428 930 393 890 650 544 572 555 743 85 479 813 612 779 211 46 8 67 75 168 50 325 180 123 422 316 642 994 604 662 590 149 32 755 246 412 637 911 678 649 200 323 248 471 641 177 663 600 609
158 30 87 37 863 966 589 176 388 210 128 803 895 145 570 636 204 415 45 744 986 753 577 786 664 55 914 57 279 28 643 66 250 119 13 794 865 967 152 271 989 507 451 603 885 526 491 386 874 286 300 665 787 800 929 481 899 858 655 731 724 102 910 991 166 545 314
873 202 531 151 105 681 132 290 625 6 48 413 546 367 733 926 60 91 482 806 346 578 133 190 22 347 876 710 996 439 315 841 201 562 137 154 489 852 33 306 696 276 130 317 35 235 376 617 713 948 468 773 472 27 922 330 368 982 785 144 964 82 394 848 240 847 999
4 868 431 198 150 774 392 808 220 185 40 709 420 374 11 339 668 291 892 1 3 188 968 675 653 381 972 156 86 247 335 310 218 195 488 205 705 237 843 261 283 74 869 652 121 434 106 387 920 654 260 673 214 764 266 232 108 47 595 945 384 222 65 685 432 669 380 476 561 348
839 79 537 383 165 447 212 294 801 971 760 831 856 940 815 513 943 284 379 814 52 207 775 395 961 449 5 304 827 494 783 509 953 745 784 691 410 111 529 975 191 167 171 500 370 282 178 234 39 772 517 630 206 461 238 618 916 905 912 501 49 820 360
76 337 725 496 891 593 125 147 751 136 355 717 917 84 213 933 838 614 342 633 711 369 143 453 883 680 70 658 763 548 183 425 756 64 959 833 551 113 571 122 78 706 596 521 88 71 163 906 539 196 921 694 353 499 992 287 634 758 829 888 952 354 452 780 697 935 169 333 94 601 358 148 530
877 404 553 723 770 24 9 998 478 162 907 243 490 626 837 221 170 344 296 857 377 667 301 881 804 423 919 298 459 273 483 861 227 860 898 846 748 560 23 947 217 640 173 528 179 146 958 683 442 249 698 523 396 297 708 682 859 639 268 903 540 672 556 931 107 988 870
231 741 493 993 477 467 328 236 41 267 463 366 497 810 802 925 277 978 950 197 430 974 769 208 226 872 42 10 435 766 747 584 771 112 701 623 174 230 924 192 564 789 690 53 880 215 441 853 737 736 139 832 285 552 984 757 842 981 674 793 89 704 622 318 939 350
138 602 405 607 550 825 901 68 782 527 686 256 17 893 411 419 534 585 884 402 275 327 887 750 605 462 450 160 505 251 324 26 320 373 103 568 707 193 980 308 96 62 309 18 312 918 938 263 627 962 36 340 21 443 427 109 850 579 871 816 777 533 621 244 104
498 157 862 648 889 438 418 957 184 223 647 338 93 159 624 124 61 565 329 734 805 34 790 792 759 382 754 116 181 406 752 923 628 2 253 956 516 845 295 712 795 305 351 51 692 470 77 474 364 448 117 687 599 97 518 613 361 63 542 322 684 189
258 538 363 7 54 141 716 25 424 726 677 120 896 98 216 520 583 512 689 495 257 391 715 259 455 855 879 352 700 582 239 830 142 576 693 72 557 326 616 274 915 416 437 563 20 587 332 400 362 378 43 269 821 334 610 818 278 886 56 809 908 679 823 902 270 615 532
336 656 990 955 228 535 719 645 69 81 768 504 403 502 946 580 631 567 732 16 187 110 319 135 703 828 549 194 140 586 288 484 897 59 95 242 761 225 934 635 566 767 718 19 738 473 307 421 746 875 817 372 466 514 454 254 525 303 720 426 429 960 445
954 824 657 365 969 762 349 436 904 510 638 203 730 331 264 15 475 670 591 114 812 446 822 644 676 511 949 963 73 671 569 835 574 791 840 776 611 619 12 728 788 433 83 927 80 252 161 399 849 390 941 836 175 375 714 598 867 834 92 970 688 985
444 651 573 492 543 864 262 727 854 44 506 894 547 401 134 559 977 343 592 321 699 944 289 486 397 281 797 302 575 997 409 900 661 799 233 311 440 740 594 229 909 209 702 292 742 280 38 515 524 646 608 58 414 973 100 796 129 932 811 299 519 807 199 749 389 979 936 487 398 460
408 385 164 224 508 942 765 778 356 826 798 255 31 272 606 928 722 597 503 407 522 313 819 735 99 695 729 721 131 357 469 464 620 118 629 951 581 417 371 345 172 844 153 541 126 186 456 480 739 666 245 558 485 182 987 265 14 995 913 90 878 632 219 983 659 965 660 241
