5095
155 337 725 496 891 593 105 681 132 290 904 424 726 677 686 580 570 567 815 15 534 585 486 814 52 207 715 259 156 86 409 85 310 218 195 488 112 551 137 154 840 283 915 564 707 50 712 563 173 451 587 332 958 260 673 480 448 117 687 599 97 206 981 674 995 248 471 641 816 322 166 999
4 408 588 553 993 477 889 716 25 41 801 971 760 831 497 84 213 170 606 943 342 633 711 369 890 822 644 555 743 949 5 584 841 250 211 46 8 865 74 869 690 53 123 317 853 788 196 186 386 874 739 666 245 558 485 182 443 384 361 452 432 720 983 659 684 314
976 498 87 651 431 198 648 224 176 388 210 478 803 895 502 145 293 893 636 60 458 670 591 397 281 797 381 972 55 914 462 273 548 183 425 756 64 201 119 113 560 122 516 967 168 325 180 308 96 163 126 400 526 312 662 286 263 39 772 517 630 899 945 427 655 731 89 871 669 380 476 988 870
158 30 336 538 363 531 554 866 392 808 220 185 128 765 778 356 338 93 255 221 264 892 110 734 805 34 790 792 759 819 511 763 239 315 860 959 835 26 320 229 852 845 702 306 121 434 880 309 470 683 832 698 32 755 246 412 637 27 922 886 56 200 639 749 389 704 169 663 931 600 609
444 868 493 573 164 24 9 998 751 81 768 504 403 11 896 977 802 592 1 3 699 689 495 257 391 775 395 876 99 695 897 505 752 898 628 846 794 78 947 217 292 130 316 642 235 376 370 282 178 234 627 962 36 340 21 829 888 109 375 714 598 867 177 991 615 148 530
76 656 862 150 54 141 447 212 294 44 162 907 243 851 17 411 513 614 428 597 393 301 881 804 423 676 879 735 658 57 483 861 227 311 440 72 557 594 571 566 767 691 611 521 20 38 351 920 654 77 456 442 746 100 796 129 708 858 323 525 542 878 632 219 394 92 970 688 532
954 404 657 365 969 762 349 436 506 894 547 401 120 127 940 359 216 344 583 512 928 722 744 503 407 133 190 22 347 70 710 799 233 827 205 705 464 740 326 616 274 951 75 209 295 652 111 529 975 19 738 524 491 646 139 713 249 285 875 817 372 466 987 265 14 354 268 780 697 834 777 333 94 601 358 104
839 231 824 990 955 228 535 719 645 69 136 355 717 826 798 837 733 291 520 204 950 197 430 974 769 578 577 786 572 352 754 116 729 721 131 251 923 574 791 953 745 776 640 528 422 62 906 539 994 736 43 269 421 252 287 634 849 842 836 618 916 90 540 672 426 533 621 244 985
602 341 165 508 942 40 6 374 413 546 159 31 926 321 91 482 806 346 650 544 664 298 435 479 813 671 569 833 509 635 67 271 88 71 541 167 171 83 927 300 334 610 818 278 811 299 519 807 199 913 903 910 49 820 360
877 138 385 7 864 262 727 854 625 709 420 48 946 256 668 272 838 296 857 377 667 753 275 327 887 750 605 700 582 439 242 761 225 934 373 103 784 696 795 305 215 441 728 692 18 921 694 938 590 149 992 523 396 297 390 941 682 254 908 679 823 82 848 240 847 561 348
258 383 770 125 147 29 510 638 203 339 98 457 937 536 188 968 986 143 453 883 455 855 288 484 661 963 73 95 494 783 2 253 956 581 23 33 706 437 410 172 742 280 603 885 378 473 307 499 552 984 757 932 461 678 649 859 793 724 102 979 936 487 398 460
79 157 723 774 438 418 68 782 527 856 367 624 124 61 565 475 45 930 114 812 446 208 522 313 919 961 900 450 160 59 643 66 324 701 623 174 230 924 192 152 193 980 844 153 35 433 604 918 214 948 468 773 472 518 238 952 222 303 429 960 445
873 537 37 863 966 589 467 328 236 957 781 101 1000 115 134 631 732 419 415 284 379 675 653 226 872 42 10 459 766 747 28 830 771 357 469 237 843 261 568 416 596 276 106 387 146 737 617 353 821 764 266 232 108 47 595 613 368 982 785 144 964 935 902 270 965 660 939 350
741 202 405 607 550 825 901 267 463 366 917 730 331 925 277 978 329 319 135 703 828 549 194 140 586 382 449 996 181 304 142 576 693 620 118 629 909 371 619 12 179 51 515 362 608 414 973 161 399 758 514 454 809 65 685 579 912 556 107 545 189
492 543 151 882 465 184 223 647 490 626 810 559 343 933 16 187 944 289 884 402 302 575 997 680 247 335 279 406 612 779 562 13 748 489 417 789 345 989 507 718 191 500 474 364 58 80 665 787 800 929 481 911 330 175 63 850 905 501 622 318 241
