5095
158 30 408 824 725 862 150 593 889 438 418 957 625 6 48 134 559 802 937 536 534 585 814 52 207 715 259 872 55 10 700 766 747 584 357 469 574 791 840 915 652 121 20 728 692 470 736 139 832 665 787 800 517 630 206 454 361 63 89 816 394 92 970 688 985
976 138 385 383 966 589 176 388 210 478 162 907 243 502 145 940 272 15 950 670 591 986 143 522 313 819 511 949 963 73 251 242 761 225 934 635 909 967 345 172 153 351 146 737 186 683 214 948 468 773 472 941 922 886 56 200 519 807 375 714 878 902 270 965 660 939 350
839 868 37 863 54 535 719 645 267 355 420 374 413 546 896 977 221 170 606 614 928 722 597 503 881 381 972 555 435 273 483 861 752 923 562 137 154 794 865 78 706 437 410 88 71 163 853 788 196 921 694 353 739 252 523 396 297 390 836 175 248 471 641 177 426 333 94 601 189
877 155 493 657 365 866 105 681 132 290 971 760 831 851 127 98 359 567 61 419 458 428 930 114 812 446 208 226 664 914 658 57 5 304 841 201 551 13 229 103 74 209 295 50 217 619 12 179 642 18 378 473 43 269 263 973 161 399 758 514 811 299 793 542 697 82 169 991 166 545 314
76 337 573 164 607 550 808 220 185 40 709 717 826 798 293 216 344 583 91 482 806 346 577 786 572 156 605 247 582 729 721 131 250 211 46 8 67 23 33 869 325 795 742 280 62 906 539 171 376 370 442 249 698 875 817 372 466 708 613 254 908 679 823 979 380 476 358 104
498 157 990 955 864 262 727 854 801 81 768 504 403 856 84 213 925 277 978 415 857 377 667 753 275 327 919 86 710 996 239 315 142 959 835 26 320 373 852 845 416 193 989 507 718 38 603 885 362 77 918 938 821 746 32 755 246 412 637 27 945 678 649 952 222 749 389 834 983 659 684 561 348
444 404 656 492 543 151 467 328 236 41 765 463 366 120 339 668 732 16 187 110 734 805 34 790 133 190 22 680 961 484 661 479 439 227 612 779 237 843 261 192 707 696 292 844 305 587 332 400 500 646 608 480 80 149 627 962 485 182 911 330 323 525 785 144 964 704 777 533 621 244 532
954 336 602 363 531 554 141 716 25 128 781 101 1000 115 946 256 730 331 636 943 944 289 486 397 281 797 302 575 997 676 298 335 181 406 771 112 701 623 174 230 122 767 371 712 563 53 123 19 738 433 673 713 178 234 287 634 757 842 829 888 618 65 685 579 912 49 318 241
231 87 651 431 198 553 993 477 447 212 942 69 136 778 356 338 93 159 624 893 411 838 60 296 45 744 393 301 407 453 883 455 70 459 310 218 195 488 64 324 464 620 118 629 924 784 776 521 106 387 515 235 312 662 286 499 992 558 796 129 932 858 859 199 913 432 669 663 931 600 609
79 537 405 228 882 465 29 184 223 647 490 626 810 837 733 291 520 204 475 342 633 711 369 890 650 644 347 876 409 900 763 548 183 425 756 205 833 846 748 489 951 417 152 271 111 529 451 422 316 35 958 260 474 364 590 285 552 984 849 987 265 14 995 268 780 672 936 487 398 460 530
4 202 496 891 774 392 825 901 44 506 894 547 11 367 31 933 565 321 699 689 675 653 792 759 42 735 462 450 160 505 494 783 509 560 75 691 434 308 96 309 617 927 300 334 610 818 278 518 384 354 452 903 540 720 429 960 445
873 588 7 224 762 349 436 904 803 895 203 570 457 926 512 319 135 703 828 549 194 140 586 288 754 116 799 233 827 311 440 740 326 616 274 283 702 690 980 975 191 994 456 448 117 687 599 97 682 655 731 724 102 867 935 219 848 240 847 999
741 648 165 508 294 424 726 677 401 686 580 631 124 815 513 1 3 188 968 884 402 822 544 887 750 99 695 897 59 643 66 569 705 119 113 571 566 516 947 596 276 880 215 441 920 654 526 83 282 764 266 232 108 47 595 981 674 809 639 850 905 910 322 615 148
258 341 969 125 147 68 782 527 917 255 343 592 329 197 430 974 769 578 775 395 382 743 85 813 671 576 693 72 557 594 953 745 168 180 528 541 126 604 874 58 414 39 772 929 481 899 461 238 368 982 303 632 556 107 988 870
538 723 770 24 9 998 751 510 638 497 17 264 892 284 379 495 257 391 804 423 855 879 352 449 279 28 830 95 860 898 628 2 253 956 581 568 564 789 306 611 640 173 130 317 51 167 524 491 386 307 421 666 245 100 36 340 21 443 427 109 916 90 598 871 501 622 820 360
