13090
61 660 38 264 423 398 650 559 116 623 583 145 10 226 493 354 626 613 194 614 635 187 136 327 461 301 382 319 322 288 677 618 603 219 321 201 220 203 260 687 207 399 174 114 189 636 571 128 169 102 672 467 446 275 498 214 1 400 429
653 586 277 656 315 290 427 329 640 302 140 55 112 287 469 330 431 383 413 328 47 266 350 393 335 200 512 81 344 4 325 477 646 25 347 538 373 64 495 143 500 53 224 123 573 362 256 82 2 154 345 625 410 298 553 296
564 316 367 433 587 542 66 251 79 235 515 620 199 19 651 448 103 619 95 654 488 634 16 645 210 449 239 308 341 83 581 459 233 478 576 589 270 15 90 244 700 229 70 340 662 285 374 600 295 396 259 560 39 94 627 323 670 537 692 113 519
314 608 139 681 87 165 216 273 284 122 88 105 155 655 242 265 80 247 126 96 310 463 455 30 664 100 361 443 124 190 262 41 29 414 292 158 616 617 134 524 311 97 71 205 294 574 572 191 486 222 137 647 272 442 254 5 8 638 520 595
381 93 522 318 76 665 629 237 286 153 523 405 545 300 696 282 526 611 355 92 401 658 644 437 258 245 40 35 365 487 384 533 518 73 32 510 509 360 476 641 65 331 472 202 313 86 536 107 404 513 406 569 176 289 535 188
225 601 684 597 605 338 149 504 494 248 164 234 172 276 108 439 250 490 557 530 422 299 505 503 52 694 631 60 253 204 698 252 403 594 517 546 529 89 435 117 267 138 563 218 370 421 622 621 531 674 457 580 359 363 227 118 691 50
460 609 652 604 72 9 408 177 125 612 686 3 643 479 566 150 585 407 372 111 14 454 511 339 428 133 278 291 453 369 42 371 682 63 451 689 43 375 639 657 317 21 37 160 12 484 496 555 119 680 642 394 182 342 438 57 184 591 293 456 166
588 357 667 543 44 336 679 648 48 552 615 628 334 419 548 231 223 49 607 303 127 27 397 348 33 630 473 624 582 167 409 508 377 129 562 675 67 525 241 62 376 85 147 84 101 424 6 540 499 452 678 599
577 130 389 215 554 131 141 148 541 36 213 593 268 18 661 575 392 521 178 59 539 368 516 352 159 480 471 283 217 444 332 179 249 570 579 186 598 556 238 492 157 475 236 390 673 181 74 610 385 51 462 391 206 578 395 196 156 246 20 77 596
263 304 197 162 175 121 195 183 17 387 45 441 173 279 269 379 312 430 104 386 261 416 666 415 24 558 690 297 697 418 507 366 168 353 688 54 468 464 198 663 447 98 171 109 22 412 228 466 99 7 78 358 185 501 34 211 489
693 565 527 567 590 144 491 170 606 307 274 450 346 632 550 180 343 380 514 637 230 257 163 699 440 485 110 676 436 69 502 482 402 547 192 255 31 685 106 364 528 132 659 388 568 280 26 28 221 142 425 324 470 349
337 584 209 426 152 549 683 417 432 351 212 592 551 561 483 465 306 13 151 281 411 602 135 378 534 75 91 11 309 445 420 356 633 23 506 58 497 544 695 56 208 240 333 458 68 243 649 271 532 326 193 232 671 46 320 161 120 115 669 474 668 146 434 481 305
