18435
287 259 452 51 164 359 121 300 38 396 194 492 389 282 288 446 131 385 243 331 406 8 329 269 145 173 422 223 401 364 105 187 325 63 404 257 90 48 182 195 480 431 258 423 4 5 270 19 107 239 55 166 56
158 11 368 129 103 98 170 153 320 289 33 70 75 292 458 360 229 117 37 418 497 495 127 348 315 197 14 43 305 374 451 353 296 24 460 405 381 488 408 378 252 403 343 307 167 484 21 191 77 39 457 172 295
308 180 199 395 168 491 419 351 61 345 399 125 217 186 390 87 122 99 449 41 260 160 471 407 26 481 30 59 1 467 443 116 313 210 276 266 466 340 36 386 183 3 464 237 413 171 146 58 394 147 89 440
185 474 69 330 102 397 350 306 66 174 303 425 489 74 128 35 487 316 44 118 379 196 400 201 227 312 342 327 392 429 262 72 190 230 271 254 130 354 363 479 179 104 432 81 119 53 285 438 95
265 284 477 242 108 420 463 140 478 494 224 291 412 372 417 42 462 377 388 15 97 376 222 437 321 240 9 344 485 356 7 76 67 83 472 220 473 109 444 231 393 286 455 163 207 169 93 267 369 402 2
255 203 328 234 165 134 60 361 142 200 322 189 156 483 47 151 459 208 148 338 411 111 482 468 162 469 233 352 68 337 123 421 355 319 445 249 334 365 132 20 52 273 357 461 178 235 339 205
143 85 373 219 409 261 106 133 211 110 336 27 294 263 25 28 382 415 410 290 62 34 496 434 454 152 499 456 442 493 245 215 346 362 10 251 86 236 275 441 268 426 371 49 349 439
17 136 80 18 298 453 500 370 253 181 135 82 212 272 188 57 367 226 155 214 184 279 414 347 435 375 244 216 46 264 238 246 450 333 13 209 96 115 310 274 309 314 161 475 150
277 424 204 318 54 486 311 92 40 278 218 221 436 332 45 22 71 176 12 228 16 465 193 141 159 324 138 232 427 73 299 250 206 50 490 137 94 144 79 428 149 280 248 6 326 126 297 383 114 391 384 448 23
113 29 64 341 293 84 366 335 88 387 447 498 283 139 476 65 78 91 247 398 213 157 433 317 430 256 241 32 120 304 302 281 202 380 192 154 225 31 198 124 301 112 416 177 323 358 175 470 101 100
