5095
976 79 824 725 862 150 54 141 447 212 294 267 778 356 338 93 940 359 567 61 838 3 329 284 379 495 257 391 226 872 42 735 484 479 813 671 569 833 509 373 103 23 33 50 619 12 179 51 167 524 604 874 286 590 746 875 817 372 466 514 811 299 807 639 268 432 704 777 333 820 360
158 30 408 431 198 553 993 477 392 825 901 801 971 726 677 401 203 127 631 124 925 277 512 928 722 597 814 52 207 715 259 680 961 900 763 548 181 304 64 898 701 551 137 154 840 283 767 596 989 20 62 906 539 171 77 370 282 178 468 773 472 518 886 56 618 913 780 871 669 380 476 988 870
877 138 538 496 607 550 808 220 185 128 506 894 547 831 856 367 31 926 1 950 944 289 486 397 281 797 302 575 997 586 382 99 949 183 425 756 251 242 761 740 594 230 865 75 707 306 696 276 123 317 309 994 921 378 139 414 234 39 772 517 630 27 922 330 109 982 785 144 964 426 166 999
873 537 37 863 966 589 176 388 210 69 81 101 1000 115 134 570 457 815 15 475 45 744 974 769 578 577 786 572 156 10 459 57 729 721 357 469 464 72 557 326 616 274 568 564 706 437 410 173 975 163 738 235 683 832 665 787 800 929 481 390 941 238 952 354 452 714 598 632 169 848 240 847 460 530
444 868 573 164 151 105 681 132 290 625 768 504 403 826 798 256 730 733 636 60 296 342 633 986 753 381 972 298 435 450 160 59 643 827 311 440 225 934 635 745 784 702 193 640 718 19 728 692 470 386 307 421 764 266 232 108 47 595 613 175 375 903 540 672 394 92 622 318 241
954 741 202 363 648 554 889 467 328 236 41 904 424 760 686 255 221 170 513 583 699 670 591 393 890 650 644 676 879 352 449 279 406 315 205 705 119 113 571 581 417 869 345 434 507 451 422 587 332 958 362 736 662 499 973 161 399 849 842 682 361 916 90 878 720 991 970 688 985
839 231 602 383 543 969 762 349 436 184 223 647 11 293 216 520 91 482 806 346 208 190 22 347 876 754 116 799 233 841 576 693 846 748 489 951 516 845 371 690 980 88 71 215 126 737 491 646 608 480 821 334 100 36 340 21 427 200 323 749 389 979 936 487 398 148
4 385 990 955 228 535 719 645 751 136 355 420 374 917 17 893 411 606 204 534 585 884 402 275 327 887 86 409 335 310 218 195 488 771 112 237 843 229 566 78 947 652 172 742 280 541 885 500 473 43 269 249 285 627 962 485 182 899 443 836 859 63 850 905 177 659 684 561 348
258 493 492 891 593 262 727 854 44 510 638 851 580 802 592 943 197 430 114 812 446 522 313 819 70 710 996 239 66 324 835 574 791 261 192 712 563 53 844 153 191 694 927 80 666 245 287 634 757 911 945 384 655 731 724 102 834 49 965 660 939 350
76 336 588 531 866 716 25 781 6 48 413 546 896 837 331 264 892 614 415 857 377 667 301 653 822 544 455 750 605 247 695 897 505 752 923 628 26 320 953 909 152 776 611 795 528 316 35 515 376 617 353 448 117 687 599 97 987 265 14 995 525 89 867 533 621 244 189
498 404 656 723 770 774 882 465 29 803 895 502 145 159 624 937 536 110 734 805 34 790 792 759 855 511 661 963 73 612 779 211 46 8 122 74 209 295 121 529 305 441 853 788 18 474 364 58 739 252 523 396 297 708 461 678 649 809 908 542 697 935 902 501 94 601 358 532
87 651 405 165 125 147 478 162 907 243 490 626 810 559 977 343 933 16 187 458 319 135 703 828 549 194 775 395 288 700 582 439 131 494 783 623 174 560 67 915 416 217 292 308 96 38 351 642 654 260 673 713 948 552 984 758 932 858 254 199 679 823 816 556 931 107 545 314
157 341 864 508 942 68 782 527 946 84 213 272 344 978 188 968 503 881 804 423 919 658 766 747 28 830 95 860 959 620 118 629 924 967 691 521 111 106 387 146 400 526 312 918 214 263 610 818 278 981 674 222 65 685 579 912 219 983 663 600 609
155 337 7 224 438 418 957 765 463 366 120 339 668 732 419 428 930 711 369 143 453 883 664 55 914 462 5 584 201 562 13 794 789 325 180 880 603 196 186 456 442 698 32 755 246 412 637 206 454 519 793 303 910 322 429 960 445
657 365 24 9 998 40 709 717 497 98 291 565 321 689 675 407 133 140 555 743 85 273 483 861 227 142 250 2 253 956 852 168 271 130 920 433 83 938 300 149 992 558 796 129 829 888 368 248 471 641 82 270 615 104
