18435
185 474 69 330 102 397 121 300 38 396 289 61 181 135 82 212 44 65 28 382 379 91 290 62 34 157 407 223 430 347 152 499 485 356 7 137 94 144 246 346 362 249 334 365 132 231 393 286 455 309 314 161 475 339 95
277 424 204 80 18 164 486 491 419 33 110 322 189 156 483 47 131 385 459 415 410 247 398 213 227 159 434 401 327 392 429 262 72 190 230 202 381 488 408 48 182 403 209 96 275 441 171 146 457 369 402 23
113 29 64 341 293 298 366 311 92 224 447 282 288 446 117 243 377 497 495 127 348 222 437 232 427 73 233 352 68 337 123 215 67 378 252 195 480 431 423 4 5 270 19 107 239 55 349 295
17 136 242 108 420 463 140 478 494 387 70 489 74 128 35 487 151 87 122 388 148 338 260 496 471 312 342 14 43 241 32 120 304 302 281 271 79 428 10 343 307 167 484 21 191 77 39 391 49 89 439
158 11 368 129 103 98 170 153 320 194 336 498 283 139 263 390 37 99 418 8 329 269 145 173 279 482 374 451 296 24 460 405 421 355 319 445 149 280 248 6 326 126 297 383 175 470 438 172 448
287 259 452 51 84 60 361 142 200 75 292 458 360 229 71 176 331 406 15 97 376 433 184 26 454 105 187 325 63 404 257 245 276 254 130 198 124 301 112 416 177 323 358 114 384 150
265 284 477 199 395 359 453 500 40 278 218 221 436 332 45 22 476 25 12 228 449 41 214 111 414 364 305 30 59 1 467 443 116 380 154 225 31 251 86 236 258 104 432 81 119 53 58 394 56
255 203 328 234 165 134 168 306 66 174 303 389 27 294 272 78 208 196 400 201 411 315 317 256 435 469 244 216 46 264 313 210 90 450 333 13 473 109 444 115 310 274 357 461 178 235 147 205
308 180 318 54 261 106 133 211 351 492 425 291 412 372 417 217 186 118 367 226 155 160 422 197 481 468 162 375 299 250 206 50 490 238 266 466 340 36 386 183 3 20 52 273 268 426 371 285 166 2
143 85 373 219 409 350 335 88 370 253 345 399 125 316 42 462 188 57 16 465 193 141 324 138 321 240 9 344 353 456 442 493 76 192 83 472 220 354 363 479 179 464 237 413 163 207 169 93 267 101 100 440
