5095
158 30 87 363 990 955 969 125 147 128 506 894 547 11 293 732 419 458 45 744 503 881 804 423 555 743 949 963 73 315 612 779 833 509 635 566 767 371 712 53 880 738 654 77 456 442 249 698 161 399 849 987 265 14 995 913 432 177 394 92 622 318 939 350
839 408 824 37 863 54 392 825 901 267 355 420 48 497 84 213 170 606 943 415 284 379 495 257 391 190 22 680 70 710 5 406 841 201 464 620 118 629 924 915 707 596 276 844 305 541 126 400 500 474 364 58 448 117 687 599 97 518 811 299 519 222 850 905 669 429 960
76 651 431 198 553 993 477 882 465 29 184 223 907 243 490 626 896 977 802 592 1 296 928 722 597 393 890 650 644 676 382 700 766 747 584 64 898 72 557 594 230 122 516 967 295 271 410 111 529 153 351 51 332 171 491 386 307 421 746 468 773 472 941 922 886 56 368 268 780 878 82 219 848 965 660 241
976 498 741 588 531 24 9 998 478 136 778 356 134 367 733 925 277 978 428 930 974 769 578 133 140 586 298 459 582 729 721 756 923 740 320 261 168 640 619 12 603 885 694 269 948 32 755 246 412 297 390 858 109 375 903 540 720 270 615 104
79 656 723 770 774 716 25 41 44 625 709 717 826 798 98 567 61 344 110 670 591 397 281 797 577 786 455 855 876 435 763 548 183 425 771 205 705 237 843 373 75 947 696 172 451 317 642 958 362 736 139 713 178 973 287 634 758 899 613 200 323 525 785 144 834 556 107 988 870
954 404 493 657 365 224 762 349 436 781 101 1000 115 851 580 570 216 513 3 342 633 986 753 381 972 819 605 658 57 279 28 131 860 959 835 574 791 229 581 78 193 521 88 71 38 146 260 646 43 938 590 149 627 962 485 182 911 384 809 63 89 871 816 777 970 688 985
444 385 383 966 589 467 328 236 957 801 424 463 366 946 810 730 331 933 16 187 60 512 319 135 703 828 549 194 775 395 879 352 449 996 181 304 357 469 628 2 253 956 852 33 869 690 980 20 62 920 526 673 480 414 234 39 772 929 481 27 932 461 330 655 731 724 102 867 979 936 487 398 460 530
873 202 496 891 593 889 438 418 751 510 638 917 559 624 124 815 15 950 944 289 486 814 52 207 715 259 55 914 85 160 505 251 242 761 225 934 571 103 74 702 611 989 975 163 906 539 196 186 370 282 764 266 232 108 47 595 945 678 649 859 199 248 714 598 632 983 659 684 561 348
4 868 405 228 447 808 220 185 162 647 686 255 343 926 614 857 377 667 301 407 453 883 664 961 484 661 310 218 195 488 752 576 693 846 748 489 951 417 306 345 795 742 280 387 853 788 18 312 918 214 263 992 523 396 757 443 427 952 354 452 471 641 704 169 663 931 601 148 445
258 537 573 164 607 550 212 942 40 6 374 413 546 339 668 411 838 329 197 430 114 812 446 208 522 313 919 288 754 483 233 112 211 46 8 745 789 50 217 292 528 309 470 376 608 832 665 787 800 517 630 842 981 674 793 542 697 672 991 166 999
231 157 862 150 554 141 176 388 210 68 782 527 502 145 837 221 893 636 204 699 689 711 369 143 226 872 735 462 450 799 861 227 142 250 701 623 174 953 283 784 776 507 718 19 316 35 515 921 617 353 821 666 245 558 36 340 21 829 888 618 65 685 579 912 426 333 94 600 532
155 337 725 7 866 535 719 645 765 760 831 203 256 940 359 457 937 536 188 968 675 653 302 575 997 347 511 116 239 830 95 494 783 26 326 616 274 909 564 152 691 563 173 130 422 215 441 728 692 994 378 473 662 300 334 610 818 278 238 807 639 749 389 533 621 244 609
877 138 602 492 543 151 105 681 132 290 904 803 895 338 93 159 31 272 565 321 91 482 806 346 822 544 572 156 86 247 335 479 439 671 569 562 137 154 840 568 845 437 121 308 96 191 167 524 683 739 252 100 796 129 708 682 254 908 679 823 935 902 501 49 820 360
336 538 341 864 262 727 854 971 726 677 401 120 127 631 291 520 475 734 805 34 790 792 759 42 10 99 695 897 59 643 827 311 440 551 113 560 67 192 416 652 180 123 179 235 83 927 80 285 552 984 637 206 454 361 982 303 910 380 476 358 314
648 165 508 294 69 81 768 504 403 856 17 264 892 583 534 585 884 402 275 327 887 750 409 900 273 813 66 324 119 13 794 865 23 209 706 325 434 106 587 737 433 604 874 286 499 875 817 372 466 514 836 175 916 90 964 322 240 847 545 189
