18435
287 259 452 242 108 420 121 335 88 387 492 322 189 156 483 47 71 176 12 208 16 465 496 433 222 26 256 305 374 451 250 206 50 490 137 94 144 79 428 10 354 363 479 179 464 237 268 426 371 55 166 56
255 203 328 234 165 134 168 491 419 40 61 75 292 458 360 229 151 87 382 415 388 15 97 376 197 414 327 392 429 262 72 190 230 202 381 210 90 408 378 252 198 124 301 231 393 286 455 357 461 178 101 438 172 295
185 113 424 204 80 18 298 453 500 289 33 224 336 399 125 316 42 462 188 57 379 418 497 495 127 348 422 312 342 437 240 9 344 353 296 24 460 405 246 346 362 31 473 109 444 275 441 81 119 53 457 100 440
308 180 318 54 261 106 133 211 351 253 389 27 294 263 25 28 78 410 290 62 34 157 279 481 30 59 1 467 443 116 380 192 154 225 249 251 86 236 112 416 177 309 314 161 384 402 23
265 284 477 199 395 359 463 140 478 494 200 425 291 412 372 417 217 476 65 331 406 8 329 269 145 173 471 111 430 138 364 32 120 485 356 7 245 215 67 450 333 13 149 280 248 6 104 432 171 146 58 49 339 150
17 136 373 219 409 350 306 66 174 303 345 498 283 139 117 459 400 201 411 159 434 401 321 232 152 499 456 442 493 238 488 254 130 334 365 132 115 310 274 323 358 175 470 475 439
158 11 368 129 103 98 170 153 320 194 70 489 74 128 35 487 272 390 37 247 398 213 227 315 317 14 43 241 427 73 299 63 404 257 76 276 83 472 220 36 386 183 3 20 4 5 270 19 107 239 394 147 89 2
277 29 64 341 293 397 486 300 38 396 370 218 221 436 332 45 22 186 118 122 91 148 338 193 347 435 375 244 216 46 264 313 48 182 403 343 307 167 326 126 297 383 114 267 448
474 69 330 51 164 60 361 142 110 447 282 288 446 131 385 243 377 99 196 367 226 155 214 141 407 223 482 468 162 469 233 352 68 337 123 421 355 319 445 195 480 431 484 21 191 77 39 391 235 349 205
143 85 102 84 366 311 92 278 181 135 82 212 44 228 449 41 260 160 184 324 454 105 187 325 304 302 281 271 266 466 340 209 96 258 423 52 273 413 163 207 169 93 285 369 95
