5095
877 741 538 363 990 955 969 762 349 436 184 223 647 686 127 668 216 16 187 458 734 805 34 790 381 972 156 86 754 116 799 218 195 488 251 242 761 26 320 953 283 23 947 50 712 172 528 317 35 515 235 736 139 713 178 973 287 634 297 390 384 361 63 850 579 632 777 333 94 600 532
158 30 202 150 593 889 716 25 41 765 463 366 826 798 940 359 457 925 277 110 319 135 703 828 549 194 775 395 352 700 766 747 28 830 95 959 835 574 791 560 217 619 305 541 126 788 186 683 442 249 698 875 817 372 466 514 682 519 807 199 248 471 641 979 936 487 398 460 530
839 336 385 405 866 105 681 132 290 971 726 677 502 134 367 624 124 264 15 188 968 486 397 281 797 577 786 664 55 914 435 897 59 643 756 205 701 740 326 616 274 951 192 564 706 437 563 53 451 163 603 885 260 386 307 499 39 772 929 481 27 858 200 639 724 102 867 935 902 501 49 820 360
976 498 337 725 553 993 477 125 147 29 625 6 831 203 256 837 331 61 838 583 512 689 495 257 391 804 423 855 879 70 710 160 505 64 324 628 225 934 373 852 33 416 271 292 844 153 441 332 171 376 370 421 746 558 485 182 932 945 678 649 109 452 90 598 816 380 476 561 348
4 408 824 496 891 151 176 388 210 478 162 907 243 490 626 896 567 815 513 614 415 857 377 667 301 407 522 313 919 10 484 661 963 73 315 671 569 705 119 13 794 566 767 371 325 111 529 975 19 853 737 604 874 286 590 285 552 984 340 21 443 836 952 354 268 780 697 169 556 107 988 870
444 157 198 7 54 141 467 328 236 957 801 81 768 504 403 946 84 213 272 565 943 45 930 393 890 650 544 572 555 743 582 233 752 576 693 620 118 629 924 516 967 168 776 640 173 130 38 738 433 83 927 80 764 266 232 108 47 595 987 265 14 995 913 903 540 672 270 965 358 104
79 404 656 862 492 966 589 438 418 128 781 101 1000 115 851 159 31 893 636 204 950 197 430 114 812 446 302 575 997 872 42 876 449 996 183 425 227 494 783 846 748 489 103 74 152 193 410 880 191 920 654 526 473 662 821 149 32 755 246 36 758 899 461 427 368 525 303 910 219 983 659 684 545 314
76 651 37 863 228 535 719 645 751 803 895 917 293 221 937 536 321 428 597 814 52 207 327 887 750 605 247 335 479 813 66 923 562 113 571 581 915 789 596 521 507 718 422 351 146 400 673 214 948 468 773 472 811 299 222 65 685 389 177 92 240 847 660 241
258 537 723 770 774 882 465 40 709 420 374 11 580 559 977 802 933 344 60 91 482 806 346 208 226 298 459 57 279 304 827 311 440 623 174 261 417 295 611 20 587 958 362 77 617 282 666 245 100 796 129 708 922 330 175 982 785 144 964 704 394 848 615 148 445
954 602 648 165 447 212 294 267 760 48 497 810 17 926 3 699 670 591 711 369 143 453 883 455 961 900 273 483 861 771 357 469 237 843 229 745 276 106 728 692 470 694 353 448 117 687 599 97 518 238 859 793 542 878 322 429 960
155 493 573 164 607 550 825 901 68 782 527 338 93 255 343 592 1 296 928 722 744 986 753 792 759 819 735 658 763 548 181 406 112 211 46 8 67 75 209 691 989 12 309 524 500 474 364 58 739 252 161 399 849 613 655 731 89 871 720 991 970 688 609
138 588 341 864 508 942 44 506 894 547 401 120 631 732 892 475 944 289 884 402 275 140 676 382 99 695 439 131 612 779 833 551 137 154 840 909 702 696 180 123 179 51 378 43 269 263 992 523 396 757 206 886 56 618 916 905 912 426 166 999
231 87 431 657 365 224 262 727 854 69 136 355 717 856 730 733 291 520 342 633 974 769 578 133 190 22 586 288 462 450 239 142 250 509 635 122 78 652 121 434 308 96 387 167 18 491 646 608 832 334 610 818 278 842 981 674 809 375 714 669 622 318 939 350
873 531 24 9 998 510 638 413 546 339 98 411 419 534 585 675 653 822 644 347 511 949 5 584 841 201 2 253 956 784 707 306 690 980 88 71 215 62 906 539 196 921 312 918 938 300 665 787 800 517 630 941 454 323 749 432 834 663 931 601 189
868 383 543 554 392 808 220 185 904 424 778 356 145 570 170 606 978 329 284 379 503 881 715 259 680 409 85 310 729 721 860 898 464 72 557 594 230 865 568 845 869 345 795 742 280 316 642 994 456 480 414 234 627 962 412 637 911 829 888 254 908 679 823 82 533 621 244 985
