18466
185 113 424 204 373 219 409 261 140 478 494 278 336 399 125 316 42 25 188 382 208 148 338 160 315 317 414 321 392 429 262 72 190 230 202 380 246 83 472 220 473 109 444 231 393 286 455 323 358 175 55 166 402 2
474 69 330 51 164 359 350 311 92 40 492 425 489 74 128 35 487 131 28 379 418 247 398 213 227 471 111 401 327 32 120 485 356 7 238 488 254 130 334 365 124 301 115 21 126 81 169 93 285 384 339 89 439
287 259 452 242 108 420 121 300 38 396 289 33 224 447 498 283 139 272 385 390 37 91 449 41 260 214 159 324 43 30 59 1 467 443 116 313 210 276 346 362 249 195 480 431 275 441 268 426 371 267 101 438 205
255 203 328 234 165 134 453 500 110 291 412 372 417 217 476 459 8 329 269 145 173 407 197 26 138 364 305 374 451 353 296 24 460 405 94 90 408 48 182 36 386 183 3 484 274 314 297 383 114 391 394 100 23
17 136 80 18 298 366 306 66 174 303 75 292 458 360 229 71 176 118 122 415 410 290 62 34 496 433 184 279 14 454 105 187 325 63 404 257 245 215 266 466 340 354 363 479 179 464 237 413 309 461 161 475 172 440
277 29 64 341 293 84 60 361 142 200 181 135 82 212 44 65 377 497 495 127 348 422 312 223 430 256 468 162 469 244 216 46 264 381 79 428 252 403 209 96 258 310 177 171 146 58 49 349 295
265 284 477 199 395 463 335 88 370 253 322 189 156 483 47 151 87 12 228 400 201 411 434 481 241 427 73 233 352 68 337 123 137 421 154 225 31 198 132 423 52 273 357 53 470 150
143 85 102 397 168 106 133 211 387 70 389 282 288 446 117 243 331 406 99 196 367 226 155 157 342 437 240 9 344 304 302 281 271 192 450 333 13 149 280 248 6 104 432 163 119 207 239 235 448
158 11 368 129 103 98 170 153 320 194 345 27 294 263 462 78 15 97 376 232 152 499 456 442 493 76 67 378 10 251 86 236 112 416 191 77 39 457 369 95
308 180 318 54 486 491 419 351 61 218 221 436 332 45 22 186 57 388 16 465 193 141 222 482 347 435 375 299 250 206 50 490 144 355 319 445 343 307 167 326 20 4 5 270 19 107 178 147 56
