5095
839 258 651 573 164 607 141 447 808 220 185 751 136 355 717 203 159 624 732 520 110 197 430 114 812 446 275 327 455 855 876 409 900 661 963 73 205 119 13 748 489 951 915 416 50 217 563 880 441 728 692 524 378 473 43 269 421 746 523 396 757 829 888 109 375 714 540 672 270 615 104
158 337 725 363 990 955 24 9 998 904 510 638 120 127 631 216 892 1 534 585 884 402 822 544 572 156 511 949 160 505 752 923 740 594 230 852 33 345 795 742 280 316 332 400 362 736 139 832 252 287 634 849 842 981 674 222 248 471 641 704 380 476 561 348
877 741 202 405 864 467 328 236 41 765 778 356 826 798 17 925 277 614 415 734 805 34 790 792 759 586 288 710 279 406 315 142 576 693 846 261 74 789 306 690 53 844 305 387 539 654 500 456 442 249 285 875 817 372 97 911 945 678 649 354 452 903 878 720 983 659 684 358 314
976 79 157 198 553 993 477 125 147 29 184 223 647 686 256 802 636 943 342 633 393 301 407 577 786 887 750 605 484 310 729 721 756 251 242 761 26 320 373 909 168 696 640 718 179 35 515 235 673 713 764 266 232 108 47 595 987 265 14 995 850 579 632 777 94 601 148
873 537 862 341 224 762 349 436 781 6 48 134 559 977 343 926 583 512 670 591 986 143 453 883 676 961 449 5 584 324 835 2 253 956 516 209 295 712 172 975 19 738 196 646 370 282 178 468 773 472 682 368 982 785 144 964 219 49 965 660 939 350
954 336 656 492 543 554 550 212 942 40 709 420 374 917 293 170 565 321 91 482 806 346 208 522 313 555 766 747 28 830 95 494 783 623 174 840 78 152 691 276 173 308 96 191 167 18 312 918 938 590 149 992 558 485 182 443 427 618 65 685 389 556 107 545 189
444 602 648 165 438 418 44 506 894 547 401 497 668 272 419 188 968 675 653 650 644 42 462 450 799 861 841 250 701 225 934 635 67 192 564 707 271 980 88 71 163 603 470 77 474 364 58 739 666 245 100 796 129 708 461 330 361 731 724 102 177 936 487 398 460 530
30 408 824 493 7 54 535 719 645 69 81 101 1000 115 946 580 570 457 592 60 296 319 135 703 828 549 194 775 395 914 743 85 273 483 233 112 562 113 571 103 23 706 596 619 12 541 126 788 186 683 214 948 552 984 466 514 384 254 908 542 816 322 429 960 445
4 868 431 657 365 969 508 294 162 907 243 413 546 255 221 933 838 3 329 284 379 711 369 890 133 190 22 347 298 435 996 218 195 488 771 357 469 628 620 118 629 581 784 702 652 121 529 153 309 171 526 694 353 448 117 687 599 297 390 941 238 655 525 303 910 533 621 244 985
498 404 496 891 593 889 716 25 478 803 895 338 93 940 359 567 61 16 187 699 689 495 257 391 804 423 919 10 99 763 548 183 425 227 860 959 833 509 560 122 417 371 325 180 123 38 351 146 958 491 608 480 414 234 627 962 36 340 21 836 175 916 905 912 426 333 240 847 999
231 385 150 151 882 465 957 801 971 760 831 856 84 213 893 411 606 204 428 930 974 769 578 140 819 70 459 57 181 304 64 201 574 791 229 745 776 106 587 885 433 662 286 263 973 161 399 758 899 811 299 519 807 199 679 823 834 991 970 688 532
76 588 723 770 774 392 825 901 128 424 726 677 11 339 98 124 815 513 978 928 722 597 814 52 207 715 259 680 352 700 582 897 59 66 898 464 72 557 326 616 274 566 767 193 521 111 130 853 737 921 604 874 821 334 610 818 278 932 858 952 63 913 90 598 871 979 848 820 360
155 37 863 966 589 262 727 854 267 463 366 490 626 896 837 733 291 344 950 944 289 486 397 281 797 302 575 997 872 382 754 116 439 131 612 779 211 46 8 924 75 869 410 434 507 451 422 215 62 906 920 260 386 307 499 39 772 929 481 518 613 200 323 749 432 669 663 931 600 609
138 538 531 866 105 681 132 290 625 768 504 403 145 367 31 264 15 475 857 377 667 753 381 972 55 86 247 335 479 813 671 569 705 237 843 953 283 967 437 292 20 642 994 376 617 927 300 665 787 800 517 630 27 922 886 56 859 793 89 867 935 902 501 166 988 870
87 383 228 176 388 210 68 782 527 502 851 810 730 331 937 536 458 45 744 503 881 226 664 879 735 658 695 239 643 827 311 440 551 137 154 794 865 568 845 947 611 989 528 317 51 83 80 698 32 755 246 412 637 206 454 809 639 268 780 697 82 169 394 92 622 318 241
