18435
185 113 424 204 318 54 261 106 133 211 351 492 389 282 288 446 151 188 57 99 16 465 213 157 312 430 364 305 374 451 72 190 230 202 380 83 472 220 445 249 354 363 479 179 464 237 413 309 314 161 369 2
143 85 242 108 420 463 140 478 494 387 218 221 436 332 45 22 186 37 91 290 62 34 496 111 454 105 187 325 63 404 257 271 79 48 182 334 365 132 115 310 274 297 383 114 391 384 448
287 259 452 51 164 359 60 361 142 200 181 135 82 212 44 65 12 228 497 495 127 348 279 14 43 241 32 120 456 442 493 76 90 378 10 251 86 236 112 416 177 268 426 371 267 101 438 402 23
255 203 328 234 165 134 168 491 419 33 110 447 27 294 272 25 28 78 208 196 367 226 155 160 422 342 256 468 162 375 244 216 46 264 238 488 428 403 343 307 167 326 126 81 119 53 58 235 147 95
17 136 80 18 298 453 500 289 224 75 291 412 372 417 217 131 385 390 87 377 388 148 338 260 214 141 159 223 482 138 321 232 427 73 299 250 206 50 490 137 94 144 154 225 31 209 96 258 423 52 273 270 19 107 239 49 100 440
474 69 330 102 397 486 300 38 396 61 292 458 360 229 476 462 459 400 201 411 222 437 240 9 344 304 302 281 313 276 254 130 473 109 444 104 432 171 146 457 339 89 439
308 180 373 219 409 350 335 88 370 253 322 189 156 483 47 71 176 331 406 418 449 41 193 315 317 414 347 152 499 353 296 24 460 405 245 215 266 466 340 198 124 301 231 393 286 455 357 461 178 394 172 205
158 11 368 129 103 98 170 153 320 194 70 345 498 283 139 263 118 415 15 97 376 197 26 327 435 469 233 352 68 337 123 67 246 355 319 36 386 183 3 20 4 5 163 207 169 93 55 166 56
277 29 64 341 293 84 366 311 92 40 278 336 399 125 117 243 382 379 8 329 269 145 173 433 184 324 481 392 429 262 485 356 7 421 346 362 252 195 480 431 275 441 323 358 175 470 475 150
265 284 477 199 395 121 306 66 174 303 425 489 74 128 35 487 316 42 122 410 247 398 227 471 407 434 401 30 59 1 467 443 116 381 210 192 408 450 333 13 149 280 248 6 484 21 191 77 39 285 349 295
