13090
564 225 433 567 590 408 640 149 36 183 17 18 661 575 392 521 178 59 539 611 355 505 503 382 133 100 694 631 666 415 24 558 690 297 697 418 507 23 451 689 695 510 240 333 67 563 160 132 659 388 326 147 206 46 320 161 457 115 272 196 670 499 452 678 599
460 588 608 264 543 152 175 144 491 170 195 213 593 112 155 45 441 173 380 126 96 310 463 455 30 699 91 288 677 445 420 356 633 502 518 73 32 43 617 134 524 311 97 98 224 123 462 391 232 466 102 78 438 57 184 591 400 429
609 656 315 290 427 165 177 125 612 286 153 523 405 334 419 343 619 95 654 111 14 127 27 397 348 52 261 416 473 624 582 698 252 403 168 353 688 538 373 192 244 700 317 21 458 68 243 65 189 636 22 412 228 86 674 82 642 394 442 406 221 156 246 20 77 596
381 522 318 426 162 141 237 541 504 494 248 620 346 632 550 431 383 306 13 151 281 411 92 401 658 644 278 630 81 344 4 325 477 646 25 347 54 468 464 475 236 390 673 181 74 70 241 12 484 568 396 256 560 672 467 627 6 540 118 691 50
577 93 139 681 605 679 648 284 79 235 615 199 19 651 448 103 194 614 635 187 136 327 602 135 378 512 443 124 190 618 603 219 321 598 556 492 89 639 657 229 525 271 532 85 193 531 671 222 137 647 424 358 185 501 34 211 489
61 337 584 209 215 44 549 683 417 302 686 3 515 10 164 387 566 150 585 265 80 247 490 557 530 422 299 230 257 163 283 217 322 444 332 179 167 409 506 58 497 544 64 495 143 37 364 528 662 285 374 496 191 536 395 120 28 569 176 289 293 188
263 130 565 527 87 338 432 140 307 274 450 592 561 483 465 279 269 379 312 454 511 339 428 440 11 309 262 41 29 414 292 158 616 260 157 509 360 31 685 106 114 62 376 600 313 486 84 2 39 94 669 474 668 146 434 481 305
314 277 652 604 398 542 66 116 623 351 212 234 172 276 108 413 328 47 266 159 480 471 75 437 258 245 60 253 204 249 570 579 186 576 589 270 129 687 207 641 71 205 202 574 622 621 169 99 359 254 5 537 692 113 519
660 38 389 597 72 9 216 121 122 88 105 287 469 330 180 548 231 223 49 607 303 16 645 210 386 291 308 341 83 581 459 233 366 482 402 547 375 198 663 399 174 385 51 295 680 7 101 182 342 142 425 8 638 520 595
693 357 667 587 650 559 336 148 48 552 628 551 545 300 696 407 372 488 634 350 393 335 200 534 33 239 40 35 676 436 69 478 508 377 15 546 529 435 255 267 500 53 218 370 571 128 578 107 404 345 625 275 498 214 1 535 456 166
653 586 601 684 423 554 131 273 606 55 268 226 493 354 626 613 439 250 514 637 461 301 664 319 485 110 365 487 384 533 201 220 203 90 117 476 447 649 331 472 294 421 572 573 362 259 154 513 323 410 298 553 296
316 367 304 197 76 665 629 329 251 583 145 643 479 655 242 282 526 368 516 352 430 104 449 361 453 369 42 371 682 63 594 517 238 56 208 562 675 138 610 340 171 109 555 119 280 26 580 446 363 227 324 470 349
