18450
277 424 204 80 18 164 359 350 335 88 194 70 221 436 332 45 22 186 390 87 406 99 418 16 465 213 157 433 222 482 256 305 374 451 250 206 50 490 137 94 408 378 36 386 183 3 20 52 273 413 163 119 207 239 285 384 402 440
308 180 318 54 486 306 66 174 303 336 399 125 217 131 385 243 377 388 367 269 145 173 141 407 197 26 481 468 162 375 299 456 442 493 271 192 266 466 340 334 365 124 301 231 393 286 455 323 358 175 470 101 438 150
185 143 85 242 108 420 463 140 478 494 33 224 425 489 74 128 35 487 316 44 28 78 208 148 338 260 160 422 184 279 43 241 427 73 233 352 68 337 123 450 333 13 149 280 248 6 484 21 191 77 114 391 49 339 89 439
287 259 452 51 84 60 361 142 200 345 498 283 139 117 118 122 415 91 449 41 193 159 317 14 364 32 120 485 356 7 245 276 48 182 198 132 112 416 177 171 146 314 475 172 448 23
113 29 64 341 293 298 453 500 351 218 292 458 360 229 476 65 462 12 228 497 495 127 348 315 401 327 392 429 262 72 190 230 202 380 154 225 10 209 96 104 432 81 169 93 267 100
265 284 477 199 395 366 311 92 278 75 291 412 372 417 42 25 459 196 247 398 227 471 312 324 232 152 499 353 296 24 460 405 144 79 428 252 403 343 307 167 326 126 309 461 178 394 147 95
158 11 368 129 103 261 106 133 211 387 492 389 27 294 272 57 15 97 376 223 138 30 59 1 467 443 116 313 210 90 83 472 220 445 249 354 363 479 179 464 237 268 426 371 55 166 56
255 203 328 234 165 134 168 491 419 40 61 181 135 82 212 263 331 400 201 411 342 437 321 240 9 344 304 302 281 381 215 67 246 254 130 195 480 431 275 441 357 53 58 235 295
474 69 330 102 397 98 170 153 320 289 110 322 189 156 483 47 71 176 37 8 329 226 155 214 434 414 347 435 469 244 216 46 264 238 488 355 319 473 109 444 115 310 274 297 383 39 457 349 205
17 136 373 219 409 121 300 38 396 370 253 447 282 288 446 151 188 382 379 410 290 62 34 496 111 430 454 105 187 325 63 404 257 76 421 346 362 31 251 86 236 258 423 4 5 270 19 107 161 369 2
