5095
976 155 337 725 363 990 955 864 467 328 236 41 44 904 803 895 502 946 896 98 359 567 264 892 321 91 482 806 346 578 133 190 22 676 382 449 310 218 195 488 251 242 761 740 320 794 865 74 168 271 980 123 19 587 515 524 500 456 713 249 698 32 755 246 412 637 443 238 323 749 389 169 556 107 545 314
839 30 87 651 431 198 150 966 589 508 294 69 136 778 356 413 546 559 977 343 815 513 583 512 734 805 34 790 453 883 347 876 409 85 273 813 227 142 576 693 623 174 230 924 78 706 276 130 317 309 400 491 646 43 269 821 665 787 800 929 481 899 811 299 793 89 672 426 533 621 244 104
877 404 493 573 164 224 438 418 957 625 709 420 374 851 127 730 331 61 16 187 1 3 928 722 744 986 143 302 575 997 680 352 700 582 439 315 671 569 705 72 557 594 560 581 516 967 121 718 179 332 18 312 662 499 875 817 372 466 514 682 254 908 542 910 49 820 360 445
954 408 824 862 492 543 151 882 465 29 781 101 1000 115 134 255 31 926 978 950 670 591 393 301 653 650 644 455 855 710 996 239 643 827 311 440 2 253 956 33 691 410 111 844 305 541 126 788 196 694 353 739 764 266 232 108 47 595 858 109 375 714 598 867 834 394 848 615 148
158 741 202 383 770 24 9 998 751 81 768 504 403 120 570 272 344 296 944 289 884 402 822 327 887 750 605 459 57 279 28 830 64 324 835 574 791 748 489 951 852 702 696 795 742 280 38 603 885 526 474 364 263 973 287 634 297 390 941 454 809 679 823 177 991 970 688 985
498 537 341 607 550 212 942 128 506 894 547 831 856 17 636 60 534 585 397 281 797 381 972 819 735 484 661 483 861 771 112 119 113 571 122 417 295 690 180 528 387 642 958 362 77 617 282 178 234 627 962 485 182 206 461 981 674 222 65 685 579 936 487 398 460 530
231 385 531 554 866 392 825 901 765 463 366 401 686 339 668 592 204 475 45 930 711 369 890 792 759 55 914 462 450 160 59 66 923 562 13 229 103 23 416 193 292 20 351 51 470 736 139 832 666 245 100 796 129 708 886 56 859 639 268 903 878 720 94 600 609
4 868 588 553 723 891 593 105 681 132 290 184 223 907 243 826 798 367 624 291 520 614 857 377 667 753 275 140 919 298 435 763 548 181 304 357 469 237 843 953 767 776 611 529 153 853 186 370 938 414 558 36 340 21 922 384 618 913 90 540 979 380 476 988 870
444 538 496 165 447 808 220 185 801 971 760 48 497 810 837 170 838 342 633 114 812 446 804 423 555 743 949 963 73 752 898 628 620 118 629 283 915 564 789 306 437 172 975 191 920 654 376 608 286 590 746 39 772 517 630 518 613 368 916 102 632 219 92 622 318 241
76 336 656 993 477 889 716 25 478 162 647 490 626 256 84 213 216 565 458 428 597 503 881 522 313 156 86 247 335 479 729 721 131 612 779 464 225 934 261 192 869 652 989 507 451 422 215 35 235 683 442 334 610 818 278 945 427 200 519 807 199 248 780 697 82 777 333 240 847 660 939 350
79 157 657 365 969 762 349 436 510 638 11 580 631 457 925 277 188 968 486 814 52 207 544 572 879 70 658 183 425 756 841 250 211 46 8 67 75 209 325 434 106 738 171 378 473 874 58 448 117 687 599 97 836 655 731 724 432 935 902 983 659 684 561 348
648 141 176 388 210 68 782 527 203 733 411 15 329 319 135 703 828 549 194 775 395 961 900 5 584 205 701 551 137 154 840 745 784 152 50 217 640 619 12 62 167 433 83 927 300 149 992 523 396 757 27 932 829 888 361 63 850 905 912 501 166 999
138 37 863 228 535 719 645 40 6 338 93 159 802 937 536 110 197 430 974 769 208 226 872 42 10 99 695 897 505 860 959 833 846 373 909 707 596 563 173 308 96 163 441 728 692 260 386 307 421 285 552 984 758 911 330 175 982 303 871 816 322 429 960
873 7 54 262 727 854 267 355 717 917 293 221 893 933 606 943 699 689 675 407 577 786 664 511 766 747 406 95 494 783 26 326 616 274 566 845 371 712 521 88 71 316 146 737 673 480 80 252 161 399 849 842 678 649 952 354 452 471 641 669 663 931 601 358 189
258 602 405 774 125 147 424 726 677 145 940 124 732 419 415 284 379 495 257 391 715 259 586 288 754 116 799 233 201 509 635 568 947 345 53 880 906 539 994 921 604 918 214 948 468 773 472 987 265 14 995 525 785 144 964 704 270 965 532
