13090
61 381 38 433 681 605 336 338 612 552 615 628 551 545 300 696 265 80 526 368 516 352 505 503 382 133 694 443 124 190 618 603 219 321 451 689 695 56 208 509 360 476 447 340 271 532 568 119 84 2 39 424 625 275 246 20 77 596 595
653 586 565 527 597 554 131 141 251 79 235 515 620 199 354 626 613 439 250 490 557 530 422 299 230 257 163 512 440 322 288 677 445 420 29 414 366 168 353 688 54 510 639 657 317 97 71 385 51 622 222 404 101 182 342 363 227 118 691 50
460 609 277 656 543 152 175 237 541 286 153 523 226 387 566 150 441 173 279 269 379 312 454 511 339 428 75 217 485 110 676 436 69 502 158 616 468 464 240 333 138 610 98 12 484 496 555 396 46 320 102 672 359 142 425 8 638 520
564 225 209 215 87 165 679 648 302 686 3 164 234 172 276 108 380 514 637 461 301 699 361 245 473 253 204 698 252 403 508 377 546 192 134 524 311 67 70 160 224 123 421 572 573 206 578 137 647 154 513 323 410 298 553 296
314 608 139 426 76 665 629 66 116 623 36 213 593 405 334 419 585 407 372 111 14 127 27 397 348 52 100 631 666 415 24 558 690 297 697 418 507 186 598 556 238 492 157 687 207 641 241 132 659 388 571 128 536 107 26 580 345 438 57 184 591 400 429
316 367 304 264 423 567 590 329 640 149 583 145 10 643 479 655 242 282 95 654 488 634 16 645 210 449 239 308 341 83 581 459 233 478 576 589 270 15 64 475 236 390 673 181 37 364 171 109 326 193 232 680 78 221 569 176 537 692 113 519
693 130 389 587 650 559 216 273 606 55 112 592 19 483 465 178 59 539 611 355 393 335 200 534 319 291 40 35 365 325 477 646 518 73 32 373 129 244 700 229 500 243 65 189 636 574 147 86 259 560 7 196 6 540 289 535 456 166
660 93 522 318 398 72 9 408 121 195 183 17 268 346 632 550 431 383 413 328 47 266 350 602 480 471 644 278 630 444 332 179 249 570 579 533 482 402 547 375 495 143 21 106 528 662 285 202 295 486 671 280 457 94 627 156 670 499 452 678 599
588 357 667 162 144 148 432 351 212 493 330 180 548 619 247 126 96 430 104 386 437 416 81 344 4 167 409 201 220 203 90 198 663 458 68 53 205 374 85 191 228 466 99 120 272 442 406 358 185 501 34 211 489
337 584 652 604 542 683 417 140 307 274 450 18 661 575 392 521 306 13 151 281 411 92 401 658 33 258 11 309 262 41 356 633 23 506 58 497 544 260 435 255 31 685 525 331 472 294 462 391 621 531 674 82 642 394 467 446 498 214 1 293 188
577 197 44 549 491 170 48 504 494 248 155 45 343 231 223 49 607 303 327 159 455 30 664 261 91 60 624 582 487 384 292 25 347 538 43 617 562 675 399 563 649 218 370 22 412 362 256 395 669 474 668 146 324 470 349
263 601 684 315 290 427 177 125 284 122 88 105 287 469 561 651 448 103 194 614 635 187 136 310 463 135 378 283 453 369 42 371 682 63 594 517 529 89 117 267 74 174 114 62 376 600 313 169 161 115 28 254 5 434 481 305
