20342
308 64 341 293 54 261 106 133 211 351 110 345 399 125 263 28 78 208 15 97 376 184 324 347 152 499 353 296 206 68 337 123 137 94 90 428 403 343 307 167 275 441 357 53 58 49 100 440
265 284 477 199 395 168 170 153 396 33 224 75 292 458 360 229 131 385 122 410 290 62 34 496 315 317 481 468 162 469 244 302 281 202 79 48 182 149 280 248 6 464 237 81 169 93 394 172 448 23
255 180 129 103 98 335 88 194 218 322 189 156 483 47 71 176 459 415 388 148 338 260 214 433 223 401 327 392 429 262 485 356 404 257 271 192 246 450 333 13 251 86 236 112 416 273 413 163 119 207 239 55 166 205
287 424 204 318 298 366 311 92 40 278 181 135 82 212 44 65 462 188 57 99 8 329 269 145 173 141 222 437 374 451 72 190 230 76 488 154 225 10 473 109 444 231 393 286 455 309 461 161 475 56
185 11 452 242 108 420 463 140 478 494 387 336 282 288 446 117 243 12 228 91 247 398 227 422 279 482 256 241 427 73 233 352 46 264 238 355 319 445 249 334 365 124 301 326 126 191 77 39 391 235 439
277 29 330 51 84 453 320 289 70 447 498 283 139 272 390 382 497 495 127 348 312 26 138 240 9 344 304 50 490 421 83 472 220 252 195 480 431 484 274 314 297 383 175 470 369 402
474 69 85 102 397 121 300 361 370 253 389 27 294 151 37 379 449 41 193 111 430 454 32 120 456 442 216 381 215 67 266 466 340 354 363 479 179 310 5 270 19 107 178 101 349 295
17 259 328 234 165 134 60 306 66 174 303 492 221 436 332 45 22 186 118 400 201 411 197 414 364 305 105 187 325 63 24 460 405 245 144 254 130 209 96 115 21 432 171 146 457 147 150
158 136 80 18 164 359 486 491 419 142 200 291 412 372 417 217 476 331 406 418 16 465 213 157 407 342 14 43 30 59 1 467 443 116 313 210 276 346 362 31 198 132 258 423 4 52 268 426 371 285 384 339 89 2
113 203 368 143 373 219 409 350 500 38 61 425 489 74 128 35 487 316 42 25 87 377 196 367 226 155 160 471 159 434 321 232 435 375 299 250 7 493 380 408 378 36 386 183 3 20 104 177 323 358 114 267 438 95
