5182
444 537 341 165 125 147 478 136 355 717 497 810 559 977 802 636 1 3 534 585 884 402 133 140 42 10 435 766 747 28 131 205 705 464 740 326 616 274 951 915 691 611 20 853 737 260 312 662 286 698 32 755 246 36 340 21 443 330 618 749 389 902 848 240 847 460
231 602 657 365 535 719 294 765 760 826 798 256 84 343 815 15 475 928 722 744 986 753 226 664 879 70 754 116 813 771 923 623 174 230 852 209 706 410 795 975 19 603 470 921 694 353 448 117 687 481 842 682 361 916 432 979 380 476 545 532
498 741 493 993 477 176 388 210 128 267 778 356 145 730 331 61 344 978 329 284 379 495 257 391 190 22 347 876 247 949 963 584 494 783 2 253 956 417 776 640 619 12 587 885 433 617 927 300 334 39 772 929 47 595 858 519 222 65 685 579 816 322 429 960
839 258 725 383 543 969 438 418 957 801 424 647 851 127 570 937 536 699 670 591 711 369 143 381 972 156 605 658 695 897 505 841 201 574 791 840 283 767 371 563 53 123 179 539 994 604 918 938 414 234 558 485 182 899 811 299 807 199 913 90 598 871 720 983 663 931 600 609
877 155 337 496 891 593 889 716 25 41 904 510 243 11 896 837 733 925 277 91 482 806 346 578 822 327 887 750 710 279 861 142 576 693 72 557 594 953 581 516 845 416 345 276 742 280 38 309 958 500 456 421 666 245 287 634 758 514 384 254 63 850 905 910 49 965 660 939 350
954 157 990 955 228 447 212 942 69 81 101 1000 115 946 159 624 291 513 458 734 805 34 790 792 759 55 86 409 900 763 548 218 195 488 752 898 628 26 320 373 909 967 193 980 880 906 920 186 683 713 948 875 817 372 466 27 932 238 859 793 303 834 936 621 244 104
76 336 588 553 723 770 774 882 465 68 782 420 374 413 546 98 359 567 926 583 950 944 289 814 52 207 715 259 586 298 335 310 729 721 756 251 242 761 225 934 261 568 869 217 111 451 163 351 51 692 362 77 139 832 665 787 800 517 630 708 461 981 674 809 639 724 102 82 777 533 318 241
4 408 824 37 863 966 589 467 328 236 506 894 547 831 203 339 213 170 565 110 197 430 114 812 446 208 522 313 819 735 484 483 233 827 311 440 509 635 122 75 707 306 712 292 528 541 126 400 376 370 282 178 973 161 399 849 945 427 908 679 823 935 219 394 92 622 820 530
868 431 573 164 151 392 825 901 29 625 768 504 403 502 856 293 221 732 838 60 296 45 930 974 769 453 883 680 961 449 996 181 304 612 779 562 13 229 168 271 989 507 718 422 215 62 332 196 491 386 307 499 992 523 396 757 911 678 649 109 375 714 697 177 991 970 688 985
976 138 385 405 607 550 808 220 185 162 527 490 626 367 31 272 419 857 377 667 301 407 577 786 676 511 661 160 59 643 66 569 211 46 8 865 947 690 173 130 738 235 83 442 249 285 552 984 278 206 836 655 731 89 867 669 333 94 601 358 189 314
79 651 363 492 224 762 349 436 781 6 463 48 134 668 216 520 321 428 597 393 890 650 644 455 855 352 700 273 239 830 227 64 324 833 846 748 560 67 74 564 789 596 521 88 71 317 35 515 654 526 673 214 263 610 818 599 297 390 613 368 982 785 144 964 704 426 487 398 360 870
30 87 198 648 864 262 727 854 44 184 223 907 638 917 940 124 264 892 614 415 689 486 397 281 797 302 575 997 872 382 99 57 5 406 315 671 250 119 113 571 566 78 702 652 172 844 153 191 167 524 378 473 874 58 739 252 100 796 129 829 888 952 354 452 471 641 672 659 684 561 348
538 531 24 9 998 751 803 895 120 255 893 411 606 204 188 968 675 653 275 544 572 555 743 85 479 439 95 860 959 835 620 118 629 924 192 295 696 529 305 387 146 171 474 364 590 746 468 773 472 518 922 886 56 200 323 525 542 912 501 166 999
158 404 656 862 7 54 141 508 645 40 709 366 401 686 580 17 933 16 187 512 319 135 703 828 549 194 775 395 914 459 582 183 425 357 469 237 843 489 745 784 152 437 121 434 106 441 728 788 736 43 269 80 764 266 232 108 97 941 454 175 248 903 540 169 556 107 988
873 202 150 554 866 105 681 132 290 971 726 677 338 93 631 457 592 943 342 633 503 881 804 423 919 288 462 450 799 73 112 701 551 137 154 794 103 23 33 50 325 180 308 96 316 642 18 646 608 480 821 149 627 962 412 637 987 265 14 995 268 780 878 632 270 615 148 445
