13640
61 337 584 656 426 162 175 116 140 307 274 450 164 234 172 276 108 439 250 514 49 303 327 602 480 471 319 630 11 309 445 420 356 233 292 201 220 203 56 208 639 657 317 21 500 243 65 224 123 462 326 193 362 674 82 672 580 359 358 176 20 77 596 595
314 608 264 605 679 648 284 79 235 615 469 561 651 431 383 380 126 96 310 505 503 534 75 91 288 677 618 603 219 403 576 589 270 64 134 524 311 138 70 71 205 374 600 412 232 680 26 28 142 425 184 591 293 456 166
660 93 522 318 567 590 66 491 170 48 552 105 155 655 448 103 194 614 635 269 607 266 350 230 257 30 664 258 245 110 204 297 697 418 633 23 451 689 695 510 495 143 685 106 364 385 51 313 486 256 395 39 115 272 442 196 6 540 499 452 678 599
693 601 684 543 542 408 640 606 55 620 346 632 550 180 548 231 223 187 136 430 104 449 694 631 81 344 4 698 252 682 518 73 32 373 492 157 687 673 181 37 53 528 662 285 202 22 555 86 536 280 560 446 363 185 298 553 296
588 38 389 215 554 131 141 177 125 612 686 3 643 479 566 150 585 265 80 247 490 557 530 422 299 393 335 200 386 261 416 666 415 24 558 690 487 384 502 158 616 43 617 562 675 68 241 189 636 574 573 671 169 102 394 94 669 474 668 146 537 692 400 429
225 565 527 76 44 549 237 541 286 153 523 405 334 419 343 407 372 488 634 16 645 210 699 60 332 179 249 570 579 186 598 556 129 475 236 390 207 74 610 98 271 532 85 147 396 466 99 7 101 627 323 410 434 481 305
263 130 139 681 398 72 9 336 338 149 504 494 248 268 628 354 626 613 282 526 611 355 463 135 378 512 278 291 453 369 42 371 414 366 482 402 547 375 117 267 97 160 132 659 388 571 128 578 161 642 467 406 5 289 535 188
577 304 197 587 650 559 216 417 302 583 145 515 10 226 493 330 242 619 95 654 111 14 127 92 401 658 133 239 443 124 253 365 325 477 646 25 347 54 468 464 198 663 447 649 12 484 295 531 46 320 2 120 513 156 246 501 34 211 489
653 586 277 652 604 152 329 251 36 183 17 592 551 545 300 696 178 59 539 368 516 352 159 455 163 52 33 361 485 40 190 262 41 29 507 63 594 517 260 240 333 67 525 218 370 391 621 206 259 404 182 342 438 227 8 638 520
381 357 667 315 87 683 148 432 351 212 287 387 575 392 521 413 328 47 281 411 461 301 382 100 322 473 624 582 167 409 506 58 497 544 238 529 89 435 255 31 399 174 331 472 294 421 568 119 84 647 154 345 254 670 324 470 349
460 609 209 423 290 427 165 144 273 623 122 88 199 19 483 465 306 13 151 312 454 511 339 428 283 217 308 341 83 581 459 321 478 508 377 15 90 244 700 229 458 563 340 171 109 496 191 228 222 137 424 221 569 57 118 691 50
564 316 367 433 597 665 629 121 195 213 593 112 18 661 45 441 173 279 379 637 27 397 348 644 437 440 444 35 676 436 69 533 168 353 688 538 546 192 509 360 476 641 114 62 376 572 622 107 457 78 625 275 498 214 1 113 519
