18435
143 85 373 219 409 261 311 92 40 224 221 436 332 45 22 186 243 12 208 497 495 127 227 422 184 197 26 481 468 162 375 299 250 206 50 490 245 144 246 408 450 333 13 209 96 231 393 286 455 323 358 175 470 475 339 402 2
265 284 477 242 108 420 463 140 478 494 387 70 291 412 372 417 217 476 28 382 99 418 8 329 226 155 160 433 222 437 321 240 9 344 353 296 24 460 405 94 90 378 149 280 248 6 464 237 270 19 107 239 55 172 439
255 203 328 234 165 134 366 335 88 278 447 282 288 446 117 390 37 379 196 400 201 411 279 43 241 427 73 233 352 68 337 123 313 210 276 83 472 220 445 354 363 479 179 104 432 163 207 169 93 267 101 349 150
308 180 199 395 359 486 491 419 194 389 27 294 263 331 377 410 247 398 213 157 315 430 256 32 120 485 356 7 76 79 428 252 403 343 307 167 326 126 81 119 53 49 56
113 424 204 318 54 121 300 38 396 370 492 425 489 74 128 35 487 151 459 91 449 41 260 496 407 434 414 347 435 469 244 216 46 264 192 266 466 340 198 132 258 423 52 273 413 171 146 58 235 438 295
287 259 452 51 164 350 306 66 174 303 218 322 189 156 483 47 131 385 78 148 338 348 324 454 105 187 325 456 442 493 271 355 319 10 473 109 444 275 441 357 461 178 394 147 89 440
158 11 368 129 103 168 106 133 211 351 61 345 498 283 139 71 176 87 122 415 388 290 62 34 214 141 159 317 401 364 305 30 59 1 467 443 116 381 215 67 48 182 334 365 124 301 115 310 274 297 383 114 391 384 205
185 474 69 330 102 397 98 170 153 320 289 33 110 336 399 125 316 42 25 188 57 16 465 193 223 14 138 374 451 63 404 257 137 421 346 362 31 251 86 236 112 416 177 268 426 371 285 166 448 23
17 136 80 18 298 453 500 200 75 292 458 360 229 272 118 228 367 269 145 173 471 312 342 327 392 429 262 72 190 230 202 380 154 225 249 195 480 431 20 4 5 309 314 161 369 95
277 29 64 341 293 84 60 361 142 253 181 135 82 212 44 65 462 406 15 97 376 111 482 232 152 499 304 302 281 238 488 254 130 36 386 183 3 484 21 191 77 39 457 100
