13090
314 565 527 597 554 131 329 116 623 36 213 593 164 234 354 431 383 178 59 539 47 266 350 393 335 200 644 239 443 124 190 618 487 384 533 25 347 54 64 475 236 390 207 399 70 243 205 202 462 412 232 671 256 82 120 115 424 221 363 227 324 470 349
653 586 656 665 629 251 286 153 287 469 330 626 613 265 306 13 151 281 411 602 455 30 386 278 322 11 309 262 41 356 633 502 158 616 43 617 562 675 97 271 532 391 578 107 102 442 196 6 540 289 293 188
61 381 93 522 318 587 542 417 432 140 307 274 450 155 45 585 407 372 488 634 461 301 283 440 40 35 676 436 69 478 576 589 270 15 375 240 333 500 53 528 662 285 374 572 573 362 259 404 580 28 254 5 118 691 50
263 130 264 423 398 152 175 679 648 686 3 643 387 300 696 439 250 490 557 530 422 299 92 401 658 319 631 473 253 204 603 219 321 518 73 32 373 468 464 639 657 317 21 138 563 340 12 484 295 396 222 137 154 406 323 670 499 452 678 599
225 209 315 650 559 216 640 149 552 615 199 19 651 448 103 194 614 635 187 136 327 159 480 471 52 33 291 666 415 24 558 690 297 697 418 507 186 508 377 238 56 208 687 673 181 447 65 62 376 600 326 193 531 46 320 2 39 359 358 185 501 34 211 489
693 38 433 681 87 144 273 48 351 212 592 334 419 548 231 223 49 607 303 16 645 210 664 100 258 245 444 332 179 249 570 579 292 451 689 260 117 476 106 364 218 370 388 313 228 119 395 672 272 669 474 668 146 298 553 296
316 367 304 197 567 590 141 177 125 612 79 235 523 405 172 276 108 413 328 611 355 430 104 699 361 81 344 4 167 409 506 58 497 544 695 510 509 360 31 641 71 385 51 85 191 169 457 627 275 498 214 1 535 456 166
337 584 389 215 44 549 683 148 302 122 88 105 479 566 150 441 282 526 368 516 352 463 135 378 534 75 437 694 485 110 365 325 477 646 598 556 129 198 663 37 98 331 472 294 574 622 621 486 680 560 7 101 182 342 569 176 434 481 305
564 660 608 139 426 162 66 338 195 183 17 268 18 661 575 392 521 380 514 637 230 257 163 512 91 60 624 582 698 252 403 168 353 688 538 90 244 700 229 458 68 114 189 636 22 555 84 642 78 438 57 184 591 400 429
577 601 684 76 72 9 408 121 284 583 145 515 10 226 493 561 483 465 279 269 379 312 454 511 339 428 133 217 308 341 83 581 459 233 23 201 220 203 492 157 495 143 174 160 224 123 496 147 86 466 99 467 446 142 425 8 638 520 595
460 609 277 652 604 605 336 237 541 504 494 248 620 346 632 550 180 343 619 95 654 111 14 127 27 397 348 449 630 453 369 42 371 682 63 594 517 546 529 89 435 255 267 685 74 610 649 171 421 568 674 161 647 394 94 345 625 410 537 692 113 519
588 357 667 543 290 427 165 491 170 606 55 112 628 551 545 655 242 173 80 247 126 96 310 505 503 382 261 416 288 677 445 420 29 414 366 482 402 547 192 134 524 311 67 525 241 132 659 109 571 128 206 536 280 26 513 156 246 20 77 596
