5095
158 30 337 725 573 492 543 151 882 465 478 136 355 717 826 798 570 457 815 15 950 197 430 114 812 446 302 575 997 872 55 914 658 695 239 830 251 324 574 791 261 168 180 106 35 515 654 378 473 874 300 665 787 800 929 481 390 613 952 222 65 685 579 177 991 166 988 870
976 336 602 405 607 550 808 220 185 751 510 243 490 626 256 668 636 512 319 135 703 828 549 194 140 42 10 484 661 813 142 576 693 2 253 956 78 696 529 975 163 603 235 683 442 252 523 396 758 514 238 859 793 542 697 704 501 615 104
954 741 538 383 770 24 9 998 69 81 101 1000 115 946 580 17 61 16 187 943 284 379 884 402 715 259 156 86 409 900 450 160 59 643 827 205 705 119 113 571 122 417 776 410 111 718 179 332 958 362 312 662 286 590 746 875 817 372 466 708 443 836 361 916 90 878 169 394 92 622 820 360 445
839 138 198 553 723 891 589 262 727 854 44 184 223 647 203 896 98 359 291 344 110 734 805 34 790 381 972 819 735 99 57 439 95 242 761 225 13 229 103 23 33 706 437 121 434 507 451 587 885 491 386 307 421 334 627 962 36 297 932 945 384 109 982 785 144 964 720 270 965 660 939 350
498 824 37 863 593 105 681 132 290 162 907 638 11 127 940 124 925 277 978 342 633 814 52 207 759 586 382 743 949 5 584 771 357 469 237 843 953 283 516 564 295 193 521 123 19 316 642 994 376 608 480 739 285 552 984 340 21 829 888 254 908 303 871 902 556 931 107 545 314
4 868 862 150 966 889 438 418 957 625 768 504 403 851 810 84 221 732 419 45 744 503 881 577 786 887 298 459 582 897 505 311 440 72 557 326 616 274 566 845 416 712 795 742 280 62 167 433 604 918 214 948 468 773 472 987 265 14 354 452 389 82 322 429 960
258 385 657 365 969 762 349 436 904 803 895 145 730 331 264 892 1 3 699 670 591 711 369 143 453 883 347 876 247 335 479 218 195 488 494 783 623 174 230 581 74 707 50 217 292 308 96 38 351 51 692 470 77 139 832 764 266 232 108 47 595 981 674 639 749 432 669 970 688 532
155 363 648 864 467 328 236 29 267 463 366 413 546 367 31 893 926 321 91 482 806 346 208 522 313 555 710 996 181 304 841 250 211 46 8 915 563 53 844 305 309 617 353 448 117 687 599 97 941 454 995 850 905 912 777 533 621 244 985
79 157 531 774 716 25 41 781 6 48 497 159 624 170 513 583 475 944 289 486 397 281 797 804 423 919 288 462 310 729 721 227 64 201 562 934 794 745 947 271 640 528 387 146 737 260 474 364 58 414 973 161 399 757 27 461 678 649 175 375 714 598 632 426 49 318 241
877 404 656 7 54 141 125 147 128 971 760 831 134 559 977 802 937 536 329 689 495 257 391 226 664 879 352 449 279 406 315 671 569 628 846 748 489 951 852 784 152 652 980 153 191 920 186 456 499 234 39 772 517 630 899 811 299 519 807 199 679 823 834 663 600 609
408 588 993 477 535 719 645 40 709 420 374 917 631 216 520 204 188 968 986 753 792 775 395 961 85 273 483 861 66 923 551 137 154 840 75 209 702 306 345 172 880 906 539 196 673 713 249 698 32 755 246 412 637 206 682 618 731 724 102 910 936 487 398 460
873 537 496 554 866 392 825 901 801 424 726 677 401 120 255 343 592 614 415 857 377 667 301 407 133 190 22 680 70 754 116 799 233 112 26 320 373 909 967 869 325 88 71 317 853 400 736 43 269 821 149 992 287 634 849 842 922 886 56 200 323 248 471 641 979 848 240 847 999
444 202 990 955 228 508 942 68 782 527 502 856 837 733 411 606 534 585 675 653 275 544 572 750 605 700 766 747 28 131 612 779 833 509 635 865 568 789 596 276 173 130 422 215 441 728 524 500 646 370 282 178 100 796 129 858 655 268 780 867 935 219 380 476 358 148 530
231 87 493 341 165 447 212 294 765 778 356 338 93 293 567 933 565 458 428 930 974 769 578 822 327 676 511 963 73 752 898 701 740 594 560 67 192 371 690 619 12 541 126 788 18 921 694 927 80 666 245 558 485 182 911 427 809 63 913 903 540 672 659 684 561 348
76 651 431 164 224 176 388 210 506 894 547 686 339 213 272 838 60 296 928 722 597 393 890 650 644 455 855 435 763 548 183 425 756 860 959 835 464 620 118 629 924 767 691 611 989 20 738 171 526 83 938 263 610 818 278 518 330 368 525 89 816 983 333 94 601 189
