24404
158 136 204 80 18 165 134 168 106 133 211 194 70 389 282 283 22 476 406 148 338 193 433 222 26 481 468 162 375 72 7 493 313 210 90 83 472 220 403 209 96 115 21 191 77 39 391 384 440
255 180 129 103 463 140 174 303 75 292 458 360 294 487 186 118 122 497 495 127 227 422 184 197 256 105 187 325 63 24 460 405 245 215 67 355 319 445 249 334 365 132 275 441 323 107 239 285 369 95
308 330 199 395 359 453 500 38 200 181 135 82 212 316 263 462 459 208 8 329 226 155 160 279 482 321 240 9 73 299 456 356 443 337 381 192 428 10 343 307 167 484 274 432 171 53 457 147 56
287 29 64 318 84 366 335 88 370 253 291 128 35 288 229 131 385 87 12 228 367 269 145 173 471 407 223 437 30 344 262 485 190 230 238 488 346 362 31 195 480 248 6 326 126 357 358 58 49 100 2
113 203 341 54 298 170 153 396 92 40 278 218 221 436 332 45 44 65 28 415 410 290 62 34 214 111 414 232 152 499 353 296 206 68 123 271 408 378 252 473 109 444 231 393 286 455 426 371 161 475 150
17 259 328 234 293 98 306 320 289 33 224 74 336 412 372 417 217 117 390 37 99 196 247 398 496 312 342 14 347 435 427 1 467 264 94 79 48 182 354 363 431 258 423 4 52 270 19 146 314 394 89 439
474 69 85 102 397 486 491 419 351 110 447 27 139 272 243 331 377 400 201 411 43 241 32 120 304 50 46 116 380 266 466 340 198 124 301 112 416 273 413 309 461 178 235 349 295
277 424 368 143 373 219 409 60 361 142 61 425 489 399 446 151 78 418 91 449 41 260 348 324 454 429 469 244 302 490 137 276 450 333 13 149 280 479 179 310 5 163 207 169 93 267 438 172 205
265 284 477 242 108 420 121 300 66 261 387 492 322 189 156 483 47 71 176 382 388 16 465 213 157 315 317 401 327 392 451 250 257 442 216 76 144 246 254 130 251 86 236 464 237 297 383 175 55 166 448
185 11 452 51 164 350 311 478 494 345 498 125 42 25 188 57 379 15 97 376 141 159 434 430 138 364 305 374 59 233 352 404 281 202 421 154 225 36 386 183 3 20 104 268 177 81 119 114 470 101 339 402 23
