11455
954 202 657 365 224 212 762 69 81 101 356 946 631 216 419 329 284 430 114 346 208 522 313 819 511 450 160 59 643 756 205 574 791 840 283 516 967 345 795 528 422 215 441 332 958 83 927 80 698 875 817 372 472 518 613 14 995 452 90 540 169 556 107 988 870
155 588 553 723 770 24 9 998 478 162 527 677 826 798 256 837 733 61 565 91 703 812 446 822 644 455 42 735 484 310 729 315 112 783 2 616 274 103 568 845 691 611 53 844 305 387 539 186 683 214 263 552 984 396 21 238 368 731 542 697 659 684 545 985
873 656 990 955 969 508 645 751 136 355 717 917 293 457 592 204 534 585 675 653 792 775 395 298 900 763 548 181 425 64 324 701 623 174 230 122 75 152 371 712 563 975 179 853 400 77 456 442 249 285 627 962 412 757 27 682 222 65 823 672 270 615 104
498 602 862 341 54 141 716 185 801 803 895 502 145 730 331 937 536 110 734 805 34 402 577 786 664 55 914 743 949 279 28 95 494 761 211 46 560 67 74 168 193 410 111 529 153 191 167 524 491 43 269 421 746 468 687 481 758 514 330 254 908 679 89 632 219 429 960 688
258 651 431 496 891 151 535 719 294 44 506 894 778 413 546 159 802 925 277 978 188 968 884 549 194 759 855 70 459 57 813 227 841 201 509 635 192 416 325 276 742 280 728 692 470 500 370 282 666 245 558 796 595 461 981 674 809 639 850 905 834 380 622 318 241
30 87 537 573 492 966 589 176 388 210 220 128 184 223 907 1000 115 851 580 570 272 344 296 482 597 814 52 207 715 259 919 10 99 695 439 304 860 898 119 137 154 489 951 776 172 880 51 642 526 312 662 286 590 149 32 634 297 390 941 922 678 649 361 63 913 780 878 82 394 848 965 460 530
877 138 37 863 228 882 465 29 781 6 831 497 810 559 977 221 170 606 943 342 633 986 143 302 575 22 676 382 658 661 963 73 752 959 835 464 620 253 956 33 869 217 640 173 130 317 906 788 18 921 386 874 414 234 39 772 517 630 899 829 175 375 903 912 322 166 148 445
444 824 383 543 864 438 349 436 424 647 134 668 291 520 614 319 135 495 257 197 133 190 997 347 876 754 116 183 488 251 242 562 13 748 629 924 767 306 437 180 308 96 163 603 885 433 694 353 948 773 818 182 987 888 655 268 432 177 426 333 621 244 609
158 157 198 648 165 447 727 854 267 463 243 490 626 896 98 893 926 321 415 45 744 503 407 453 883 423 555 710 5 861 66 250 225 934 118 865 417 295 271 521 507 451 62 920 654 604 918 499 992 287 246 36 340 278 945 384 618 749 389 979 936 487 398 314
76 336 385 363 7 866 262 901 418 68 782 547 338 93 84 343 815 513 1 3 699 689 486 397 281 797 381 972 156 86 247 335 479 218 195 584 771 923 846 373 909 947 50 619 12 309 994 673 713 178 973 161 485 708 443 836 265 519 807 916 714 598 867 935 902 92 240 476 561 348
976 79 404 531 554 550 825 236 957 765 760 48 856 367 624 124 732 838 475 944 379 974 769 578 226 872 750 605 462 273 483 406 142 576 693 72 557 326 8 261 23 209 690 292 123 38 738 362 646 608 480 821 665 787 800 929 637 911 886 56 859 793 724 102 910 983 94 601 358 189
4 868 493 993 477 889 467 328 942 971 726 638 686 255 31 264 892 950 670 591 806 753 275 327 887 879 409 85 799 233 827 311 440 551 113 571 566 78 706 652 121 434 106 587 196 736 139 832 334 523 599 129 932 811 299 199 248 471 641 704 501 49 820 360
839 408 405 607 392 808 25 41 904 510 420 374 11 339 213 636 583 512 928 722 289 393 828 790 804 572 288 700 582 897 721 131 612 779 833 740 594 794 745 784 702 696 980 88 71 316 146 737 260 474 364 58 739 252 100 610 849 842 427 200 323 525 303 871 669 663 931 600 532
231 337 725 150 774 125 147 40 709 366 401 120 127 17 411 15 857 377 667 301 881 391 140 586 352 435 766 747 505 357 469 628 26 320 953 852 564 707 718 19 541 126 171 378 473 307 448 117 755 108 47 97 206 454 952 354 685 579 816 777 533 847 999
741 538 164 593 105 681 132 290 625 768 504 403 203 940 359 567 933 16 187 60 458 428 930 711 369 890 650 544 680 961 449 996 239 830 671 569 705 237 843 229 581 915 789 596 989 20 351 35 515 235 376 617 938 300 764 266 232 399 466 858 109 982 785 144 964 720 991 970 660 939 350
