24389
277 29 330 51 409 350 500 320 33 224 345 128 35 487 316 263 331 406 99 148 338 376 141 197 430 454 105 187 325 63 50 116 380 83 472 220 445 249 251 86 479 444 464 237 268 426 371 207 475 402 2
255 64 341 293 54 486 491 419 38 200 181 412 372 417 217 117 243 459 208 410 290 62 34 496 222 26 481 241 427 73 233 352 404 257 313 90 355 319 403 343 109 3 484 274 314 171 53 55 349
113 203 368 129 103 98 170 153 396 289 110 447 291 156 483 47 71 176 12 415 196 400 201 411 471 184 279 437 321 240 9 344 262 190 230 202 381 276 254 130 195 480 307 231 393 286 455 309 461 178 235 339 89 439
17 259 328 234 165 134 60 361 142 253 322 135 498 229 476 65 462 188 57 379 418 8 329 269 145 173 315 317 14 43 392 59 1 467 443 337 281 238 488 378 36 386 183 275 441 357 358 58 384 448 23
287 424 204 80 18 164 261 140 478 494 387 218 189 332 212 44 390 228 16 465 193 433 324 347 435 469 244 485 356 46 264 94 144 266 466 340 209 96 112 416 273 413 163 119 175 470 49 172 205
158 136 143 199 395 359 463 311 92 40 278 75 292 458 360 294 151 37 388 15 97 213 348 159 434 482 138 232 32 120 456 442 216 421 346 362 10 473 365 124 301 115 21 323 107 239 285 369 295
308 180 318 298 168 106 306 66 194 492 425 489 82 283 139 272 25 28 78 497 495 127 227 407 327 152 375 72 7 493 76 67 246 48 182 334 6 236 20 104 432 77 114 391 394 100 440
185 11 452 102 397 219 121 300 174 303 221 436 399 125 42 377 247 398 214 422 312 223 401 468 162 451 250 206 68 460 405 245 215 79 428 252 354 363 431 258 423 4 52 297 383 39 457 147 150
265 284 477 242 108 420 366 335 88 370 70 389 27 45 22 186 118 122 91 367 226 155 157 111 414 364 305 374 429 299 304 302 490 137 210 154 225 31 198 132 179 310 5 270 19 146 161 166 56
474 69 85 373 84 453 133 211 351 61 74 336 282 288 446 131 385 87 382 449 41 260 160 342 256 30 499 353 296 24 123 271 192 408 450 333 13 149 280 248 167 326 126 191 177 81 169 93 267 101 438 95
