19092
474 69 330 102 103 261 140 478 494 61 336 498 283 139 117 87 12 449 338 260 496 422 324 43 392 429 262 72 190 230 76 421 346 362 334 365 132 115 310 274 297 383 39 391 394 147 89 439
143 85 373 219 420 121 300 38 396 289 200 447 282 288 446 151 37 379 16 465 193 159 317 430 138 321 240 9 344 353 296 24 460 405 94 144 79 428 36 386 183 3 20 4 5 270 19 107 239 55 166 205
277 29 64 341 293 397 486 491 419 387 218 322 189 156 483 47 131 385 78 208 497 495 127 348 315 26 347 32 120 485 356 404 257 137 192 246 254 130 343 307 167 326 126 171 146 457 369 295
17 136 51 84 60 361 142 278 181 135 82 212 71 176 57 15 398 213 227 471 279 327 435 375 299 304 206 68 337 123 271 266 466 340 198 124 301 231 393 286 455 323 358 175 384 56
287 259 452 242 165 54 463 311 92 40 224 75 291 412 372 417 42 118 228 91 290 62 34 214 312 342 256 30 59 1 467 443 116 381 215 67 408 450 333 13 149 280 248 6 104 432 81 119 53 58 49 100 440
185 113 424 204 80 18 164 359 453 500 194 70 221 436 332 45 22 186 390 382 410 247 41 411 223 14 481 241 427 73 233 352 46 264 313 210 276 83 472 220 252 403 209 96 112 416 177 357 461 178 235 402 2
265 284 477 199 395 350 306 66 174 303 389 27 294 263 25 28 122 415 388 148 97 376 141 111 401 468 162 469 244 302 281 202 488 378 10 473 109 444 275 441 309 314 161
308 180 318 298 366 335 88 370 253 292 458 360 229 272 462 459 99 418 8 329 269 145 173 184 197 482 454 105 187 325 63 50 490 238 355 319 445 249 354 363 479 179 464 237 268 426 371 285 438 172 448 23
158 11 368 129 234 409 98 170 153 320 33 492 425 489 74 128 35 487 316 44 243 331 377 400 201 157 407 434 414 364 305 374 451 250 7 493 245 90 154 225 31 251 86 236 258 423 52 273 413 163 207 169 93 267 101 349 150
255 203 328 108 134 168 106 133 211 351 110 345 399 125 217 476 65 188 406 196 367 226 155 160 433 222 437 232 152 499 456 442 216 380 48 182 195 480 431 484 21 191 77 114 470 475 339 95
