19503
308 204 64 373 219 409 168 491 419 387 336 27 399 139 117 243 331 379 449 41 260 496 433 184 279 430 256 241 427 73 233 352 68 337 123 488 154 225 31 209 96 20 52 273 357 461 178 394 147 89 439
277 424 29 341 293 54 486 300 38 396 289 33 70 345 498 125 217 476 25 459 208 8 329 269 145 173 315 317 414 327 435 375 299 304 302 281 137 94 144 408 450 333 13 149 280 248 6 326 126 297 383 175 475 339 150
185 474 69 330 102 397 463 140 478 494 224 74 322 189 156 483 47 131 122 196 367 226 155 160 471 197 437 232 152 499 485 356 7 202 380 254 130 473 109 444 231 393 286 455 163 207 169 93 55 166 448
158 11 452 51 84 453 500 370 253 181 135 82 212 44 65 462 188 382 415 410 290 62 34 214 422 324 481 240 9 344 353 296 24 460 405 381 79 48 182 198 132 112 416 177 268 426 371 267 101 172 440
265 284 477 199 395 359 350 311 92 200 221 436 332 45 22 186 118 377 400 201 157 342 14 454 105 187 120 456 442 493 271 192 246 428 36 386 183 3 464 237 413 171 146 457 369 402 23
255 180 129 103 98 170 153 320 194 218 292 283 294 272 385 390 12 228 91 247 398 213 227 222 347 32 262 72 190 230 238 378 252 403 343 307 167 484 21 191 77 39 391 95
113 203 368 318 298 366 306 66 174 303 492 389 412 372 417 42 28 406 99 148 338 193 141 407 434 43 30 325 63 404 257 76 421 346 362 249 354 363 479 179 104 432 81 119 53 58 384 205
143 85 242 108 420 121 335 88 40 110 447 282 288 446 151 37 388 16 465 411 159 26 138 364 305 392 162 469 244 216 46 264 313 210 90 266 466 340 195 480 431 275 441 323 358 114 470 49 100 2
17 136 80 18 164 261 106 133 211 351 61 425 489 458 360 229 71 176 87 57 418 15 97 376 312 223 401 468 374 59 1 467 443 116 215 67 355 319 10 251 86 236 258 423 4 5 270 19 107 239 285 349 295
287 259 328 234 165 134 60 361 142 278 75 291 128 35 487 316 263 78 497 495 127 348 111 482 321 429 451 250 206 50 490 245 276 83 472 220 445 334 365 124 301 115 310 274 309 314 161 235 438 56
