19805
255 203 328 234 165 134 168 491 419 142 278 75 291 128 35 156 45 22 476 28 122 497 495 127 348 159 434 430 454 429 451 304 206 68 337 123 144 450 333 13 473 109 444 231 393 286 455 171 146 457 147 89 440
158 11 368 129 103 98 170 153 396 194 425 489 82 212 44 65 87 12 228 16 465 214 111 482 321 240 9 344 456 442 216 271 154 225 31 195 480 431 258 104 432 163 119 207 239 55 349 439
287 259 452 242 108 420 453 320 289 33 224 336 498 283 139 272 25 188 57 379 418 8 329 269 145 173 222 256 241 32 262 72 190 230 238 488 355 319 445 249 334 365 132 484 274 314 297 383 39 391 49 150
277 29 64 341 293 298 366 335 88 40 70 181 189 458 360 229 131 385 243 78 208 15 97 376 407 197 401 468 374 59 1 467 443 116 313 246 378 403 343 307 167 275 441 268 426 371 285 166 95
17 136 80 18 164 359 486 300 361 370 253 292 483 47 71 176 382 415 91 148 338 260 157 184 324 138 364 105 187 120 485 356 404 257 76 421 408 48 182 149 280 248 6 423 52 273 357 53 58 394 56
113 424 204 318 54 261 106 133 211 351 110 447 282 288 446 151 331 406 99 449 41 193 141 279 437 305 427 73 299 250 7 493 137 94 90 83 472 220 198 124 301 326 20 4 5 270 19 107 161 384 205
185 474 69 330 51 84 60 306 66 174 61 218 221 436 399 125 316 42 118 377 196 400 201 411 315 317 14 43 30 325 63 50 490 245 215 67 346 362 10 209 96 112 416 191 77 114 267 369 23
308 180 373 219 409 121 311 92 200 74 389 27 294 117 37 367 226 155 160 422 342 327 392 162 469 233 352 46 264 380 192 254 130 36 386 183 3 310 177 323 358 175 470 475 339 402 2
265 284 477 199 395 463 140 478 494 387 345 412 372 263 462 459 388 290 62 34 496 433 223 414 347 152 499 353 296 24 460 405 210 79 428 252 354 363 479 179 464 237 413 309 461 178 101 438 172 448
143 85 102 397 350 500 38 303 492 322 135 332 487 417 217 186 390 410 247 398 213 227 471 312 26 481 232 435 375 244 302 281 202 381 276 266 466 340 251 86 236 115 21 126 81 169 93 235 100 295
