19301
287 259 452 51 84 60 306 66 174 303 291 412 372 417 42 188 57 379 418 497 495 127 227 279 414 347 32 120 456 442 216 313 210 246 346 362 10 354 363 479 179 464 237 270 19 107 239 55 166 448
143 85 373 219 409 463 311 92 40 224 75 292 283 294 71 176 331 377 99 367 269 145 173 471 159 434 482 327 392 429 262 72 7 493 76 488 408 378 252 403 209 96 326 126 309 314 161 49 150
158 11 368 129 103 98 170 153 396 370 253 389 27 399 139 476 25 28 78 8 329 226 155 160 315 317 430 256 30 59 1 467 264 380 192 266 466 340 343 307 167 104 432 81 119 53 58 475 339 89 439
255 203 328 234 165 134 168 106 320 289 278 218 221 436 332 45 22 186 390 406 410 290 62 34 214 141 407 342 14 138 468 162 375 244 485 356 443 337 123 137 421 428 36 386 183 3 20 4 5 163 207 169 93 267 369 402 440
113 29 64 341 293 54 486 491 419 142 200 425 489 458 360 229 272 462 459 415 91 247 398 213 157 111 43 241 427 73 299 250 206 50 490 238 79 48 182 473 109 444 231 393 286 455 323 358 175 394 172 2
308 180 318 298 453 133 211 351 447 128 35 487 316 263 37 388 148 338 496 422 184 454 152 499 190 230 202 276 450 333 13 149 280 248 6 484 21 191 77 114 470 101 349 23
277 424 204 80 18 164 366 335 88 194 70 181 135 82 212 44 65 87 12 228 449 41 260 348 197 26 481 240 9 344 353 296 24 257 381 215 67 254 130 334 365 132 112 416 177 357 461 178 384 56
185 474 69 330 102 397 261 140 478 494 61 74 322 189 156 483 47 131 385 118 122 15 97 376 433 324 321 232 435 469 233 352 68 460 405 245 144 355 319 445 198 124 301 275 441 268 426 371 285 438 95
265 284 477 242 108 420 121 300 361 33 110 336 282 288 446 151 382 16 465 193 222 401 364 305 105 187 325 63 404 46 116 94 90 83 472 220 249 251 86 236 115 310 274 297 383 39 391 235 147 205
17 136 199 395 359 350 500 38 387 492 345 498 125 217 117 243 208 196 400 201 411 312 223 437 374 451 304 302 281 271 154 225 31 195 480 431 258 423 52 273 413 171 146 457 100 295
