18747
158 11 368 129 103 98 170 153 320 194 70 75 291 412 372 417 217 186 390 87 406 497 495 127 227 471 342 414 327 152 499 352 68 460 405 245 215 67 266 466 340 251 86 236 112 416 191 77 39 457 369 95
185 143 85 102 84 60 361 142 278 218 292 458 360 229 272 243 122 99 148 97 376 141 222 138 241 32 120 304 302 281 238 254 130 354 363 479 179 104 432 171 146 58 475 402
308 180 318 54 486 335 88 370 492 389 27 294 263 25 28 78 418 8 329 226 155 160 422 184 279 437 240 9 344 353 296 24 257 381 210 79 48 182 36 386 183 3 484 274 314 297 383 175 470 166 56
17 136 373 219 409 366 311 92 40 224 221 436 332 45 22 71 176 12 228 15 398 213 348 317 347 435 375 244 485 356 443 337 123 313 90 154 225 10 209 96 326 21 126 81 169 93 267 101 438 295
287 259 452 242 108 420 463 140 478 494 200 447 498 283 139 117 118 377 16 465 214 407 434 401 364 305 374 451 63 404 46 116 488 408 378 403 343 307 167 275 441 323 358 114 391 49 349 439
113 424 204 80 18 298 453 500 387 336 399 125 316 42 331 379 247 41 260 157 111 430 256 468 162 469 233 190 230 202 380 192 450 333 13 473 109 444 231 393 286 455 163 119 207 161 147 150
474 69 330 51 164 359 121 300 38 396 289 33 110 322 189 156 483 47 131 385 188 382 415 196 400 201 411 159 324 43 30 59 1 467 264 94 144 83 472 220 149 280 248 6 464 237 357 53 394 89 2
265 284 477 199 395 261 106 133 211 61 345 282 288 446 151 37 410 290 62 34 496 433 197 482 321 392 429 262 72 7 493 76 421 428 252 334 365 124 301 20 52 273 413 309 461 178 235 100 440
255 203 328 234 165 134 168 491 419 351 253 181 135 82 212 44 459 208 91 449 338 193 315 26 481 232 427 73 299 250 206 50 490 137 276 346 362 31 198 132 115 310 177 268 426 371 285 384 339 448 23
277 29 64 341 293 397 350 306 66 174 303 425 489 74 128 35 487 476 65 462 57 388 367 269 145 173 312 223 14 454 105 187 325 456 442 216 271 246 355 319 445 249 195 480 431 258 423 4 5 270 19 107 239 55 172 205
