19372
308 180 318 54 463 140 478 494 61 221 436 332 45 22 71 176 87 382 415 497 495 127 348 159 434 454 105 187 325 63 24 460 405 245 254 130 209 96 464 237 413 309 461 178 235 438 56
17 136 373 219 409 486 491 320 289 33 224 181 135 82 212 263 25 12 228 449 41 193 141 197 26 481 232 152 499 304 302 281 381 215 67 246 346 362 149 280 479 179 310 274 314 426 371 161 384 439
287 259 452 242 108 420 121 300 361 370 492 389 27 294 272 331 379 410 247 398 213 227 223 401 468 162 469 233 352 68 337 123 271 79 428 36 386 183 3 484 52 273 270 19 107 239 285 369 205
277 424 204 80 18 298 453 133 211 351 253 322 189 156 483 47 151 28 78 99 196 400 201 411 184 482 138 321 240 9 344 353 456 442 493 137 210 276 83 472 220 445 249 334 365 124 301 115 21 432 171 146 55 349 295
474 69 330 51 164 359 350 311 92 40 110 345 399 125 217 186 377 367 226 155 157 279 414 327 392 429 262 72 190 230 76 144 355 319 10 473 109 444 231 393 286 455 357 207 391 166 402 440
158 11 368 129 103 261 106 419 142 200 425 489 74 128 35 487 316 44 65 37 388 16 465 214 315 317 430 347 435 375 244 216 46 264 238 488 266 466 340 354 363 431 20 104 268 169 93 394 172 448
185 143 85 102 397 98 170 153 396 194 336 282 288 446 117 390 459 208 8 329 269 145 173 422 312 324 256 241 427 73 299 250 206 50 490 94 90 408 450 333 13 251 86 236 112 416 297 383 175 470 475 89 2
265 284 477 199 395 168 500 38 278 218 292 458 360 229 476 243 406 15 97 376 407 342 14 364 32 120 485 356 404 257 313 192 48 182 195 480 248 6 326 126 191 177 81 119 53 58 49 100 23
113 29 64 341 293 84 366 335 88 387 70 75 291 412 372 417 42 462 188 57 148 338 260 160 433 222 437 374 451 296 7 202 421 378 252 403 343 307 167 275 441 323 77 39 457 339 150
255 203 328 234 165 134 60 306 66 174 303 447 498 283 139 131 385 118 122 418 91 290 62 34 496 471 111 43 305 30 59 1 467 443 116 380 154 225 31 198 132 258 423 4 5 163 358 114 267 101 147 95
