18870
277 424 204 318 298 453 133 211 351 224 75 291 412 372 417 217 476 243 57 388 367 269 145 173 141 407 324 256 468 162 375 244 302 281 202 381 210 276 408 378 403 209 96 112 416 177 171 146 457 172 448 23
143 85 51 84 60 306 66 174 303 336 399 125 316 42 462 459 208 148 338 160 433 434 414 321 240 9 344 353 296 24 460 405 215 67 346 362 31 198 124 301 231 393 286 455 323 358 175 470 475 56
113 29 64 341 293 54 261 106 419 142 253 389 27 294 263 25 188 382 418 400 201 411 111 43 30 59 1 467 443 116 313 79 428 252 334 365 132 484 21 191 77 114 55 100 295
287 259 452 242 108 420 121 335 88 200 345 282 288 446 151 331 406 196 247 398 213 227 471 342 138 374 451 63 50 490 137 421 83 472 220 445 249 251 86 236 20 4 5 270 19 107 239 49 349 440
17 136 80 18 164 359 463 140 478 494 61 322 189 156 483 47 131 385 28 122 99 8 329 226 155 214 159 317 430 347 435 469 233 352 46 264 238 488 254 130 343 307 167 275 441 268 426 371 267 369 205
158 11 368 129 103 486 300 361 194 70 292 458 360 229 272 118 377 497 495 127 348 315 197 14 327 427 73 299 250 7 493 245 192 246 355 319 36 386 183 3 464 237 297 383 39 391 101 438 402 2
255 203 328 234 165 134 366 500 38 387 218 221 436 332 45 22 71 176 12 415 410 290 62 34 157 222 26 481 241 32 120 485 356 404 257 76 144 450 333 13 149 280 248 6 326 126 357 461 178 394 147 150
308 180 373 219 409 168 491 320 289 33 110 447 498 283 139 117 390 78 15 97 376 184 437 232 152 499 456 442 216 94 90 266 466 340 473 109 444 115 310 274 309 314 161 166 95
265 284 477 199 395 350 311 92 40 278 181 135 82 212 44 65 37 379 91 449 41 260 496 422 312 223 401 364 305 392 429 262 72 190 230 380 48 182 195 480 431 258 423 52 273 413 163 207 169 93 285 384 339 439
185 474 69 330 102 397 98 170 153 396 370 492 425 489 74 128 35 487 186 87 228 16 465 193 279 482 454 105 187 325 304 206 68 337 123 271 154 225 10 354 363 479 179 104 432 81 119 53 58 235 89
