19054
287 259 452 242 108 420 121 306 66 174 303 218 322 189 156 483 47 151 87 377 16 465 193 422 26 454 152 499 353 296 24 460 405 94 144 355 319 445 249 354 363 479 179 464 237 413 171 53 58 235 147 150
277 424 204 318 54 366 335 88 194 492 221 436 332 45 22 71 176 118 122 415 367 269 145 173 315 317 43 305 30 59 1 257 442 493 137 210 276 428 10 473 109 444 231 393 286 455 371 358 114 470 49 349 205
17 136 80 18 164 359 486 300 38 396 370 70 181 135 82 212 44 57 8 329 226 155 160 407 434 401 468 162 375 244 302 281 271 266 466 340 251 86 236 258 104 432 163 119 309 457 448 23
185 474 69 330 51 84 60 361 142 278 75 291 412 372 417 217 186 243 459 208 91 148 338 260 157 222 414 327 392 429 262 72 190 230 238 246 254 130 334 365 124 301 115 310 274 297 383 39 391 475 339 89 439
143 85 102 397 98 170 153 320 289 61 389 282 288 446 131 331 406 410 290 62 34 214 433 223 430 256 240 9 344 304 467 443 116 380 192 408 378 195 480 431 20 52 273 357 461 178 384 402 2
265 284 477 199 395 350 311 92 40 224 336 399 125 42 462 188 382 99 196 400 201 411 471 312 342 14 138 364 105 187 325 456 216 76 421 346 362 36 386 183 3 484 21 191 77 207 161 166 56
113 29 64 341 293 298 453 500 33 110 447 27 294 117 390 37 379 418 497 495 127 348 159 324 481 241 32 120 485 356 7 202 488 154 225 31 209 96 112 416 177 268 426 175 55 95
308 180 373 219 409 463 140 478 494 200 292 458 360 229 272 385 12 388 15 97 376 141 184 279 437 321 232 427 73 299 63 404 46 264 381 215 67 450 333 13 149 280 248 6 423 4 5 270 19 146 314 394 100
255 203 328 234 165 134 168 491 419 351 253 345 498 283 139 476 65 28 78 247 398 213 227 197 482 374 451 250 206 50 490 245 79 48 182 403 343 307 167 275 441 323 107 239 285 369 440
158 11 368 129 103 261 106 133 211 387 425 489 74 128 35 487 316 263 25 228 449 41 496 111 347 435 469 233 352 68 337 123 313 90 83 472 220 252 198 132 326 126 81 169 93 267 101 438 172 295
