19140
287 259 452 51 84 60 306 66 174 61 425 489 74 128 35 487 476 65 118 122 415 196 367 226 155 214 141 222 482 240 9 344 353 296 24 460 405 245 79 428 252 403 209 96 112 416 297 383 39 457 369 95
185 474 69 330 102 397 98 170 153 396 289 33 224 336 399 125 316 42 462 459 16 465 411 279 138 364 305 30 59 1 467 443 116 215 346 362 198 124 301 231 393 286 455 371 358 114 391 394 56
143 85 373 219 409 486 335 88 200 447 498 283 139 272 385 243 331 377 418 8 329 269 145 173 407 434 414 347 152 499 485 356 404 257 76 421 355 319 445 249 195 480 431 484 52 273 268 426 175 475 339 89 23
113 424 204 80 18 164 350 311 92 40 110 345 27 294 263 25 12 228 497 495 127 227 471 159 223 430 256 32 120 456 442 216 313 210 276 408 378 10 343 307 167 326 126 191 177 81 169 93 267 101 402 2
17 136 242 108 420 453 320 194 70 75 292 458 360 229 117 390 37 388 449 41 260 160 111 401 327 392 429 262 72 190 230 202 144 246 450 333 13 473 109 444 275 441 323 107 239 285 438 172 205
308 180 318 54 121 300 361 370 221 436 332 45 22 71 176 188 57 379 400 201 348 317 374 451 304 206 68 337 123 271 192 83 472 220 149 280 248 6 464 237 413 171 53 55 166 439
277 29 64 341 293 298 366 500 38 303 492 389 282 288 446 131 382 410 247 398 213 157 342 14 454 105 187 325 63 50 490 380 154 225 31 251 86 236 258 423 4 5 270 19 146 58 49 100 295
265 284 477 199 395 359 463 140 478 494 387 218 291 412 372 417 217 186 78 208 148 338 193 422 312 26 481 468 162 469 233 352 46 264 238 488 48 182 334 365 132 115 21 432 163 119 309 470 349 440
158 11 368 129 103 261 106 133 211 351 253 322 189 156 483 47 151 28 406 91 290 62 34 496 315 197 437 321 232 435 375 244 302 281 137 94 90 254 130 354 363 479 179 310 274 314 77 207 161 384 150
255 203 328 234 165 134 168 491 419 142 278 181 135 82 212 44 87 99 15 97 376 433 184 324 43 241 427 73 299 250 7 493 381 67 266 466 340 36 386 183 3 20 104 357 461 178 235 147 448
