5230
258 537 7 224 508 942 971 726 677 401 145 293 221 264 15 475 319 135 703 828 549 194 775 395 382 658 695 897 59 643 827 311 440 509 635 67 192 707 193 121 434 106 351 853 788 362 604 874 821 764 266 232 108 47 595 461 238 859 793 724 102 979 848 820 360 445
231 385 341 151 762 349 436 781 101 1000 115 851 810 17 893 636 978 950 197 430 114 812 446 208 522 313 919 961 449 310 729 721 131 251 242 761 72 557 594 794 122 784 691 521 742 280 38 738 921 312 918 938 300 665 787 800 517 630 842 981 674 655 731 542 878 632 380 476 545 189
976 138 431 383 165 447 808 220 185 751 136 778 356 946 127 84 343 933 16 187 1 3 188 968 884 402 275 140 676 288 710 996 183 425 227 142 576 693 2 253 956 33 371 712 292 123 215 441 35 515 524 376 617 353 499 234 39 634 849 390 613 175 63 89 867 834 659 684 561 348
158 87 651 37 863 54 141 176 388 210 40 6 48 497 631 937 536 91 482 806 346 822 644 680 352 700 763 548 181 406 95 860 959 562 13 748 560 745 947 50 325 795 153 62 309 958 83 282 285 627 962 412 637 27 678 649 809 639 913 90 598 871 902 936 487 398 314
877 155 198 657 365 969 125 147 904 424 760 831 856 559 977 802 926 321 329 944 289 397 281 797 577 786 572 879 511 949 963 73 315 494 783 225 934 373 909 967 706 217 111 20 316 642 196 186 683 214 263 973 161 399 757 911 829 888 109 375 714 697 177 663 931 601 358 148 530
76 337 725 496 891 593 889 467 328 236 478 162 907 638 686 580 940 359 411 606 204 415 857 377 667 301 881 804 423 555 435 116 813 771 112 701 740 320 261 283 767 652 989 507 718 19 728 692 470 694 927 80 149 992 558 485 182 811 299 199 749 389 501 166 999
839 656 990 955 228 882 465 29 267 355 420 374 413 546 896 837 331 592 296 45 744 986 753 381 972 750 605 743 85 861 66 569 26 326 616 274 566 516 152 776 172 880 387 146 654 526 608 286 590 746 287 929 481 899 945 384 222 452 780 935 983 333 94 600 609
873 202 573 492 543 554 866 716 25 41 765 463 366 203 339 213 216 892 699 670 591 393 890 133 190 22 156 10 57 5 584 357 469 237 843 229 581 568 845 869 690 980 88 71 191 920 500 456 713 178 468 773 472 518 682 368 65 685 579 912 270 615 104
444 602 405 774 392 825 901 128 506 894 547 917 255 31 272 838 110 734 805 34 790 792 759 586 70 754 279 304 205 705 574 791 953 417 789 611 529 975 51 167 171 673 442 249 698 32 772 687 97 206 454 323 248 471 641 816 426 49 965 460
498 868 862 150 966 105 681 132 290 184 223 647 338 93 730 457 815 513 614 342 633 503 407 327 887 86 484 661 799 218 195 488 612 779 833 551 113 571 865 78 345 619 12 179 332 400 77 386 307 421 666 245 100 796 129 708 443 427 952 354 268 903 540 672 777 533 621 244 985
30 336 538 363 531 589 438 418 957 625 709 717 826 798 570 567 61 419 428 930 974 769 578 302 575 997 855 876 409 900 273 483 233 841 250 211 46 8 852 416 437 640 451 422 126 18 491 646 139 832 334 610 818 599 758 514 886 56 618 850 905 910 322 429 960
954 741 588 553 723 770 24 9 998 68 782 527 502 134 98 124 925 277 458 689 675 653 650 544 455 42 735 462 450 160 505 64 201 623 174 230 915 564 295 596 563 53 308 96 163 603 885 433 370 480 739 252 523 396 297 941 836 361 916 432 669 622 318 939 350
79 404 648 864 262 727 854 801 803 895 11 367 733 291 344 583 512 928 722 597 814 52 207 715 259 872 819 247 335 479 439 752 923 119 137 154 489 951 23 702 271 276 844 305 541 737 260 474 364 58 948 875 817 372 466 932 858 200 519 807 982 303 704 169 991 240 847 660 241
4 408 824 493 993 477 535 719 294 44 510 243 490 626 256 668 732 520 60 534 585 486 711 369 143 453 883 664 55 914 99 766 747 28 830 671 898 628 846 840 103 74 168 696 180 528 587 235 736 662 448 117 755 246 36 340 21 922 330 254 908 679 823 82 219 394 92 970 688 532
157 164 607 550 212 645 69 81 768 504 403 120 159 624 170 565 943 284 379 495 257 391 226 347 298 459 582 239 756 324 835 464 620 118 629 924 75 209 306 410 173 130 317 906 539 994 378 473 43 269 414 552 984 278 987 265 14 995 525 785 144 964 720 556 107 988 870
