5256
4 602 862 648 224 176 901 942 69 136 355 420 11 339 977 221 264 15 45 633 986 753 453 883 664 55 914 99 763 548 181 304 612 779 833 225 934 373 909 967 702 325 795 528 215 441 920 491 608 480 80 764 266 232 108 47 595 829 888 618 731 724 102 871 169 991 166 999
231 87 651 383 966 589 467 328 236 44 904 803 895 134 98 272 419 329 689 495 257 391 226 586 876 409 900 450 218 195 488 771 860 898 574 791 560 67 915 564 152 371 712 507 718 19 51 642 235 683 832 665 787 800 517 630 206 461 981 674 809 375 903 540 979 848 240 847 460
954 741 37 863 228 535 719 436 781 101 1000 115 946 580 631 567 61 606 110 319 135 703 828 549 194 775 395 879 449 160 59 643 66 959 835 464 620 118 629 103 789 217 980 88 71 163 738 171 921 604 874 58 739 252 287 634 758 514 836 175 63 913 780 878 983 659 684 561 348
976 155 337 531 550 825 465 81 768 504 403 826 798 570 925 277 978 415 857 806 346 822 327 887 86 743 85 479 439 315 671 569 628 26 326 616 274 581 78 345 276 173 130 317 906 539 196 500 473 662 286 499 234 627 962 412 757 932 858 109 525 785 144 912 270 615 148 530
158 404 656 657 365 969 508 294 424 463 366 401 686 17 411 838 60 296 284 379 377 667 301 653 650 644 347 298 695 897 505 752 923 740 320 261 745 784 776 989 975 541 126 400 376 617 353 448 117 687 599 97 987 265 14 995 248 714 598 816 92 622 820 360
873 202 341 165 438 418 478 162 647 502 851 127 367 31 893 926 1 950 670 591 711 369 143 302 575 997 455 855 288 754 310 729 721 95 494 783 846 635 924 23 706 696 111 529 451 422 587 885 433 673 214 698 558 485 182 899 443 330 254 908 679 823 704 556 931 107 545 314
877 138 431 723 770 774 762 388 210 220 801 971 726 677 338 93 255 343 933 344 512 928 722 597 503 881 577 786 572 555 435 116 813 227 251 324 237 843 229 417 869 611 180 844 153 62 309 958 736 43 269 263 32 755 246 36 340 21 427 793 542 697 720 533 318 939 350
258 385 573 7 54 392 808 349 957 765 760 48 497 810 730 733 815 513 321 458 428 930 974 769 578 804 423 750 605 247 335 279 584 64 250 623 174 230 865 75 168 596 521 308 96 38 603 18 474 364 414 973 161 399 849 842 678 649 200 323 749 389 177 426 49 965 660 241
498 868 588 492 543 864 262 727 854 506 894 547 831 203 159 624 124 636 583 91 585 884 402 275 544 676 382 658 57 5 406 142 576 693 2 253 956 192 416 50 121 434 880 191 654 260 646 370 442 249 285 552 984 637 811 299 519 807 199 89 867 669 663 600 609
839 30 408 198 553 993 477 889 716 185 128 625 709 717 917 293 216 892 3 482 197 486 814 52 207 715 259 872 352 710 996 183 425 756 112 211 46 8 767 691 619 12 179 146 737 186 386 307 421 334 610 818 278 911 384 655 850 905 910 322 429 960 445
79 824 493 150 151 882 25 41 40 6 374 413 546 896 668 291 520 204 475 342 430 114 812 446 208 522 313 919 511 949 963 73 841 201 562 137 154 840 845 271 292 742 280 387 332 994 312 918 938 590 746 39 772 929 481 27 238 354 452 471 641 672 777 333 94 601 358 104
537 405 607 141 125 147 29 267 778 356 856 559 802 937 536 534 744 393 890 792 759 42 10 700 582 239 830 205 705 119 113 571 122 74 947 193 410 172 305 728 692 470 77 456 713 948 875 817 372 466 708 945 454 952 222 65 685 579 834 380 476 988 870
444 157 363 990 955 554 866 447 212 645 751 510 243 490 626 256 837 331 732 16 187 614 734 805 34 790 381 972 156 70 459 766 747 28 131 357 469 701 551 13 748 489 951 852 33 690 53 20 316 35 515 526 694 282 178 468 773 472 518 613 859 639 268 432 935 902 936 621 244 985
76 336 725 164 24 9 998 68 782 527 145 84 213 170 565 943 699 944 289 397 281 797 190 22 680 961 484 661 799 861 242 761 72 557 594 794 566 516 209 295 652 640 106 351 853 788 362 378 139 821 149 992 523 396 297 390 941 682 361 916 90 964 82 501 970 688 532
538 496 891 593 105 681 132 290 184 223 907 638 120 940 359 457 592 188 968 675 407 133 140 819 735 462 273 483 233 827 311 440 509 953 283 568 707 306 437 563 123 167 524 83 927 300 666 245 100 796 129 922 886 56 368 982 303 632 219 394 487 398 189
