5393
498 404 656 657 365 224 762 349 436 904 424 778 356 946 896 98 457 937 536 329 319 135 703 828 549 194 775 395 288 710 5 406 752 898 464 225 934 635 67 74 168 50 712 292 742 280 316 146 524 491 386 874 58 149 992 287 246 36 340 21 829 888 361 63 850 579 912 333 94 600 609
444 87 651 431 198 531 24 9 998 68 782 527 338 93 837 733 815 513 1 950 670 591 711 369 890 792 759 855 876 247 335 279 304 64 201 628 620 118 629 951 568 845 869 437 980 88 71 163 51 692 470 500 474 364 739 764 266 232 517 630 911 945 384 109 525 785 144 964 219 983 659 318 939 350
873 202 573 164 593 882 465 267 463 366 401 120 159 343 592 296 928 722 744 986 143 302 575 997 455 298 900 273 483 861 771 112 562 13 794 516 967 217 563 173 308 96 541 126 788 196 921 694 353 448 117 755 108 47 595 613 254 908 89 910 322 429 960 445
976 138 493 723 770 774 125 147 751 81 101 1000 115 851 810 84 221 893 926 978 45 633 974 769 208 226 42 10 484 661 310 218 195 584 569 833 509 261 192 706 121 529 451 317 309 171 77 617 938 821 665 787 800 929 481 899 330 368 916 905 867 177 394 92 240 847 545 314
76 336 538 383 543 151 176 388 210 478 803 895 413 546 559 977 802 732 520 583 342 430 114 812 446 522 313 919 86 459 57 813 95 494 783 846 840 865 23 209 371 690 180 123 19 738 186 456 480 414 234 39 634 849 842 454 807 639 452 90 598 848 684 358 148
839 824 363 341 228 535 719 294 184 223 647 490 626 256 213 925 277 188 968 675 653 650 544 887 750 605 743 85 479 439 131 860 959 237 843 953 852 784 152 652 53 975 179 642 958 362 378 473 307 499 627 962 412 637 987 265 14 354 268 780 878 720 426 49 965 660 241
30 408 385 492 966 889 716 25 41 506 894 547 686 580 17 264 15 110 944 289 486 397 281 797 381 972 156 409 695 897 505 841 250 701 740 320 373 947 696 640 106 587 515 235 736 43 269 300 334 610 818 599 757 27 682 809 375 714 632 991 970 688 532
155 337 862 150 54 141 508 942 40 709 717 826 798 293 170 838 321 458 428 930 393 301 881 133 190 22 347 511 949 963 73 315 671 324 835 26 326 616 274 283 915 295 611 521 130 441 920 654 260 646 139 832 666 245 558 485 182 206 461 678 649 200 323 248 471 641 979 622 820 360
954 741 588 553 993 477 392 808 220 185 801 971 726 677 203 339 668 272 344 3 482 197 884 402 822 644 680 961 449 996 239 830 227 251 242 761 551 113 571 745 702 306 325 795 528 191 167 376 608 421 746 32 772 687 97 941 922 886 56 859 199 749 389 816 936 487 398 460 530
79 537 496 891 864 262 727 854 44 625 768 504 403 502 145 631 291 565 475 857 806 346 578 577 786 572 352 700 763 548 183 488 357 469 119 137 154 489 103 767 345 276 880 215 35 18 370 282 178 468 773 472 518 811 299 519 793 303 935 902 270 615 104
4 7 589 438 418 957 510 243 856 730 331 933 606 204 534 585 503 407 453 883 664 55 914 99 582 729 721 756 612 779 211 46 8 909 564 707 193 619 305 351 853 737 673 442 249 698 875 817 372 466 514 238 655 731 724 102 871 669 663 931 601 189
258 725 648 165 447 212 645 69 136 355 420 374 11 127 570 567 411 419 91 597 814 52 207 715 259 676 879 70 754 116 181 425 827 205 705 2 253 956 581 417 416 596 434 507 718 422 728 994 683 214 263 973 161 399 758 981 674 995 913 903 540 672 556 107 988 870
877 868 37 863 554 866 105 681 132 290 162 907 638 917 255 31 636 943 699 689 495 257 391 327 872 819 735 462 450 160 59 311 440 623 174 748 560 122 78 691 172 844 153 62 906 539 526 312 918 713 948 100 796 129 708 427 952 222 679 823 834 777 533 621 244 985
231 157 990 955 969 467 328 236 128 765 760 831 497 940 359 216 16 187 60 512 734 805 34 790 804 423 555 435 799 233 142 576 693 72 557 594 230 924 75 789 271 989 12 387 332 400 604 662 286 590 285 552 984 278 932 858 618 65 685 432 704 169 380 476 561 348
158 602 405 607 550 825 901 29 781 6 48 134 367 624 124 61 892 614 415 284 379 377 667 753 275 140 586 382 658 766 747 28 643 66 923 574 791 229 566 33 776 410 111 20 38 603 885 433 83 927 80 252 523 396 297 390 443 836 175 982 542 697 82 501 166 999
