13845
61 337 584 433 681 605 144 121 195 183 17 268 628 330 626 613 557 306 13 151 312 27 397 348 52 33 239 60 624 582 698 252 403 508 377 468 464 475 236 390 207 500 53 385 51 295 232 536 280 26 182 342 221 156 246 20 77 596 595
588 38 389 567 590 175 338 149 552 450 155 45 585 265 80 96 611 355 430 104 449 361 443 124 190 262 41 29 414 292 158 616 43 375 240 333 138 563 528 132 659 109 496 555 222 137 154 446 569 176 8 638 520
314 304 197 72 9 336 640 504 494 248 18 661 575 392 521 178 59 539 490 303 350 393 335 200 534 319 322 473 253 676 436 69 186 598 556 129 244 700 317 610 649 218 370 388 412 486 671 46 395 7 669 363 227 118 691 50
577 277 656 215 554 131 329 251 351 212 643 479 483 465 231 223 187 136 310 505 503 382 258 308 341 83 581 459 233 478 576 589 270 15 546 192 562 675 458 68 243 65 271 532 462 391 621 206 256 99 101 345 254 5 434 481 305
564 660 608 264 543 44 549 177 125 612 686 3 515 493 354 431 383 279 379 328 352 461 301 658 283 630 11 309 445 420 356 633 502 594 517 238 492 89 435 117 267 685 74 70 340 12 484 568 259 672 513 358 185 501 34 211 489
263 130 652 604 665 629 66 116 623 122 88 105 592 551 545 300 696 439 250 514 637 463 455 30 664 278 631 666 415 24 558 690 297 697 418 507 23 506 58 497 544 90 198 663 21 641 171 85 147 578 107 642 272 442 359 6 540 289 535 188
693 565 527 597 152 165 679 648 302 583 145 10 346 632 550 180 343 194 614 635 269 607 266 454 511 339 428 75 437 416 81 344 4 167 409 482 402 547 529 687 673 181 97 98 331 472 294 574 191 396 169 560 120 94 424 625 670 499 452 678 599
381 357 667 315 290 427 216 417 432 140 307 274 615 199 19 655 242 282 526 368 516 327 159 480 471 644 245 110 365 487 384 533 518 73 32 260 157 495 143 447 160 224 123 22 622 228 119 680 647 394 196 142 425 324 470 349
653 586 601 684 587 650 559 491 170 606 55 164 234 172 276 108 413 49 247 47 281 411 602 135 378 133 100 694 291 453 369 42 371 682 63 451 689 695 56 208 639 657 229 37 364 662 285 202 571 128 320 161 457 78 474 668 146 537 692 293 456 166
225 209 423 398 87 683 148 541 36 213 593 112 287 469 561 651 448 103 173 380 126 634 16 645 210 699 217 288 677 618 603 219 321 201 220 203 64 509 360 31 399 174 114 62 376 421 572 573 86 466 102 580 28 275 498 214 1 113 519
460 609 139 426 76 542 408 237 48 286 153 523 405 334 419 548 619 95 654 488 530 422 299 230 257 163 512 440 485 40 35 204 325 477 646 25 347 538 373 510 255 476 106 71 205 374 600 313 531 84 404 115 406 323 410 298 553 296
316 367 93 522 318 162 141 273 284 79 235 620 226 387 566 150 441 407 372 111 14 127 92 401 386 261 91 444 332 179 249 570 579 366 168 353 688 54 617 134 524 311 67 525 241 189 636 326 193 362 674 82 2 39 467 627 438 57 184 591 400 429
