18763
185 143 85 102 397 98 170 153 320 289 278 218 221 436 332 45 22 186 331 406 99 418 449 41 260 496 141 184 279 256 468 162 469 244 302 281 245 215 67 48 182 334 365 124 301 464 237 413 171 146 58 394 147 150
17 136 373 219 409 350 311 92 40 110 336 282 288 446 117 78 208 497 495 127 348 111 321 392 429 262 72 190 230 202 421 154 225 31 195 480 431 258 423 52 273 270 19 107 239 55 448
265 284 477 242 108 420 121 300 38 396 303 492 389 27 294 131 385 243 382 388 15 97 376 315 26 454 105 187 325 63 404 46 264 94 90 355 319 36 386 183 3 20 4 5 357 461 178 384 440
308 180 318 54 463 335 88 370 75 292 458 360 229 71 176 87 122 415 16 465 157 222 430 138 364 305 30 59 1 467 443 116 313 346 362 10 354 363 479 179 104 432 81 119 53 457 100 295
113 29 64 341 293 298 453 500 387 70 447 498 283 139 272 25 459 379 91 148 338 193 407 342 481 240 9 344 353 296 24 460 405 381 488 266 466 340 198 132 231 393 286 455 323 358 175 470 101 438 172 2
474 69 330 199 395 359 486 491 419 351 253 322 189 156 483 47 151 12 196 290 62 34 214 422 312 324 437 374 451 485 356 7 76 144 79 428 403 343 307 167 275 441 309 314 161 235 349 205
287 259 452 51 84 366 306 66 174 61 181 135 82 212 44 65 28 228 367 226 155 160 433 197 482 347 32 120 456 442 493 137 210 276 450 333 13 149 280 248 6 326 126 297 383 39 391 49 56
277 424 204 80 18 164 261 140 478 494 33 224 489 74 128 35 487 316 42 462 188 57 400 201 411 159 317 401 327 435 375 299 250 206 68 337 123 271 83 472 220 445 249 251 86 236 115 310 274 163 207 169 93 285 166 95
158 11 368 129 103 60 361 142 200 345 399 125 263 390 37 410 247 398 213 227 223 14 43 241 427 73 233 352 257 216 380 254 130 473 109 444 484 21 191 77 114 475 339 89 439
255 203 328 234 165 134 168 106 133 211 194 425 291 412 372 417 217 476 118 377 8 329 269 145 173 471 434 414 232 152 499 304 50 490 238 192 246 408 378 252 209 96 112 416 177 268 426 371 267 369 402 23
