19329
287 259 452 242 108 420 463 140 478 494 200 181 135 82 212 272 331 377 379 196 290 62 34 496 471 312 223 401 364 32 262 72 190 230 271 346 362 249 354 363 479 179 464 237 413 171 146 457 295
17 136 80 18 164 121 300 38 396 303 492 425 489 458 360 229 117 188 57 418 16 465 411 184 256 305 429 469 244 216 46 264 238 488 428 36 386 183 3 20 52 273 81 119 53 58 101 349 439
255 203 328 234 165 134 168 170 153 320 194 447 498 283 139 71 176 37 15 97 376 315 317 437 321 232 152 325 63 404 257 381 215 67 254 130 198 124 301 231 393 286 455 323 358 175 55 166 402 440
185 113 29 64 341 293 54 486 491 419 351 61 345 27 294 263 390 459 99 367 269 145 173 433 197 26 327 392 162 9 344 353 296 24 460 405 94 266 466 340 209 96 275 441 357 461 178 394 147 89 23
474 69 330 102 397 350 306 66 174 75 292 483 47 151 28 406 91 148 338 193 141 159 324 43 241 427 73 233 352 68 337 123 313 90 378 10 251 86 236 112 416 177 268 426 371 285 369 95
277 424 204 373 219 409 261 106 133 211 370 253 291 412 372 42 25 87 382 208 497 495 127 348 279 14 481 240 451 304 302 281 202 380 192 246 408 450 333 13 149 280 248 6 484 21 191 77 39 391 384 339 56
158 11 368 129 103 98 311 92 40 224 74 322 189 332 487 417 217 131 385 243 12 410 247 398 213 157 407 342 30 499 456 442 493 137 210 276 355 319 445 473 109 444 115 310 274 309 314 161 475 150
143 85 51 84 60 361 142 278 218 221 436 399 125 316 44 118 228 400 201 160 222 482 454 105 187 120 485 356 7 76 83 472 220 252 334 365 132 326 126 297 383 114 470 49 448
308 180 318 298 366 335 88 387 70 389 282 288 446 186 78 8 329 226 155 214 111 430 138 468 374 59 1 467 443 116 421 154 225 31 195 480 431 258 423 4 5 270 19 107 239 235 100 2
265 284 477 199 395 359 453 500 289 33 110 336 128 35 156 45 22 476 65 462 122 415 388 449 41 260 227 422 434 414 347 435 375 299 250 206 50 490 245 144 79 48 182 403 343 307 167 104 432 163 207 169 93 267 438 172 205
