18435
287 259 452 242 108 420 366 311 92 40 224 425 291 412 372 417 217 186 243 377 418 400 201 411 312 342 437 321 232 435 375 244 216 46 264 238 488 408 450 333 13 251 86 236 112 416 177 309 314 161 369 440
308 180 373 219 409 121 300 38 396 370 253 389 27 294 272 462 12 228 8 329 269 145 173 471 317 454 32 120 304 302 281 271 266 466 340 343 307 167 326 126 81 119 53 55 166 95
255 203 328 234 165 134 168 491 419 387 181 135 82 212 44 87 57 388 15 97 376 407 324 327 392 429 262 72 190 230 137 67 83 472 220 252 403 209 96 258 423 52 273 268 426 371 267 101 349 205
185 113 424 204 318 54 486 306 66 174 303 492 345 498 283 139 263 118 122 415 410 247 398 213 157 433 222 26 138 364 305 105 187 325 63 404 257 380 192 346 362 249 334 365 124 301 275 441 357 461 178 235 150
17 136 80 18 298 453 500 289 278 218 221 436 332 45 22 71 176 382 91 367 226 155 160 184 401 374 451 485 356 7 202 381 276 378 10 354 363 479 179 104 432 163 207 169 93 394 147 89
143 85 102 397 350 335 88 194 336 399 125 316 42 25 459 208 148 338 260 496 315 197 14 43 30 59 1 467 443 116 94 144 79 428 36 386 183 3 484 21 191 77 114 391 438 172 448 23
158 11 368 129 103 98 170 153 320 200 447 282 288 446 151 28 78 99 449 41 348 159 223 430 241 427 73 299 250 206 50 490 90 48 182 195 480 431 20 4 5 270 19 107 239 285 384 339 439
277 29 64 341 293 84 60 361 142 61 75 292 458 360 229 476 65 188 406 196 290 62 34 214 141 434 482 256 240 9 344 456 442 493 76 421 355 319 445 149 280 248 6 464 237 413 171 146 58 475 56
265 284 477 199 395 261 106 133 211 351 110 322 189 156 483 47 131 385 331 379 16 465 193 111 481 468 162 469 233 352 68 337 123 313 210 246 254 130 198 132 231 393 286 455 323 358 175 470 49 402 2
474 69 330 51 164 359 463 140 478 494 33 70 489 74 128 35 487 117 390 37 497 495 127 227 422 279 414 347 152 499 353 296 24 460 405 245 215 154 225 31 473 109 444 115 310 274 297 383 39 457 100 295
