19077
308 180 373 219 409 463 140 478 494 200 181 135 82 212 44 390 37 400 201 157 342 414 105 187 120 304 302 281 380 246 254 130 198 132 484 21 191 77 39 457 369 95
255 203 328 234 165 134 168 491 419 142 110 345 498 283 139 263 25 28 78 208 15 97 376 141 111 327 392 162 469 233 352 257 216 421 450 333 13 149 280 248 6 423 4 5 270 19 107 239 55 166 448
158 11 368 129 103 350 500 38 492 322 189 156 483 47 151 188 57 91 290 62 34 496 312 437 321 232 32 262 72 190 230 76 144 79 428 10 354 363 479 179 464 237 413 171 146 58 475 339 89 2
265 284 477 242 108 420 121 311 92 40 278 292 458 360 229 272 462 406 497 495 127 348 422 223 43 241 427 73 299 250 206 68 337 123 271 266 466 340 195 480 431 258 104 432 163 207 169 93 285 438 56
287 259 452 51 164 486 300 361 370 253 389 27 294 117 243 459 415 410 247 398 213 227 407 434 401 30 499 456 442 493 313 154 225 251 86 236 112 416 177 323 358 175 470 49 100 440
143 85 102 397 98 170 153 396 194 447 282 288 446 186 118 228 148 338 260 214 433 184 279 14 481 240 451 485 356 7 202 210 276 355 319 36 386 183 3 20 52 273 81 119 53 384 402 23
113 29 64 341 293 84 60 306 66 174 303 218 221 436 332 45 22 71 176 331 377 99 418 8 329 269 145 173 471 317 430 256 468 374 59 1 467 443 116 381 215 67 408 378 252 403 343 307 167 326 126 297 383 114 391 235 439
17 136 80 18 298 453 133 211 351 61 425 489 74 128 35 487 316 42 87 12 379 16 465 193 315 197 26 138 364 305 152 325 63 404 46 264 238 488 346 362 31 473 109 444 275 441 268 426 371 267 101 349 150
185 474 69 330 199 395 359 366 335 88 387 70 75 291 412 372 417 217 476 65 122 388 449 41 411 222 482 454 429 9 344 353 296 24 460 405 245 192 83 472 220 445 249 334 365 124 301 115 310 274 309 314 161 147 295
277 424 204 318 54 261 106 320 289 33 224 336 399 125 131 385 382 196 367 226 155 160 159 324 347 435 375 244 50 490 137 94 90 48 182 209 96 231 393 286 455 357 461 178 394 172 205
