19049
277 424 204 373 219 409 486 491 419 194 70 75 291 412 372 417 42 57 497 495 127 348 422 312 342 414 240 9 429 296 24 460 405 94 90 378 403 209 96 326 126 191 77 39 285 384 339 89 439
287 259 452 242 108 420 121 300 38 396 289 200 425 489 74 128 35 487 316 44 65 462 459 8 329 398 213 157 222 26 364 305 374 325 63 404 46 264 421 254 130 343 307 167 275 441 323 358 114 391 100 23
308 180 318 298 453 500 351 492 221 436 332 45 22 476 118 122 415 410 247 41 260 227 407 197 437 30 59 1 467 443 116 313 210 355 319 10 354 363 479 179 464 237 297 383 175 470 49 349 440
255 203 328 234 165 134 168 140 478 494 387 336 27 294 272 385 390 37 388 367 269 145 173 315 14 138 321 232 435 375 244 50 490 245 215 346 362 31 251 86 236 20 104 268 177 81 169 93 166 205
143 85 51 84 60 361 142 61 292 458 360 229 131 243 12 228 16 465 160 471 434 430 256 241 427 73 299 250 206 68 337 123 271 79 428 252 334 365 132 112 416 357 53 58 235 438 402 2
158 11 368 129 103 350 306 66 174 303 447 498 283 139 186 87 406 99 418 148 226 155 214 433 184 279 482 347 152 499 353 456 442 493 76 276 408 48 182 36 386 183 3 484 52 273 413 309 461 178 394 147 150
17 136 80 18 164 359 366 311 92 40 224 389 282 288 446 151 188 382 379 449 338 193 141 317 401 327 392 469 233 352 257 216 238 488 450 333 13 473 109 444 231 393 286 455 171 146 457 369 95
113 29 64 341 293 54 261 106 133 211 370 253 181 135 82 212 263 25 208 196 400 201 411 223 481 468 162 451 344 485 356 7 381 67 83 472 220 445 149 280 248 6 423 4 5 270 19 107 267 101 172 295
265 284 477 199 395 463 335 88 33 110 345 399 125 217 117 28 78 91 290 62 34 496 159 324 454 32 262 72 190 230 202 380 192 154 225 249 195 480 431 258 310 274 314 426 371 161 475 448
185 474 69 330 102 397 98 170 153 320 278 218 322 189 156 483 47 71 176 331 377 15 97 376 111 43 105 187 120 304 302 281 137 144 246 266 466 340 198 124 301 115 21 432 163 119 207 239 55 56
