19342
113 29 64 341 293 298 366 306 66 174 303 74 322 189 156 483 47 151 188 382 415 388 15 97 376 433 279 430 347 32 120 485 356 404 257 271 192 266 466 340 198 132 115 310 274 309 314 161 49 349 440
474 69 330 199 395 486 491 419 40 224 181 135 82 212 263 331 377 99 400 201 411 315 317 437 240 9 344 353 296 24 460 405 245 276 83 472 220 445 249 334 365 124 301 112 416 177 268 426 371 55 166 56
255 203 328 234 165 134 168 170 153 320 194 492 425 489 458 360 229 476 65 462 459 8 329 226 155 214 482 454 105 187 325 63 50 490 380 346 362 10 251 86 236 258 423 4 5 270 19 107 239 475 95
308 180 318 54 261 106 133 211 387 75 291 412 372 417 217 131 25 87 57 379 418 91 449 41 260 160 111 481 30 59 1 467 443 116 215 67 408 450 333 13 473 109 444 275 441 323 358 175 470 438 448
287 259 452 51 84 453 500 351 253 447 128 35 487 316 44 28 122 16 465 193 141 222 26 256 392 429 262 72 190 230 202 381 488 154 225 31 343 307 167 464 237 413 163 207 169 93 285 384 339 89 439
265 284 477 242 108 420 463 140 478 494 278 218 292 283 294 117 78 148 338 157 407 434 414 468 162 375 244 302 281 313 210 90 254 130 195 480 431 484 21 191 77 114 267 369 402 23
158 11 368 129 103 98 311 92 200 389 27 399 139 272 385 390 12 228 497 495 127 348 422 184 197 401 364 305 374 451 250 7 493 76 421 378 36 386 183 3 20 52 273 171 146 457 150
277 424 204 80 18 164 359 350 335 88 370 70 221 436 332 45 22 71 176 118 208 247 398 213 227 471 342 138 321 232 435 469 233 352 46 264 94 246 48 182 403 209 96 231 393 286 455 357 461 178 235 147 2
185 143 85 373 219 409 60 361 142 61 336 282 288 446 186 243 406 410 290 62 34 496 159 324 327 152 499 456 442 216 238 79 428 252 354 363 479 179 104 432 81 119 53 58 394 172 205
17 136 102 397 121 300 38 396 289 33 110 345 498 125 42 37 196 367 269 145 173 312 223 14 43 241 427 73 299 304 206 68 337 123 137 144 355 319 149 280 248 6 326 126 297 383 39 391 101 100 295
