18468
308 180 373 219 409 261 106 133 211 200 345 498 283 139 186 390 37 388 367 269 145 173 141 222 26 256 241 427 73 233 352 68 337 123 137 421 266 466 340 198 132 231 393 126 297 383 39 391 49 339 402 2
277 424 204 318 298 366 306 66 174 303 181 135 82 212 44 87 377 449 41 260 227 433 197 430 454 32 120 190 230 271 192 346 362 31 195 480 431 310 274 314 426 371 161 475 150
185 474 69 330 51 84 60 361 142 61 218 221 436 332 45 22 71 176 118 122 415 410 247 398 496 159 324 481 240 9 344 456 442 216 313 210 90 154 225 149 280 248 6 326 20 4 5 270 19 107 178 369 205
158 11 368 129 103 486 491 419 351 224 447 27 294 263 331 15 97 376 471 111 347 435 469 244 485 356 46 264 238 488 408 450 333 13 343 307 167 104 432 171 146 457 172 440
287 259 452 242 108 420 463 140 478 494 387 336 399 125 217 131 385 28 78 418 8 329 226 155 160 342 414 364 105 187 325 63 404 257 380 246 355 319 473 109 444 115 286 455 163 119 207 239 285 384 95
265 284 477 199 395 168 311 92 40 278 75 291 412 372 417 476 65 406 99 196 290 62 34 214 422 312 223 14 138 321 232 152 499 353 296 24 460 405 94 144 378 252 334 365 124 301 275 441 323 358 175 394 100
143 85 102 397 98 170 153 320 289 33 70 389 282 288 446 117 243 12 228 497 495 127 348 184 279 437 305 374 451 250 206 50 490 245 79 48 182 403 209 96 112 416 357 53 58 235 349 295
17 136 80 18 164 359 350 335 88 194 492 425 489 74 128 35 487 316 42 462 459 208 16 465 213 157 407 434 401 327 392 429 262 72 7 493 76 254 130 36 386 183 3 484 21 191 77 114 267 101 438 56
113 29 64 341 293 54 121 300 38 396 110 292 458 360 229 272 25 57 379 400 201 411 482 468 162 375 299 304 302 281 202 381 276 83 472 220 445 249 354 363 479 179 464 237 413 309 461 470 147 89 439
255 203 328 234 165 134 453 500 370 253 322 189 156 483 47 151 188 382 91 148 338 193 315 317 43 30 59 1 467 443 116 215 67 428 10 251 86 236 258 423 52 273 268 177 81 169 93 55 166 448 23
