13276
263 304 197 554 131 679 648 284 552 450 164 469 330 180 548 407 372 488 634 16 645 210 664 217 11 309 262 41 356 633 502 158 616 129 244 700 317 21 458 68 243 528 662 285 202 391 621 362 46 320 161 457 115 359 275 498 214 1 400 429
314 357 667 567 590 141 177 125 612 36 213 593 199 334 419 585 439 250 514 637 230 200 386 91 666 415 24 558 690 297 697 418 507 366 482 402 547 192 117 476 641 65 331 472 374 600 572 555 396 680 560 120 78 221 474 668 146 537 692 113 519
577 38 389 587 650 559 216 121 686 3 515 234 354 448 103 173 557 306 13 530 422 299 27 397 428 644 437 291 81 344 4 325 477 646 518 73 32 43 617 134 524 311 447 649 218 370 388 326 147 578 642 467 358 185 501 34 211 489
381 601 684 423 162 408 237 541 504 494 248 287 387 566 150 441 282 526 611 355 461 301 30 283 416 40 35 676 436 69 478 576 589 270 64 687 207 37 114 62 376 571 128 256 395 7 513 406 323 670 499 452 678 599
653 586 522 318 315 290 427 148 48 286 153 523 405 172 276 108 279 379 312 463 455 163 449 278 245 444 332 179 249 570 579 186 508 377 15 56 208 435 255 267 138 610 98 385 51 462 295 531 466 99 39 580 446 6 540 434 481 305
609 565 527 597 542 165 640 623 122 88 105 18 661 45 343 619 95 654 111 14 127 92 401 658 699 630 453 369 42 371 682 63 594 517 546 529 240 333 67 70 241 132 659 313 206 169 102 101 196 156 246 20 77 596
61 660 93 209 543 87 66 338 149 79 235 615 155 655 626 613 194 614 635 269 368 516 352 430 104 319 239 473 253 365 487 384 533 201 220 203 90 562 675 399 563 340 271 532 573 486 671 259 154 345 625 410 298 553 296
588 277 656 215 44 549 116 302 583 145 10 643 479 651 431 383 380 126 96 454 511 339 512 361 485 110 204 603 219 321 598 556 238 375 495 143 97 53 171 109 22 412 107 28 438 57 118 691 50
564 316 367 433 681 605 175 144 491 170 195 183 17 268 592 19 483 465 231 223 187 136 327 159 257 378 534 75 261 440 322 288 677 445 420 29 414 292 25 347 54 468 464 475 236 390 673 181 74 174 160 224 123 85 191 228 119 84 26 669 363 227 324 470 349
225 608 139 426 76 665 629 683 417 432 140 307 274 112 628 551 545 300 696 413 328 47 266 350 393 335 480 471 133 100 694 443 124 190 618 167 409 506 58 497 544 695 510 509 360 31 500 71 12 484 496 193 232 86 222 137 647 394 182 342 142 425 184 591 293 188
460 693 130 652 604 398 152 329 273 606 55 620 226 493 561 575 392 521 178 59 539 490 151 281 411 602 135 348 52 33 631 60 624 582 698 252 403 168 353 688 538 373 492 89 639 657 229 106 364 189 636 574 622 674 82 2 672 272 442 627 569 176 8 638 520 595
337 584 264 72 9 336 251 351 212 346 632 550 242 265 80 247 49 607 303 310 505 503 382 258 308 341 83 581 459 233 23 451 689 260 157 198 663 685 525 205 294 421 568 536 280 404 94 424 254 5 289 535 456 166
