13090
263 304 197 554 131 141 679 648 284 686 3 112 287 387 45 585 265 306 13 151 281 411 393 335 200 534 261 416 444 332 179 249 570 579 186 508 377 15 56 208 435 255 267 138 610 98 385 51 462 295 531 466 99 39 580 446 6 540 434 481 305
314 357 667 567 590 408 177 125 612 36 213 593 268 628 551 561 651 431 383 380 126 96 350 27 397 348 699 278 291 308 341 83 581 459 233 23 451 689 260 157 198 663 685 525 205 294 421 568 536 280 404 94 424 254 5 289 535 456 166
577 38 389 597 650 559 336 121 195 183 17 234 354 242 173 279 269 379 312 454 511 339 428 133 91 666 415 24 558 690 297 697 418 507 366 482 402 547 192 117 476 641 65 331 472 374 600 572 555 396 680 560 120 78 221 474 668 146 537 692 113 519
381 601 684 162 237 541 504 494 248 620 592 334 419 548 619 247 490 557 530 422 299 230 257 30 382 33 258 11 309 262 41 356 633 502 158 616 129 244 700 317 21 458 68 243 528 662 285 202 391 621 362 46 320 161 457 115 359 275 498 214 1 400 429
653 586 522 318 315 290 427 165 144 491 417 302 122 88 105 18 661 575 392 521 413 328 47 266 602 480 471 52 100 361 288 677 445 420 29 414 292 25 347 54 468 464 475 236 390 673 181 74 174 160 224 123 85 191 228 119 84 26 669 363 227 324 470 349
609 565 527 587 542 251 552 346 632 550 180 343 407 372 111 14 127 92 401 658 75 694 630 453 369 42 371 682 63 594 517 546 529 240 333 67 70 241 132 659 313 206 169 102 101 196 156 246 20 77 596
660 93 209 215 87 66 338 149 351 212 164 469 172 276 108 178 59 539 611 355 430 104 283 239 81 344 4 325 477 646 518 73 32 373 43 617 134 524 311 447 649 218 370 388 326 147 578 642 467 358 185 501 34 211 489
588 277 656 543 44 549 640 623 583 145 515 10 643 479 566 150 441 282 95 654 488 634 16 645 210 664 319 631 60 624 582 698 252 403 168 353 688 538 492 89 639 657 229 106 364 189 636 574 622 674 82 2 672 272 442 627 569 176 8 638 520 595
564 316 367 433 681 605 175 170 79 235 615 155 655 448 103 194 614 635 187 136 310 505 503 512 440 485 40 35 676 436 69 478 576 589 270 64 687 207 37 114 62 376 571 128 256 395 7 513 406 323 670 499 452 678 599
225 608 139 426 76 665 629 329 116 606 55 199 19 483 465 231 223 49 607 303 327 463 135 378 644 437 245 110 204 603 219 321 598 556 238 375 495 143 97 53 171 109 22 412 107 28 438 57 118 691 50
460 693 130 652 604 398 152 216 273 432 140 307 274 450 226 493 330 626 613 80 526 368 516 352 159 455 163 449 217 322 473 253 365 487 384 533 201 220 203 90 562 675 399 563 340 271 532 573 486 671 259 154 345 625 410 298 553 296
61 337 584 264 423 72 9 683 148 48 286 153 523 405 545 300 696 439 250 514 637 461 301 386 443 124 190 618 167 409 506 58 497 544 695 510 509 360 31 500 71 12 484 496 193 232 86 222 137 647 394 182 342 142 425 184 591 293 188
