18435
308 180 318 54 261 335 88 33 224 181 135 82 212 44 331 406 367 269 145 173 279 14 138 364 435 375 299 250 206 50 490 137 144 79 428 36 386 183 3 20 4 5 270 19 107 239 55 448 23
255 203 328 234 165 134 168 106 133 211 370 253 322 189 156 483 47 151 57 497 495 127 348 312 223 43 241 427 73 233 352 68 337 123 94 90 355 319 445 198 124 301 231 393 286 455 309 314 161 166 402 440
287 259 452 51 84 453 500 289 61 218 292 458 360 229 272 385 118 377 379 410 290 62 34 496 315 317 327 392 429 262 72 190 230 381 210 83 472 220 249 354 363 479 179 464 237 297 383 114 391 475 339 56
185 113 424 204 80 18 164 350 306 66 174 110 447 27 294 71 176 87 12 228 8 329 226 155 160 471 407 434 482 347 152 499 485 356 7 76 488 266 466 340 334 365 132 115 310 274 323 358 175 470 49 349 150
277 29 64 341 293 298 366 311 92 40 278 336 498 283 139 263 25 459 415 91 449 41 260 227 159 324 437 374 451 304 302 281 202 421 154 225 10 343 307 167 484 21 191 77 39 285 369 295
17 136 373 219 409 486 491 419 351 70 221 436 332 45 22 186 390 37 99 16 465 213 157 111 401 321 232 32 120 456 442 493 271 48 182 149 280 248 6 326 126 163 207 169 93 267 101 438 95
474 69 330 102 397 98 170 153 320 194 492 425 489 74 128 35 487 316 42 462 78 208 196 400 201 411 222 430 454 105 187 325 63 404 257 238 192 346 362 31 195 480 431 258 104 432 81 119 53 457 100
265 284 477 199 395 359 463 140 478 494 387 389 282 288 446 117 188 382 418 148 338 193 422 184 414 305 30 59 1 467 443 116 313 276 408 450 333 13 473 109 444 423 52 273 413 171 146 58 235 147 89 2
143 85 242 108 420 121 300 38 396 303 75 291 412 372 417 217 476 65 28 388 15 97 376 433 197 26 481 468 162 469 244 216 46 264 380 254 130 251 86 236 275 441 357 461 178 394 172 439
158 11 368 129 103 60 361 142 200 345 399 125 131 243 122 247 398 214 141 342 256 240 9 344 353 296 24 460 405 245 215 67 246 378 252 403 209 96 112 416 177 268 426 371 384 205
