18435
308 180 318 54 261 335 88 33 224 181 135 82 212 44 390 459 208 400 201 157 222 401 468 162 375 244 216 46 264 94 144 83 472 220 445 249 354 363 479 179 464 237 297 383 114 470 475 56
255 203 328 234 165 134 168 106 133 211 370 253 322 189 156 483 47 151 87 57 91 449 41 193 422 197 347 32 120 485 356 7 202 381 210 266 466 340 198 124 301 231 393 286 455 309 314 161 166 402 440
287 259 452 51 84 453 500 289 61 218 292 458 360 229 272 25 377 379 196 247 398 213 227 312 26 481 232 435 469 233 352 68 337 123 313 90 346 362 31 209 96 104 432 81 119 53 457 100
185 113 424 204 80 18 164 350 306 66 174 110 447 27 294 71 176 331 415 410 290 62 34 214 433 279 437 321 240 9 344 296 24 460 405 276 355 319 149 280 248 6 326 126 163 207 169 93 267 101 438 95
277 29 64 341 293 298 366 311 92 40 278 336 498 283 139 263 37 367 226 155 160 159 223 43 105 187 325 63 404 257 271 192 246 408 450 333 13 473 109 444 484 21 191 77 39 391 369 295
17 136 373 219 409 486 491 419 351 70 221 436 332 45 22 186 243 12 228 15 97 376 141 184 324 374 451 353 456 442 493 245 215 67 378 252 403 343 307 167 275 441 357 461 178 394 172 439
474 69 330 102 397 98 170 153 320 194 492 425 489 74 128 35 487 316 42 462 122 497 495 127 348 111 482 454 152 499 304 302 281 137 421 254 130 334 365 132 115 310 274 323 358 175 49 349 150
265 284 477 199 395 359 463 140 478 494 387 389 282 288 446 117 28 78 16 465 411 471 407 342 14 138 364 305 30 59 1 467 443 116 380 48 182 195 480 431 258 423 52 273 413 171 146 58 235 147 89 2
143 85 242 108 420 121 300 38 396 303 75 291 412 372 417 217 476 65 118 406 99 418 8 329 269 145 173 315 317 430 256 241 427 73 299 250 206 50 490 238 79 428 10 251 86 236 112 416 177 268 426 371 285 384 205
158 11 368 129 103 60 361 142 200 345 399 125 131 385 188 382 388 148 338 260 496 434 414 327 392 429 262 72 190 230 76 488 154 225 36 386 183 3 20 4 5 270 19 107 239 55 339 448 23
