18817
308 180 318 54 261 335 88 33 224 181 135 82 212 44 390 37 91 247 398 213 157 312 414 321 232 435 469 244 302 281 202 210 79 48 182 403 209 96 112 416 177 268 426 371 285 384 339 205
255 203 328 234 165 134 168 106 133 211 370 253 322 189 156 483 47 151 459 208 449 41 214 223 437 30 59 1 257 68 337 123 313 276 83 472 220 445 473 109 444 115 310 274 323 358 175 49 349 150
287 259 452 51 84 453 500 289 61 218 292 458 360 229 272 385 78 410 290 62 34 227 222 401 468 162 375 299 250 206 50 490 421 254 130 251 86 236 104 432 81 119 53 457 100
185 113 424 204 80 18 164 350 306 66 174 110 447 27 294 71 176 188 406 99 418 16 465 193 141 407 434 482 256 392 429 262 72 190 230 76 488 355 319 10 354 363 479 179 464 237 297 383 114 470 475 56
277 29 64 341 293 298 366 311 92 40 278 336 498 283 139 263 25 382 8 329 226 155 160 315 317 14 347 32 120 485 356 7 381 215 67 450 333 13 149 280 248 6 326 126 163 207 169 93 267 101 438 95
17 136 373 219 409 486 491 419 351 70 221 436 332 45 22 186 28 122 415 388 148 338 260 496 422 184 197 26 138 364 305 374 451 353 296 24 460 405 245 90 154 225 31 195 480 431 20 4 5 270 19 107 239 55 172 448 23
474 69 330 102 397 98 170 153 320 194 492 425 489 74 128 35 487 316 42 118 377 379 196 367 269 145 173 159 324 327 152 499 304 467 443 116 380 428 36 386 183 3 484 21 191 77 39 391 369 295
265 284 477 199 395 359 463 140 478 494 387 389 282 288 446 117 87 57 497 495 127 348 111 430 454 105 187 325 63 404 46 216 271 408 378 252 343 307 167 275 441 357 461 178 394 439
143 85 242 108 420 121 300 38 396 303 75 291 412 372 417 217 476 65 462 12 228 400 201 411 471 279 481 240 9 344 456 442 493 137 94 144 246 346 362 249 334 365 132 258 423 52 273 413 171 146 58 235 147 89 2
158 11 368 129 103 60 361 142 200 345 399 125 131 243 331 15 97 376 433 342 43 241 427 73 233 352 264 238 192 266 466 340 198 124 301 231 393 286 455 309 314 161 166 402 440
