13090
316 367 93 389 215 44 408 177 125 612 79 235 615 387 566 150 441 173 380 126 96 310 505 503 382 133 100 666 415 24 558 690 297 697 418 507 186 598 556 90 117 267 399 174 340 271 532 85 193 536 280 404 101 627 438 57 118 691 50
588 357 667 587 542 329 116 48 286 153 105 155 655 431 383 413 328 611 355 92 401 658 485 110 204 698 252 403 508 377 238 617 134 524 311 97 71 385 51 462 295 206 578 107 457 78 221 5 499 452 678 599
577 130 565 527 665 629 683 148 541 36 183 17 268 346 632 550 242 282 526 47 266 350 393 335 200 534 75 630 40 35 365 167 409 168 353 688 538 492 475 236 390 673 181 447 65 331 472 294 574 573 486 169 2 115 424 142 425 324 470 349
61 660 601 684 423 567 590 141 273 623 140 55 10 643 479 651 448 103 194 614 635 187 136 454 511 339 428 319 361 245 444 332 179 249 570 579 366 451 689 695 510 198 663 685 37 98 662 285 202 555 396 256 395 154 669 363 227 8 638 520 595
609 656 315 87 170 122 88 18 661 575 392 521 306 13 151 281 411 463 455 163 512 217 443 124 190 262 41 356 633 23 506 58 497 544 129 244 700 229 641 649 224 123 421 572 622 621 531 671 84 560 7 513 323 410 289 535 456 166
381 608 139 398 72 9 237 302 351 212 628 551 545 300 696 265 80 247 490 557 530 422 299 461 301 283 239 308 341 83 581 459 233 478 576 589 270 15 64 639 657 317 21 458 68 53 171 109 326 147 86 259 642 580 446 474 668 146 298 553 296
337 584 522 318 426 76 650 559 338 606 307 274 450 164 234 354 626 613 407 372 111 14 127 27 397 348 52 33 416 60 624 582 487 384 502 158 616 43 375 495 143 70 243 218 370 388 313 119 137 39 467 359 254 498 214 1 113 519
225 209 543 290 427 165 216 121 195 213 593 199 334 419 585 178 59 539 368 516 352 159 480 471 644 437 91 288 677 618 603 219 321 201 220 203 546 192 687 207 106 364 528 132 659 391 232 680 26 182 342 156 670 537 692 400 429
564 314 38 433 681 162 549 251 504 494 248 620 226 493 172 276 108 439 250 514 637 230 257 30 664 261 440 322 81 344 4 325 477 646 25 347 54 468 464 240 333 138 563 160 12 484 568 362 674 82 120 272 196 6 540 434 481 305
263 277 652 604 554 131 66 491 417 432 552 523 405 561 483 465 279 269 379 312 430 104 699 258 473 253 676 436 69 533 482 402 547 529 89 435 255 476 67 525 205 374 22 412 228 46 320 161 647 28 625 275 246 20 77 596
653 586 197 605 175 144 640 149 686 3 515 592 19 45 343 619 95 654 488 634 16 645 210 386 694 291 453 369 42 371 682 63 594 517 260 157 562 675 500 241 189 636 571 128 466 102 672 442 406 358 185 501 34 211 489
460 693 304 264 597 152 336 679 648 284 583 145 112 287 469 330 180 548 231 223 49 607 303 327 602 135 378 449 278 631 11 309 445 420 29 414 292 518 73 32 373 56 208 509 360 31 74 610 114 62 376 600 496 191 222 99 394 94 345 569 176 184 591 293 188
