5095
839 79 651 37 863 228 535 719 294 765 463 366 413 546 896 668 272 606 110 319 135 703 828 549 194 775 395 876 247 335 548 181 304 827 311 440 620 118 629 951 516 168 437 989 507 718 316 35 515 524 736 139 832 252 287 634 849 390 941 922 678 649 618 916 90 598 871 322 166 999
158 30 87 537 657 365 224 262 727 854 801 424 760 831 497 17 61 838 60 512 689 486 397 281 797 381 972 382 743 85 479 729 721 95 860 898 701 551 113 571 915 706 696 980 451 541 126 788 18 474 364 739 666 245 100 796 129 613 254 908 679 823 935 219 92 622 820 360 445
4 408 824 725 496 891 550 808 220 185 904 510 638 946 810 730 733 925 277 342 633 393 301 881 577 786 664 55 86 409 900 450 160 59 643 227 251 324 835 464 623 174 560 581 78 789 690 180 880 191 167 604 662 286 263 610 818 278 842 427 368 731 89 910 49 965 314
444 868 431 198 648 165 176 388 210 44 506 894 547 490 626 159 343 592 91 482 806 346 578 822 644 919 735 99 695 439 671 959 833 846 748 489 745 784 707 611 795 742 280 603 885 83 282 178 558 485 182 899 443 384 361 982 785 144 964 672 270 615 104
231 337 990 955 864 508 942 40 6 48 134 631 567 933 565 943 415 284 379 495 257 391 226 680 352 710 799 861 66 569 562 137 154 840 852 702 217 640 173 308 96 163 738 994 921 608 480 590 746 468 773 472 836 175 63 850 905 912 991 240 847 660 939 350
155 538 862 492 607 141 447 212 645 128 625 709 717 203 339 977 802 732 892 614 45 930 974 769 208 190 22 676 961 435 763 239 830 142 576 693 509 953 103 74 564 869 276 123 587 958 362 77 386 874 58 414 973 161 399 758 932 461 981 674 809 639 268 903 540 720 426 333 94 601 358 148
498 741 202 405 774 762 349 436 971 726 677 401 120 127 293 264 15 534 585 986 143 804 423 855 879 511 766 747 406 242 761 72 557 326 616 274 566 767 691 121 528 317 539 171 526 312 918 938 80 698 875 817 372 466 514 238 200 519 807 199 749 432 82 556 107 988 870
258 385 553 993 477 889 716 25 41 162 647 856 84 213 216 16 187 458 734 805 34 790 453 883 455 42 10 484 661 996 183 425 756 841 250 119 13 229 909 967 596 521 153 728 692 196 500 370 442 249 285 552 984 637 206 682 323 248 714 632 936 621 244 609
656 723 770 24 9 998 478 136 778 356 338 93 255 31 893 636 321 296 857 377 667 753 302 575 997 347 298 459 116 813 771 357 469 628 2 253 956 193 88 71 38 309 654 260 673 448 117 687 599 97 911 330 222 65 685 579 177 394 429 960
573 164 593 125 147 69 81 768 504 403 11 559 331 411 419 329 197 430 114 812 446 275 327 887 750 605 700 582 897 505 752 923 237 843 373 23 33 416 345 172 844 305 351 51 332 400 378 473 307 421 665 787 800 517 630 708 858 655 724 389 902 501 970 688 985
877 404 383 543 151 105 681 132 290 184 223 907 243 686 580 837 221 170 344 978 950 944 289 884 402 522 313 156 70 658 57 5 584 112 26 320 261 283 568 845 947 776 111 529 975 19 62 906 920 186 683 214 149 992 523 396 757 27 829 888 109 375 102 867 834 983 659 684 561 348
873 493 150 966 589 467 328 236 29 267 355 420 374 917 570 937 536 699 670 591 711 369 890 792 759 586 288 949 279 28 131 612 779 211 46 8 865 50 712 563 53 20 853 235 376 617 927 300 334 39 772 929 481 518 811 299 793 542 697 979 848 487 398 460 530
76 336 602 7 54 882 465 957 781 101 1000 115 851 256 940 359 457 926 1 3 188 968 675 653 650 544 572 555 449 310 218 195 488 64 201 740 594 230 924 192 152 271 410 434 106 387 642 433 694 353 499 234 32 755 246 36 340 21 886 56 859 525 303 704 169 663 931 600 532
976 138 588 341 969 438 418 68 782 527 502 145 367 624 291 520 204 475 928 722 744 503 407 133 140 819 754 963 73 315 494 783 225 934 635 67 75 209 371 325 619 12 179 146 737 491 646 43 269 821 764 266 232 108 47 595 945 454 952 354 452 471 641 816 777 533 318 241
954 157 363 531 554 866 392 825 901 751 803 895 826 798 98 124 815 513 583 428 597 814 52 207 715 259 872 914 462 273 483 233 205 705 574 791 794 122 417 295 306 652 292 130 422 215 441 470 456 713 948 627 962 412 297 987 265 14 995 913 780 878 669 380 476 545 189
