18817
308 180 318 298 366 306 66 174 303 336 399 125 217 476 65 28 78 247 398 213 227 347 32 120 304 467 443 116 313 83 472 220 445 249 354 363 479 179 464 237 270 19 107 239 55 166 56
255 203 328 234 165 134 60 361 142 278 218 322 189 156 483 47 131 385 390 87 382 415 8 329 226 155 214 111 482 138 364 305 374 451 250 206 50 490 245 215 79 48 182 334 365 132 115 310 274 297 383 114 391 235 349 439
277 29 64 341 293 54 261 106 133 211 370 70 181 135 82 212 44 243 122 418 91 148 338 411 223 414 321 232 152 499 485 356 7 202 380 192 450 333 13 251 86 236 258 104 432 163 207 169 93 384 339 205
265 284 477 199 395 359 350 335 88 194 492 291 412 372 417 117 459 410 290 62 34 157 197 401 241 427 73 299 63 404 46 216 421 346 362 10 209 96 112 416 177 323 358 175 470 475 150
287 259 452 242 108 420 463 140 478 494 33 224 221 436 332 45 22 186 12 228 449 41 260 496 471 159 434 481 240 9 344 353 296 24 460 405 381 276 355 319 195 480 431 20 4 5 309 314 161 49 172 448
185 143 85 51 84 453 500 387 425 489 74 128 35 487 316 42 25 406 497 495 127 348 422 312 324 43 30 59 1 257 68 337 123 210 90 408 378 149 280 248 6 326 126 357 461 178 101 95
113 424 204 80 18 164 486 300 38 396 289 200 447 282 288 446 151 331 377 388 400 201 160 433 184 279 14 327 392 429 262 72 190 230 76 67 246 254 130 473 109 444 231 393 286 455 81 119 53 457 100 295
474 69 330 102 397 98 170 153 320 61 75 292 458 360 229 272 462 188 57 99 196 367 269 145 173 315 317 430 256 468 162 375 244 302 281 271 266 466 340 36 386 183 3 484 21 191 77 39 285 369 402 2
158 11 368 129 103 121 311 92 40 110 345 498 283 139 71 176 118 208 16 465 193 141 407 342 437 435 469 233 352 264 238 488 428 252 403 343 307 167 275 441 268 426 371 267 438 440
17 136 373 219 409 168 491 419 351 253 389 27 294 263 37 379 15 97 376 222 26 454 105 187 325 456 442 493 137 94 144 154 225 31 198 124 301 423 52 273 413 171 146 58 394 147 89 23
