18435
185 143 85 51 84 366 311 92 40 224 292 458 360 229 272 28 78 16 465 496 223 430 454 152 499 353 296 24 460 405 144 246 83 472 220 445 249 354 363 479 179 104 432 171 146 457 369 205
255 203 328 234 165 134 60 361 142 278 75 291 412 372 417 217 131 385 188 382 415 367 269 145 173 141 184 197 482 256 241 427 73 299 63 404 257 137 94 90 266 466 340 334 365 132 231 393 286 455 163 207 169 93 285 438 172 2
287 259 452 242 108 420 463 140 478 494 61 181 135 82 212 186 37 99 247 398 213 227 315 14 138 321 240 9 344 456 442 493 215 67 254 130 473 109 444 275 441 268 426 371 267 101 147 448 23
17 136 80 18 164 359 486 491 419 351 253 345 399 125 42 331 377 449 41 193 434 43 305 30 59 1 467 443 116 313 210 276 355 319 36 386 183 3 464 237 297 383 114 470 475 89 440
474 69 330 102 397 98 306 66 174 303 336 282 288 446 117 390 87 122 8 329 226 155 157 111 401 232 435 469 233 352 68 337 123 271 154 225 149 280 248 6 484 21 191 77 39 391 384 56
308 180 373 219 409 261 106 133 211 33 110 322 189 156 483 47 151 406 418 497 495 127 348 422 279 414 347 32 120 485 356 7 202 381 488 450 333 13 251 86 236 115 310 274 81 119 53 58 49 100 295
265 284 477 199 395 350 335 88 387 70 447 498 283 139 476 65 462 57 388 15 97 376 471 312 342 364 105 187 325 304 302 281 245 192 346 362 31 198 124 301 112 416 177 323 358 175 394 402
113 424 204 318 298 453 500 370 218 221 436 332 45 22 71 176 118 228 91 148 338 260 160 433 222 26 481 468 162 375 244 216 46 264 380 428 10 343 307 167 326 126 357 461 178 166 439
277 29 64 341 293 54 121 300 38 396 194 492 389 27 294 263 25 12 208 196 400 201 411 407 324 327 392 429 262 72 190 230 76 421 408 378 252 195 480 431 20 52 273 413 309 314 161 235 349 150
158 11 368 129 103 168 170 153 320 289 200 425 489 74 128 35 487 316 44 243 459 379 410 290 62 34 214 159 317 437 374 451 250 206 50 490 238 79 48 182 403 209 96 258 423 4 5 270 19 107 239 55 339 95
