18435
308 180 373 219 409 168 170 153 320 289 110 447 498 283 139 272 331 247 398 213 157 312 454 105 187 325 63 404 257 271 246 266 466 340 334 365 124 301 112 416 177 323 358 175 470 49 349 295
265 284 477 199 395 359 350 306 66 174 303 492 425 489 74 128 35 487 316 42 118 377 99 367 226 155 227 433 184 279 482 256 468 162 375 244 216 46 264 313 210 276 450 333 13 343 307 167 104 432 81 119 53 457 147 89 439
277 424 204 318 54 486 300 38 396 370 253 291 412 372 417 217 117 243 382 208 410 290 62 34 496 141 407 434 43 392 429 262 72 190 230 94 428 249 251 86 236 258 423 4 5 357 461 178 166 448 23
287 259 452 242 108 420 463 140 478 494 33 224 221 436 332 45 22 186 459 418 497 495 127 348 315 197 26 481 30 59 1 467 443 116 380 192 83 472 220 252 354 363 479 179 464 237 413 171 146 58 394 172 205
185 113 29 64 341 293 298 366 311 92 40 61 336 399 125 71 176 87 406 15 97 376 222 414 347 32 120 485 356 7 238 488 346 362 10 473 109 444 115 310 274 163 207 169 93 267 369 402 2
143 85 51 84 453 500 351 70 345 27 294 263 12 228 91 449 41 260 214 342 327 435 469 233 352 68 337 123 215 79 48 182 403 209 96 231 393 286 455 309 314 161 235 150
255 203 328 234 165 134 60 361 142 200 75 292 458 360 229 476 25 122 415 388 16 465 411 317 401 241 427 73 299 456 442 493 76 144 254 130 36 386 183 3 20 52 273 270 19 107 239 475 339 95
17 136 80 18 164 121 335 88 387 389 282 288 446 151 28 78 148 338 193 159 324 437 240 9 344 304 302 281 202 381 67 154 225 31 195 480 431 275 441 268 426 371 285 384 440
474 69 330 102 397 98 491 419 278 181 135 82 212 44 65 462 188 57 379 8 329 269 145 173 471 111 14 138 321 232 152 499 353 296 24 460 405 245 90 355 319 445 149 280 248 6 484 21 191 77 114 55 100
158 11 368 129 103 261 106 133 211 194 218 322 189 156 483 47 131 385 390 37 196 400 201 160 422 223 430 364 305 374 451 250 206 50 490 137 421 408 378 198 132 326 126 297 383 39 391 101 438 56
