18435
287 259 452 51 84 453 500 351 61 218 292 458 360 229 272 462 377 91 449 41 260 160 222 43 392 429 262 485 356 7 380 154 225 10 473 109 444 275 441 268 426 371 267 101 56
308 180 318 298 366 335 88 194 492 221 436 332 45 22 71 176 459 208 148 338 193 141 159 324 138 364 305 30 59 1 467 443 116 94 144 246 346 362 31 343 307 167 326 126 81 119 53 457 147 448 23
277 29 64 341 293 54 121 300 38 396 289 33 110 447 282 288 446 117 243 57 379 418 290 62 34 496 422 312 26 256 468 162 469 233 352 68 337 123 137 421 266 466 340 198 124 301 112 416 177 323 358 175 470 475 172 295
255 203 328 234 165 134 168 106 133 211 370 336 498 283 139 476 188 382 99 16 465 411 471 223 437 321 232 435 375 244 216 46 264 238 488 355 319 195 480 431 484 21 191 77 114 49 100 2
185 113 424 204 373 219 409 261 140 478 494 200 181 135 82 212 263 118 228 497 495 127 227 315 317 14 327 427 73 299 250 206 50 490 245 192 254 130 36 386 183 3 20 52 273 413 163 207 169 93 55 166 402 440
474 69 330 102 397 98 170 153 320 253 322 189 156 483 47 151 37 388 15 97 376 342 414 374 451 72 190 230 271 48 182 149 280 248 6 104 432 171 146 58 438 150
158 11 368 129 103 60 361 142 278 75 291 412 372 417 217 186 390 87 122 415 400 201 348 184 279 481 241 32 120 304 302 281 202 381 215 67 83 472 220 445 249 354 363 479 179 464 237 270 19 107 239 285 384 339 95
265 284 477 199 395 359 486 491 419 387 70 389 27 294 131 385 28 78 8 329 269 145 173 407 434 401 240 9 344 296 24 460 405 79 428 334 365 132 258 423 4 5 357 461 178 394 89 439
143 85 242 108 420 463 311 92 40 224 345 399 125 42 25 12 410 247 398 213 157 433 197 482 347 152 499 353 456 442 493 313 210 276 408 378 252 403 209 96 231 393 286 455 309 314 161 369 205
17 136 80 18 164 350 306 66 174 303 425 489 74 128 35 487 316 44 65 331 406 196 367 226 155 214 111 430 454 105 187 325 63 404 257 76 90 450 333 13 251 86 236 115 310 274 297 383 39 391 235 349
