18435
265 284 477 199 395 359 486 491 419 351 253 322 189 156 483 47 151 331 377 196 367 269 145 173 422 434 414 347 435 375 299 250 206 50 490 238 154 225 31 198 132 258 423 52 273 413 171 146 394 147 56
308 180 318 298 366 311 92 61 218 221 436 332 45 22 476 65 28 406 99 418 8 329 226 155 160 111 401 364 305 374 451 485 356 7 202 421 83 472 220 445 249 334 365 124 301 115 310 274 309 314 161 475 205
277 29 64 341 293 54 261 335 88 40 278 447 282 288 446 186 243 459 208 410 247 398 213 348 324 454 105 187 325 304 302 281 245 215 67 246 355 319 10 251 86 236 112 416 177 323 358 175 470 49 339 402 2
158 11 368 129 103 98 170 153 320 194 70 181 135 82 212 44 390 12 228 290 62 34 496 471 312 223 437 321 232 152 499 353 296 24 460 405 381 79 428 252 403 209 96 484 21 191 77 39 457 100 295
17 136 373 219 409 350 306 66 174 303 336 399 125 217 117 118 122 415 497 495 127 227 407 241 427 73 233 352 68 337 123 271 450 333 13 343 307 167 326 126 297 383 114 391 235 349 150
474 69 330 51 84 453 500 289 200 345 498 283 139 272 385 78 400 201 411 184 279 43 392 429 262 72 190 230 76 488 48 182 36 386 183 3 20 4 5 270 19 107 239 55 166 439
185 113 424 204 80 18 164 168 106 133 211 33 224 75 292 458 360 229 71 176 188 382 379 148 338 193 315 197 26 138 468 162 469 244 216 46 264 94 90 266 466 340 195 480 431 275 441 268 426 371 285 438 172 23
143 85 102 397 121 300 38 396 370 389 27 294 131 37 388 16 465 214 141 222 482 327 32 120 456 442 493 313 210 276 346 362 149 280 248 6 464 237 81 119 53 58 384 448
287 259 452 242 108 420 463 140 478 494 387 492 425 489 74 128 35 487 316 263 462 57 15 97 376 433 342 14 481 30 59 1 467 443 116 380 192 254 130 354 363 479 179 104 432 163 207 169 93 267 101 89 440
255 203 328 234 165 134 60 361 142 110 291 412 372 417 42 25 87 91 449 41 260 157 159 317 430 256 240 9 344 63 404 257 137 144 408 378 473 109 444 231 393 286 455 357 461 178 369 95
