18435
287 259 452 51 164 261 106 133 211 370 425 489 74 128 35 487 316 44 65 28 78 418 91 247 398 214 222 437 321 232 435 375 244 216 46 264 94 90 154 225 195 480 431 275 441 323 358 114 267 101 438 56
308 180 373 219 409 463 140 478 494 61 181 135 82 212 263 25 459 99 16 465 213 348 422 279 14 43 105 187 325 63 404 257 271 266 466 340 343 307 167 484 21 191 77 39 391 394 100 295
185 113 424 204 318 54 486 491 419 351 253 389 282 288 446 117 118 122 415 196 400 201 411 315 26 327 392 429 262 72 190 230 76 421 408 450 333 13 473 109 444 104 432 81 119 53 457 369 402 23
277 29 64 341 293 397 98 170 153 320 289 278 75 292 458 360 229 272 243 382 388 449 41 260 160 184 324 481 30 59 1 467 443 116 313 210 192 246 254 130 36 386 183 3 20 4 5 270 19 107 239 55 339 150
474 69 330 102 84 60 361 142 200 447 498 283 139 71 176 331 377 379 8 329 226 155 157 317 401 240 9 344 353 456 442 493 238 83 472 220 445 249 334 365 132 231 393 286 455 163 207 169 93 285 349 440
17 136 80 18 298 366 311 92 40 110 345 27 294 151 87 57 367 269 145 173 471 111 364 305 374 451 296 24 460 405 144 79 428 252 354 363 479 179 464 237 268 426 371 475 172 2
265 284 477 199 395 359 121 300 38 396 387 70 291 412 372 417 217 476 462 188 406 410 290 62 34 496 141 159 434 482 138 468 162 469 233 352 68 337 123 137 276 48 182 149 280 248 6 326 126 297 383 175 470 166 448
158 11 368 129 103 350 335 88 33 224 336 399 125 42 12 208 148 338 193 433 197 430 256 241 427 73 299 250 206 50 490 381 488 378 403 209 96 112 416 177 357 461 178 235 147 205
255 203 328 234 165 134 168 306 66 174 303 218 221 436 332 45 22 186 390 228 15 97 376 407 342 414 347 152 499 304 302 281 202 380 355 319 10 251 86 236 258 423 52 273 413 171 146 58 49 89 439
143 85 242 108 420 453 500 194 492 322 189 156 483 47 131 385 37 497 495 127 227 312 223 454 32 120 485 356 7 245 215 67 346 362 31 198 124 301 115 310 274 309 314 161 384 95
