18817
474 69 330 199 395 359 463 140 478 494 33 492 221 436 332 45 22 186 188 57 418 91 367 226 155 214 422 342 14 454 32 120 456 442 493 94 154 225 403 209 96 231 393 286 455 357 461 178 394 147 89 439
287 259 452 51 164 168 170 153 320 289 61 425 489 74 128 35 487 71 176 382 415 388 148 338 193 433 324 347 435 375 299 63 404 46 216 271 192 450 333 13 149 280 248 6 326 126 297 383 114 391 235 349 2
308 180 318 54 486 335 88 370 253 291 412 372 417 217 117 243 12 379 410 290 62 34 496 471 184 279 482 138 364 305 374 451 250 206 50 490 245 276 266 466 340 251 86 236 464 237 413 163 207 169 93 267 56
185 113 29 64 341 293 84 366 311 92 40 224 75 292 458 360 229 476 65 118 406 497 495 127 348 407 434 43 30 59 1 257 68 337 123 137 144 355 319 249 334 365 132 258 423 52 273 270 19 107 239 101 438 172 440
158 11 368 129 103 261 106 133 211 387 70 389 27 294 263 25 459 16 465 160 315 197 26 481 105 187 325 304 467 443 116 313 210 90 83 472 220 445 195 480 431 20 4 5 309 314 161 49 205
17 136 80 18 298 453 500 351 110 336 498 283 139 272 37 99 15 97 376 312 430 256 241 427 73 233 352 264 381 215 67 246 254 130 36 386 183 3 484 21 191 77 39 457 100 295
143 85 373 219 409 350 306 66 174 200 345 399 125 316 42 462 122 449 41 260 227 159 223 401 468 162 469 244 302 281 238 79 428 10 343 307 167 275 441 268 426 371 285 369 95
255 203 328 234 165 134 60 361 142 278 181 135 82 212 44 390 87 228 400 201 411 111 414 321 232 152 499 485 356 7 76 421 408 48 182 354 363 479 179 104 432 81 119 53 55 166 448
277 424 204 102 397 98 491 419 194 447 282 288 446 131 385 28 78 208 8 329 269 145 173 141 222 327 392 429 262 72 190 230 202 380 346 362 31 198 124 301 112 416 177 323 358 175 470 475 402 23
265 284 477 242 108 420 121 300 38 396 303 218 322 189 156 483 47 151 331 377 196 247 398 213 157 317 437 240 9 344 353 296 24 460 405 488 378 252 473 109 444 115 310 274 171 146 58 384 339 150
