18435
277 424 204 373 219 409 121 300 38 396 303 492 345 498 283 139 263 25 28 228 449 41 260 157 407 223 482 347 435 375 244 216 46 264 381 215 79 428 252 209 96 275 441 268 426 371 267 101 439
308 180 318 54 486 491 419 351 253 181 135 82 212 44 65 12 367 226 155 214 422 317 437 321 232 32 120 485 356 7 137 94 192 246 83 472 220 445 195 480 431 20 52 273 413 171 146 457 339 95
17 136 80 18 164 359 453 500 370 489 74 128 35 487 71 176 87 57 99 418 91 148 338 193 111 430 364 305 374 451 250 206 50 490 245 90 346 362 403 343 307 167 326 126 163 207 169 93 394 147 89 23
143 85 242 108 420 463 140 478 494 387 447 282 288 446 151 37 196 290 62 34 496 141 159 26 138 392 429 262 72 190 230 313 210 276 378 10 473 109 444 231 393 286 455 357 461 178 384 56
287 259 452 51 84 60 361 142 278 75 292 458 360 229 117 390 459 415 410 247 398 213 227 312 324 43 30 59 1 467 443 116 144 254 130 36 386 183 3 484 21 191 77 114 391 49 100 2
474 69 330 102 397 98 170 153 320 289 33 110 336 399 125 316 42 118 122 388 16 465 411 471 342 256 468 162 469 233 352 68 337 123 271 355 319 249 354 363 479 179 464 237 309 314 161 235 438 205
265 284 477 199 395 350 335 88 40 61 218 322 189 156 483 47 131 385 188 382 379 15 97 376 434 481 240 9 344 456 442 493 76 421 266 466 340 334 365 132 258 423 4 5 270 19 107 239 55 166 402 440
185 113 29 64 341 293 298 366 306 66 174 200 425 291 412 372 417 217 186 243 377 8 329 269 145 173 433 184 279 414 327 152 499 353 296 24 460 405 67 154 225 31 198 124 301 112 416 177 323 358 175 470 369 295
158 11 368 129 103 261 106 133 211 194 70 389 27 294 272 331 406 400 201 160 222 401 241 427 73 299 304 302 281 202 380 450 333 13 149 280 248 6 104 432 81 119 53 58 475 172 448
255 203 328 234 165 134 168 311 92 224 221 436 332 45 22 476 462 78 208 497 495 127 348 315 197 14 454 105 187 325 63 404 257 238 488 408 48 182 251 86 236 115 310 274 297 383 39 285 349 150
