18435
255 203 328 234 165 134 168 170 153 320 289 61 389 282 288 446 117 188 382 208 449 41 260 160 312 482 138 105 187 325 63 404 257 76 67 408 48 182 149 280 248 6 484 21 191 77 39 457 369 95
113 29 64 341 293 54 486 300 38 396 33 224 75 291 412 372 417 217 186 87 57 410 290 62 34 227 471 184 279 14 321 232 152 499 353 296 24 460 405 245 192 254 130 251 86 236 326 126 297 383 175 470 402 2
474 69 330 102 397 98 491 419 40 110 345 27 294 263 25 459 415 8 329 269 145 173 159 324 347 435 469 233 352 68 337 123 271 246 83 472 220 445 249 354 363 479 179 464 237 270 19 107 239 394 100 23
277 424 204 199 395 261 106 133 211 351 253 181 135 82 212 44 65 462 406 497 495 127 348 407 197 26 481 468 162 375 244 216 46 264 381 210 276 266 466 340 195 480 431 258 423 4 5 163 207 169 93 55 166 439
308 180 318 298 453 500 194 218 292 458 360 229 71 176 331 377 247 398 213 157 222 414 364 305 30 59 1 467 443 116 215 79 428 252 403 209 96 104 432 171 146 58 475 172 205
158 11 368 129 103 350 335 88 370 492 425 489 74 128 35 487 272 385 243 12 228 16 465 193 111 401 327 392 429 262 72 190 230 380 355 319 36 386 183 3 20 52 273 413 309 314 161 49 150
265 284 477 242 108 420 366 311 92 200 322 189 156 483 47 131 118 122 99 196 367 226 155 214 422 342 43 241 427 73 299 456 442 493 137 94 144 450 333 13 343 307 167 275 441 357 461 178 235 438 448
287 259 452 51 84 60 361 142 278 447 498 283 139 476 28 388 15 97 376 141 223 430 256 240 9 344 485 356 7 202 421 346 362 334 365 132 231 393 286 455 81 119 53 285 147 89 440
17 136 80 18 164 359 463 140 478 494 387 70 221 436 332 45 22 151 78 400 201 411 315 317 454 32 120 304 302 281 313 90 154 225 31 198 124 301 112 416 177 268 426 371 267 101 349 295
185 143 85 373 219 409 121 306 66 174 303 336 399 125 316 42 390 37 379 418 91 148 338 496 433 434 437 374 451 250 206 50 490 238 488 378 10 473 109 444 115 310 274 323 358 114 391 384 339 56
