13090
588 93 389 587 542 237 541 504 494 248 164 234 172 276 108 439 250 490 557 530 422 299 27 397 348 52 33 485 40 35 204 297 697 418 507 186 598 556 238 375 509 360 476 106 364 224 123 462 295 486 578 107 457 28 156 246 20 77 596
316 367 357 667 543 44 549 144 273 284 36 183 17 226 479 651 431 383 178 59 539 368 516 352 159 455 163 449 239 443 124 190 262 41 356 633 23 506 58 497 544 43 617 562 675 138 563 160 132 659 109 496 555 169 161 467 627 438 57 118 691 50
61 314 608 139 681 162 175 177 125 612 79 235 105 493 354 448 103 619 95 654 488 634 16 645 210 534 75 437 694 631 60 253 365 167 409 201 220 203 260 157 240 333 685 610 114 62 376 85 193 531 671 320 26 182 323 670 184 591 293 188
225 565 527 152 679 648 122 88 155 655 626 613 407 372 111 14 127 92 401 658 100 361 288 677 618 603 219 321 576 589 270 373 492 495 143 21 458 68 98 385 51 326 147 206 536 280 154 424 625 275 498 214 1 400 429
577 130 264 597 665 629 66 491 170 195 213 593 112 287 469 330 242 380 514 637 230 257 30 382 133 278 291 308 341 83 581 459 233 478 508 377 15 90 244 700 317 74 70 71 218 370 388 571 128 119 680 560 672 580 446 474 668 146 499 452 678 599
381 304 197 554 131 165 216 640 623 583 145 268 628 551 545 300 696 194 614 635 187 136 327 602 480 471 699 217 322 11 309 445 420 29 414 366 482 402 547 192 134 524 311 37 205 294 313 228 86 84 2 7 101 669 142 425 324 470 349
660 38 433 315 290 427 329 251 140 55 620 592 334 419 548 231 223 49 607 303 310 505 503 664 319 258 245 444 332 179 698 252 403 168 353 688 54 56 208 639 657 229 641 65 171 421 191 396 256 137 647 120 115 359 221 6 540 434 481 305
653 586 601 684 423 567 590 141 116 606 307 274 450 346 632 550 180 343 282 526 611 355 430 104 416 473 624 582 487 384 502 158 616 468 464 475 236 390 207 399 174 528 662 285 374 600 412 362 674 82 642 394 513 406 569 176 289 535 456 166
460 337 584 209 426 605 683 148 432 552 615 199 19 575 392 521 306 13 151 281 411 461 301 386 261 91 110 676 436 69 533 25 347 538 64 687 673 181 97 53 12 484 391 232 466 102 442 196 5 537 692 113 519
263 656 215 650 559 121 48 286 153 523 405 561 483 441 173 279 269 379 312 463 135 378 644 440 81 344 4 325 477 646 451 689 695 510 198 663 67 525 241 189 636 568 259 404 272 342 363 227 8 638 520 595
564 609 277 652 604 398 72 9 336 338 149 686 3 515 10 18 661 45 465 413 328 47 266 350 393 335 200 512 630 453 369 42 371 682 63 594 517 129 255 31 500 243 649 331 472 202 574 572 573 46 395 78 358 185 501 34 211 489
693 522 318 76 87 408 417 302 351 212 643 387 566 150 585 265 80 247 126 96 454 511 339 428 283 666 415 24 558 690 249 570 579 292 518 73 32 546 529 89 435 117 267 447 340 271 532 22 622 621 222 99 39 94 345 254 410 298 553 296
