13090
225 565 527 597 650 559 216 640 149 686 3 287 387 566 150 585 279 269 379 312 454 511 339 428 319 361 485 110 204 297 697 418 507 186 576 589 270 15 546 192 495 143 685 74 610 114 62 376 496 191 228 362 259 560 7 101 424 254 498 214 1 113 519
577 357 667 587 542 66 338 432 351 212 643 479 651 431 383 178 59 539 47 266 463 135 378 699 630 40 35 676 436 69 533 168 353 688 538 64 687 673 181 37 98 385 51 85 147 396 466 647 154 446 142 425 8 638 520 595
460 693 130 264 543 152 549 144 273 284 552 515 10 164 234 172 276 108 413 328 611 355 430 104 449 91 473 253 365 167 409 506 58 497 544 695 56 208 475 236 390 207 399 563 160 224 123 421 572 555 674 82 26 669 5 289 535 456 166
316 367 93 389 215 554 131 141 679 648 36 213 593 199 19 655 448 103 265 306 13 151 281 411 602 455 30 382 33 239 444 332 179 249 570 579 366 482 402 547 375 639 657 317 106 364 528 662 285 202 571 128 206 280 404 580 345 221 474 668 146 298 553 296
337 584 522 318 665 629 237 606 307 274 450 18 661 575 392 521 380 126 96 310 505 503 664 278 291 453 369 42 371 682 63 594 517 468 464 117 476 68 243 65 331 472 374 295 536 161 457 28 363 227 324 470 349
653 586 656 605 408 121 48 504 494 248 620 226 469 354 626 613 194 614 635 187 136 327 159 480 471 52 440 288 677 618 698 252 403 518 73 32 373 43 617 134 524 311 138 70 340 12 484 412 531 46 320 2 115 196 569 176 118 691 50
381 433 315 87 683 417 302 583 145 155 45 441 173 80 247 490 557 530 422 299 230 257 163 512 217 308 341 83 581 459 233 478 508 377 238 529 89 435 255 267 97 649 218 370 388 568 119 680 120 272 442 627 323 410 434 481 305
564 588 304 197 162 175 116 623 140 55 112 592 551 561 483 465 407 372 488 634 16 645 210 283 322 11 309 445 420 29 414 292 451 689 129 562 675 67 525 241 189 636 574 573 486 671 84 99 39 467 406 358 185 501 34 211 489
609 277 652 604 567 590 329 251 122 88 105 346 632 550 242 282 526 368 516 352 461 301 658 644 437 258 245 60 624 582 487 384 502 158 616 260 157 240 333 447 271 532 391 578 107 642 394 78 156 670 537 692 293 188
61 660 601 684 423 290 427 336 148 541 286 153 523 405 545 300 696 231 223 49 607 303 350 393 335 200 534 75 261 416 81 344 4 325 477 646 25 347 54 510 509 360 31 500 53 132 659 109 313 86 169 102 672 182 342 6 540 499 452 678 599
314 38 209 426 76 44 165 177 125 612 79 235 615 628 334 419 343 619 95 654 111 14 127 27 397 348 133 100 694 631 666 415 24 558 690 603 219 321 201 220 203 90 198 663 21 458 174 171 462 326 193 232 222 137 94 359 625 275 246 20 77 596
263 608 139 681 398 72 9 491 170 195 183 17 268 493 330 180 548 439 250 514 637 92 401 386 443 124 190 262 41 356 633 23 598 556 492 244 700 229 641 71 205 294 600 22 622 621 256 395 513 438 57 184 591 400 429
