13186
314 93 522 318 587 542 216 121 284 79 235 515 620 346 632 550 242 173 380 126 96 310 505 503 382 319 361 443 124 190 618 603 219 321 518 73 32 260 157 495 143 500 528 662 285 374 568 119 680 642 424 254 5 324 470 349
225 608 139 426 76 152 175 679 648 606 307 274 450 18 661 45 585 279 379 312 461 301 658 283 291 444 332 179 698 252 403 594 517 492 89 435 255 476 70 243 65 62 376 600 573 486 674 82 2 120 467 359 358 185 501 34 211 489
564 660 357 667 543 650 559 336 251 122 88 164 234 354 626 613 194 614 635 269 607 303 327 159 480 471 699 91 288 677 445 420 356 633 502 158 616 192 244 700 317 447 340 271 532 85 191 536 280 560 672 345 221 156 246 20 77 596
316 367 264 423 162 408 177 125 612 686 3 112 628 551 561 651 431 383 178 59 539 634 352 430 104 386 60 624 582 167 409 506 58 497 544 64 475 236 390 673 181 97 71 205 202 462 313 228 169 404 78 625 410 298 553 296
61 381 38 209 681 605 683 148 48 552 615 479 575 392 521 413 328 611 355 393 335 200 52 33 239 308 341 83 581 459 233 478 508 377 15 546 529 509 360 31 685 106 364 171 109 571 128 466 513 474 668 146 289 535 456 166
577 565 527 597 554 131 329 116 302 140 55 105 287 469 172 276 108 306 13 151 281 411 463 455 30 449 258 245 40 35 365 487 384 533 25 347 54 468 464 240 333 399 563 649 331 472 294 421 572 193 232 578 457 101 406 323 670 499 452 678 599
263 304 197 567 590 141 491 417 36 183 17 199 334 419 343 282 526 368 516 16 645 210 644 437 440 322 473 253 676 436 69 366 482 402 547 375 117 267 138 610 98 224 123 496 555 671 84 99 7 669 363 227 118 691 50
588 433 290 427 165 144 640 623 583 145 10 155 655 448 103 265 80 247 490 557 47 266 350 602 135 378 534 75 261 631 81 344 4 325 477 646 168 353 688 538 129 562 675 74 174 160 12 484 295 206 256 395 394 94 196 142 425 8 638 520 595
460 609 277 656 215 44 549 237 541 504 494 248 592 19 483 465 231 223 187 136 454 511 339 428 217 485 110 204 297 697 418 507 23 598 556 238 90 198 663 21 458 68 114 189 636 326 147 396 222 137 39 272 442 446 275 498 214 1 113 519
693 130 389 398 72 9 170 195 213 593 268 226 493 330 180 548 407 372 111 14 127 92 401 664 100 416 11 309 262 41 29 414 292 201 220 203 510 639 657 229 641 385 51 391 531 320 161 647 154 182 342 569 176 537 692 293 188
337 584 652 604 665 629 66 273 432 351 212 643 387 566 150 441 439 250 514 49 422 299 27 397 348 133 694 630 666 415 24 558 690 249 570 579 186 576 589 270 373 43 617 134 524 311 67 525 241 132 659 574 622 621 86 46 107 102 115 28 6 540 434 481 305
653 586 601 684 315 87 338 149 286 153 523 405 545 300 696 619 95 654 488 530 637 230 257 163 512 278 453 369 42 371 682 63 451 689 695 56 208 687 207 37 53 218 370 388 22 412 362 259 26 580 627 438 57 184 591 400 429
