5095
158 602 573 7 224 262 727 854 506 894 547 831 203 255 343 815 513 204 91 482 806 346 578 715 259 455 42 735 582 439 227 251 242 761 225 934 261 192 371 690 180 20 587 332 958 604 918 58 263 627 962 36 340 21 829 888 109 982 785 144 964 720 322 429 960 445
444 157 862 492 543 969 762 349 436 184 223 907 638 686 730 331 636 943 928 722 744 986 143 453 883 676 382 658 57 548 861 66 569 2 253 956 417 295 437 121 880 146 737 921 694 353 448 117 687 599 97 518 238 222 850 905 912 991 970 688 985
231 87 537 993 477 392 825 901 801 424 726 677 11 580 631 272 419 188 968 884 402 822 544 664 55 298 435 766 747 28 142 250 211 46 8 924 23 209 702 271 989 507 451 51 642 362 378 473 874 300 665 787 800 517 630 708 454 368 731 89 867 177 556 107 545 532
954 337 553 723 770 889 716 25 41 40 709 717 826 798 256 837 733 411 838 978 699 944 289 486 814 52 207 759 914 743 85 273 483 233 827 205 705 846 635 67 74 416 172 305 400 500 139 713 666 245 287 634 297 390 941 836 200 519 807 639 452 903 878 632 92 240 847 999
873 588 531 554 866 447 212 942 69 136 355 420 502 856 940 457 937 536 458 428 597 393 301 407 577 786 572 156 86 409 900 310 729 721 131 612 779 833 740 594 560 122 767 325 111 529 975 19 62 906 539 994 646 608 832 285 875 817 372 466 899 613 254 199 913 389 82 169 663 931 600 609
76 651 990 955 228 535 719 645 904 803 895 338 93 17 926 614 415 857 377 667 753 226 872 819 70 710 279 584 771 357 469 237 843 373 516 707 596 619 12 387 167 524 736 43 269 821 746 468 773 472 461 330 952 354 268 780 697 501 49 318 241
839 258 385 405 607 550 808 220 185 44 625 6 374 917 570 291 520 583 512 319 135 703 828 549 194 140 586 288 462 450 799 218 195 488 923 628 26 320 953 951 581 78 306 611 521 123 179 853 788 196 83 282 178 234 32 755 246 412 637 858 859 793 724 102 871 669 333 94 601 148
877 741 202 363 341 151 125 147 128 765 778 356 851 127 668 216 892 321 296 342 633 711 369 890 650 644 347 511 949 160 59 643 756 112 701 551 113 571 745 706 696 276 106 317 309 470 77 474 364 414 39 772 929 481 842 922 384 361 916 90 540 935 219 380 476 561 348
138 493 150 966 589 508 294 781 101 1000 115 946 293 221 893 933 606 1 3 45 930 974 769 208 522 313 10 459 963 73 315 494 783 509 794 865 784 691 173 130 422 351 885 433 312 662 286 499 973 100 796 129 443 682 323 525 542 816 166 988 870
30 408 431 496 891 593 105 681 132 290 971 760 48 413 546 896 977 802 264 15 950 197 430 114 812 446 275 327 887 750 605 700 763 239 830 671 324 835 574 791 748 489 103 568 152 217 563 53 528 215 441 728 692 235 456 442 249 698 558 485 182 206 981 674 655 749 432 834 394 848 684 358 314
155 37 863 54 141 176 388 210 478 162 647 490 626 810 559 624 124 61 344 110 670 591 397 281 797 302 575 997 680 352 484 661 5 304 64 201 119 13 229 566 33 869 652 640 718 316 35 515 654 526 491 386 307 421 334 610 818 278 27 932 811 299 908 679 823 979 936 487 398 460 530
4 868 198 648 165 438 418 68 782 527 120 339 98 359 567 732 16 187 329 284 379 495 257 391 804 423 919 961 449 996 181 406 95 860 959 562 137 154 840 283 915 564 789 50 712 292 844 153 541 126 171 186 370 480 739 252 161 399 849 987 265 14 995 248 471 641 672 426 533 621 244 189
79 824 725 383 864 467 328 236 29 267 463 366 401 134 367 925 277 475 689 675 653 792 775 395 879 99 695 897 505 311 440 620 118 629 909 967 168 345 795 742 280 38 738 18 683 938 590 149 992 523 396 757 911 427 809 375 714 598 902 270 615 104
336 538 164 774 882 465 957 510 243 145 159 31 592 60 734 805 34 790 133 190 22 855 876 247 335 479 813 841 576 693 623 174 230 852 845 776 980 88 71 163 603 260 673 214 948 552 984 758 514 886 56 618 65 685 579 704 983 659 965 660 939 350
976 498 404 656 657 365 24 9 998 751 81 768 504 403 497 84 213 170 565 534 585 503 881 381 972 555 754 116 183 425 752 898 464 72 557 326 616 274 75 947 193 410 434 308 96 191 920 376 617 927 80 764 266 232 108 47 595 945 678 649 175 63 303 910 777 622 820 360
