5105
976 404 493 573 164 151 105 681 132 290 162 647 497 559 977 343 933 16 187 60 512 928 722 744 986 753 275 544 887 750 605 247 949 799 218 195 488 752 898 574 791 261 23 209 193 980 88 71 541 186 386 307 448 117 687 599 97 518 682 323 724 102 632 556 107 545 189
258 824 725 363 648 554 866 392 825 901 69 81 768 504 403 826 798 293 221 170 565 458 428 597 503 881 522 313 919 735 710 5 584 494 783 2 253 956 852 789 217 563 53 20 51 332 994 83 269 421 334 610 818 278 842 454 618 916 905 935 902 983 622 318 939 350
4 868 990 955 864 467 328 236 29 267 463 366 401 686 98 359 291 892 614 944 289 486 814 52 207 715 259 156 70 658 695 439 315 671 569 705 119 137 154 840 865 75 416 596 989 528 422 215 441 35 515 362 683 499 992 523 396 297 708 945 678 649 655 452 90 598 867 169 394 848 240 847 561 348
79 588 7 24 9 998 68 782 527 502 946 127 570 567 411 606 1 3 699 670 591 397 281 797 804 423 555 900 763 548 181 304 142 576 693 509 635 67 74 947 437 619 12 62 906 539 654 260 673 214 263 552 984 340 21 443 836 175 375 714 540 979 936 621 244 985
537 37 863 228 535 719 294 40 709 717 856 255 31 893 937 536 321 475 342 633 114 812 446 208 190 22 680 961 449 233 827 205 211 46 8 566 767 271 640 153 191 167 524 491 646 370 282 178 234 558 485 182 858 109 982 785 144 964 720 270 615 148
877 741 431 198 657 477 447 212 645 478 424 726 677 134 367 624 926 91 482 806 346 650 644 347 462 479 813 64 201 562 113 571 909 168 712 180 123 19 587 400 77 474 364 739 666 245 100 796 129 981 674 809 639 850 389 82 777 333 94 600 609
954 408 492 966 589 262 727 854 44 904 803 895 120 896 837 733 61 344 583 857 377 667 301 407 133 140 586 86 409 335 310 729 721 131 860 959 833 225 934 373 568 702 306 325 111 529 451 163 920 433 604 874 58 249 698 32 755 246 412 637 941 922 886 56 859 793 303 871 669 663 931 601 358 104
839 30 337 531 224 762 349 436 510 243 490 626 256 730 331 636 204 950 197 430 974 769 578 302 575 997 872 382 754 116 183 425 756 112 701 551 13 748 560 122 417 152 776 276 173 130 317 309 470 694 353 821 665 787 800 517 630 206 461 384 361 63 913 780 697 704 380 476 988 870
873 538 862 341 165 176 388 210 128 625 6 48 413 546 339 668 264 15 188 968 393 890 226 664 55 914 743 85 273 483 861 311 440 72 557 326 616 274 845 869 611 521 844 305 387 642 171 500 139 713 948 39 772 929 481 899 427 254 199 248 471 641 672 659 684 314
158 155 496 891 593 882 465 801 971 760 338 93 457 815 513 534 585 675 653 792 759 855 288 700 766 747 28 643 227 612 779 464 846 953 283 78 691 410 507 718 179 853 788 18 921 378 473 43 480 590 285 875 817 372 466 514 829 888 952 354 268 903 816 426 49 965 660 241
138 602 405 607 550 808 220 185 751 136 355 420 374 11 580 631 124 592 943 415 734 805 34 790 381 972 819 511 996 239 830 251 242 761 26 320 489 951 581 516 967 295 696 172 880 603 885 526 617 927 80 252 161 399 849 390 613 200 519 222 749 432 834 991 166 999
76 336 385 553 993 365 969 508 942 506 894 547 831 203 159 802 732 520 110 319 135 703 828 549 194 775 395 879 352 459 57 279 406 771 357 469 628 623 174 230 924 192 564 371 345 434 106 316 146 958 376 608 832 764 266 232 108 47 595 811 299 807 65 685 579 912 219 533 820 360 445
231 87 651 656 723 770 889 438 418 957 765 778 356 145 84 213 216 838 296 45 930 711 369 143 453 883 455 42 10 484 661 963 73 95 923 237 843 229 103 33 706 652 292 742 280 351 126 737 736 662 286 300 149 627 962 36 758 911 330 908 679 823 177 92 970 688 532
444 157 150 54 141 716 25 41 781 101 1000 115 851 810 17 925 277 978 689 495 257 391 577 786 572 876 99 582 897 505 841 250 740 594 794 745 784 690 795 975 738 196 312 918 938 414 973 287 634 757 987 265 14 995 525 89 910 322 429 960
498 202 383 543 774 125 147 184 223 907 638 917 940 272 419 329 284 379 884 402 822 327 676 298 435 450 160 59 66 324 835 620 118 629 915 707 50 121 308 96 38 728 692 235 456 442 746 468 773 472 27 932 238 368 731 542 878 501 487 398 460 530
