5095
404 341 54 535 719 645 751 510 243 686 127 570 457 815 513 978 950 944 289 884 402 522 313 555 710 996 239 830 771 205 833 509 635 67 75 209 193 121 529 975 191 920 433 83 927 80 252 100 796 129 708 454 323 525 785 144 964 935 169 49 965 660 241
877 868 573 164 224 508 294 267 778 356 497 810 17 933 419 415 857 377 667 301 653 792 759 586 288 658 763 439 315 671 324 835 464 72 557 326 616 274 951 192 564 295 306 690 172 880 215 642 196 378 662 821 764 266 232 108 47 595 858 618 731 89 871 816 556 107 545 314
155 538 383 543 151 392 825 901 68 782 527 338 93 940 124 732 15 689 986 753 133 140 42 10 99 57 5 406 64 201 2 253 956 23 416 521 88 71 317 309 958 186 456 442 249 698 32 755 246 36 340 21 238 859 199 542 697 82 848 684 148
976 258 385 657 365 969 262 727 854 801 81 768 504 403 826 798 631 567 264 892 583 512 928 722 744 503 881 381 972 55 914 459 582 548 183 425 756 612 779 562 137 154 840 745 168 271 989 507 451 163 351 51 332 654 500 646 608 832 665 787 800 517 630 27 932 461 981 674 809 375 903 540 672 777 533 318 939 350
498 741 656 862 7 866 447 212 942 765 463 366 401 120 339 98 359 926 1 188 968 675 407 453 883 664 961 900 273 483 233 752 923 237 843 261 283 915 707 217 563 528 603 885 260 694 282 746 875 817 372 466 514 682 222 65 685 579 912 426 333 240 847 988 870
839 138 602 363 990 955 774 762 349 436 904 424 726 677 917 255 343 592 91 482 806 346 578 190 22 347 876 247 335 479 813 227 841 576 693 846 373 909 706 325 276 173 153 728 526 617 353 448 117 687 599 97 518 384 254 908 679 823 979 936 621 244 985
79 493 492 607 141 438 418 69 136 355 420 374 11 256 730 331 411 838 614 45 930 974 769 208 226 872 819 352 449 218 195 488 112 119 113 560 852 33 869 437 180 123 422 441 853 400 736 139 286 414 973 161 399 849 390 811 299 793 724 102 867 834 270 615 104
4 408 824 725 496 891 593 105 681 132 290 971 760 856 668 216 344 458 428 597 393 890 650 644 676 382 700 766 747 28 142 250 26 320 794 845 371 345 53 20 38 738 994 491 386 307 499 234 558 485 182 987 265 14 995 248 714 598 219 94 601 358 189
76 651 431 198 531 554 550 808 220 185 506 894 547 831 203 896 977 802 636 204 534 585 486 397 281 797 804 423 156 86 743 85 181 304 357 469 628 620 118 629 103 784 652 980 308 96 62 906 539 171 77 474 364 590 149 992 523 396 757 206 886 56 368 916 905 177 380 476 561 348
444 337 150 864 467 328 236 41 40 6 48 413 546 559 31 272 565 110 197 430 114 812 446 275 327 887 750 605 462 450 160 505 311 440 551 13 748 489 581 74 152 691 410 795 742 280 587 788 362 312 918 214 948 39 772 929 481 842 922 330 109 749 432 704 991 166 999
158 537 405 228 882 465 957 781 101 1000 115 851 159 624 61 16 187 943 342 633 711 369 143 302 575 997 919 298 435 963 73 95 860 959 211 46 8 122 417 789 611 718 19 541 126 18 921 604 874 58 263 627 962 412 637 911 829 888 361 982 303 632 322 429 960
954 336 588 553 723 770 24 9 998 478 162 907 638 145 84 213 893 937 536 321 699 670 591 814 52 207 715 259 680 70 754 116 799 861 66 898 701 740 594 230 924 767 696 111 130 692 470 376 370 480 739 285 552 984 297 941 836 655 913 90 910 501 622 820 360 445
30 157 648 165 125 147 29 184 223 647 490 626 293 221 170 606 3 329 734 805 34 790 822 544 572 879 511 949 279 584 251 242 761 225 934 571 865 78 947 50 712 292 844 305 387 167 524 683 938 300 666 245 287 634 758 899 613 952 354 268 780 878 669 663 931 600 609
873 202 993 477 889 716 25 128 625 709 717 946 580 837 733 925 277 475 319 135 703 828 549 194 775 455 855 409 695 897 59 643 827 569 705 574 791 953 568 702 596 434 106 316 146 737 673 713 178 468 773 472 945 678 649 175 63 850 389 720 983 659 487 398 460 530
231 87 37 863 966 589 176 388 210 44 803 895 502 134 367 291 520 60 296 284 379 495 257 391 577 786 395 735 484 661 310 729 721 131 494 783 623 174 229 566 516 967 776 640 619 12 179 35 515 235 473 43 269 421 334 610 818 278 443 427 200 519 807 639 452 471 641 902 394 92 970 688 532
