18889
308 180 318 54 261 335 88 33 224 181 135 82 212 44 118 377 91 148 338 260 214 315 317 430 347 435 375 299 250 206 50 490 238 488 428 334 365 132 115 310 274 323 358 175 49 349 150
255 203 328 234 165 134 168 106 133 211 370 253 322 189 156 483 47 151 28 122 16 465 213 157 197 401 364 305 374 451 72 190 230 76 421 154 225 149 280 248 6 326 126 163 207 169 93 267 101 438 95
287 259 452 51 84 453 500 289 61 218 292 458 360 229 272 385 87 57 379 196 400 201 411 26 327 152 499 353 456 442 493 137 192 346 362 31 251 86 236 484 21 191 77 39 391 369 295
185 113 424 204 80 18 164 350 306 66 174 110 447 27 294 71 176 228 497 495 127 348 111 482 256 468 162 469 244 302 281 202 380 408 378 10 209 96 112 416 177 268 426 371 285 384 205
277 29 64 341 293 298 366 311 92 40 278 336 498 283 139 263 462 459 415 367 269 145 173 433 184 324 481 240 9 344 304 296 257 313 210 276 83 472 220 252 198 124 301 231 393 286 455 309 314 161 166 402 440
17 136 373 219 409 486 491 419 351 70 221 436 332 45 22 186 243 331 406 418 8 329 226 155 160 279 14 454 105 187 325 63 404 46 216 271 254 130 36 386 183 3 20 4 5 270 19 107 239 55 339 448 23
474 69 330 102 397 98 170 153 320 194 492 425 489 74 128 35 487 316 42 25 12 208 449 41 193 222 138 321 392 429 262 485 356 7 245 144 450 333 13 473 109 444 423 52 273 413 171 146 58 235 147 89 2
265 284 477 199 395 359 463 140 478 494 387 389 282 288 446 117 390 37 410 290 62 34 496 141 407 434 43 241 32 120 264 24 460 405 94 90 355 319 445 249 354 363 479 179 464 237 297 383 114 470 475 56
143 85 242 108 420 121 300 38 396 303 75 291 412 372 417 217 476 65 78 99 247 398 227 422 312 342 437 232 427 73 233 352 68 337 123 215 79 48 182 403 343 307 167 275 441 357 461 178 394 172 439
158 11 368 129 103 60 361 142 200 345 399 125 131 188 382 388 15 97 376 471 159 223 414 30 59 1 467 443 116 381 67 246 266 466 340 195 480 431 258 104 432 81 119 53 457 100
