13090
564 314 38 433 681 398 590 175 116 302 583 145 515 10 199 19 483 465 279 269 379 312 454 511 339 428 644 239 81 344 4 167 409 201 220 203 56 208 475 236 390 207 399 174 649 171 109 295 206 680 404 467 359 142 425 118 691 50
61 381 565 527 162 549 251 36 183 17 268 346 632 550 180 548 407 372 488 634 16 645 210 664 91 453 369 42 371 682 63 451 689 64 134 524 311 74 70 340 271 532 391 621 486 578 137 647 424 221 156 246 20 77 596
316 367 93 209 215 44 66 491 417 432 351 212 18 661 575 392 521 380 514 637 461 301 386 258 245 473 624 582 487 384 502 518 73 32 129 562 675 685 106 364 218 370 484 22 412 232 46 320 161 394 446 569 176 324 470 349
460 588 608 139 426 605 329 273 623 122 88 105 287 469 172 276 108 439 250 490 557 530 422 299 393 335 200 699 278 630 11 309 445 420 356 633 23 506 58 497 544 695 510 198 663 67 525 241 62 376 600 571 128 119 84 560 120 115 272 669 363 227 8 638 520 595
609 656 76 650 559 216 640 149 504 494 248 405 334 419 343 413 328 47 266 350 230 257 163 283 440 322 288 677 618 603 219 321 25 347 54 468 464 509 360 31 138 610 132 659 388 326 147 671 222 102 101 345 625 275 498 214 1 113 519
263 130 389 543 152 144 170 140 55 643 479 655 242 173 306 13 151 281 411 602 455 30 534 319 444 332 179 698 252 403 168 353 688 538 43 375 240 333 37 71 385 51 85 193 531 107 7 94 627 323 410 537 692 293 456 166
337 584 522 318 665 629 338 195 213 593 226 493 561 651 448 103 194 614 635 187 136 310 505 503 382 33 291 308 341 83 581 459 233 292 158 616 617 117 267 641 114 189 636 313 396 169 2 154 513 254 670 499 452 678 599
577 357 667 315 87 408 121 284 79 235 615 628 330 626 613 619 95 654 111 14 127 27 397 348 52 437 217 443 124 190 262 41 29 414 366 482 402 547 192 435 255 476 447 205 202 462 622 256 395 672 78 438 57 184 591 400 429
660 304 197 554 131 141 177 125 612 686 3 112 592 551 545 300 696 282 526 368 516 352 159 480 471 449 361 485 40 35 365 325 477 646 598 556 260 157 687 673 181 97 98 331 472 294 421 572 191 228 536 280 457 182 342 5 289 535 188
693 601 684 423 567 290 427 683 148 541 286 153 523 234 354 431 383 178 59 539 611 355 430 104 133 100 694 631 666 415 24 558 690 297 697 418 507 186 508 377 15 546 529 89 639 657 317 563 160 224 123 496 555 362 259 642 442 406 358 185 501 34 211 489
225 264 597 72 9 336 237 48 552 450 164 387 566 150 441 231 223 49 607 303 327 92 401 658 75 261 60 253 204 249 570 579 533 594 517 238 90 495 143 21 500 243 65 12 574 573 86 466 99 39 580 196 6 540 434 481 305
653 586 277 652 604 587 542 165 679 648 606 307 274 620 155 45 585 265 80 247 126 96 463 135 378 512 416 110 676 436 69 478 576 589 270 373 492 244 700 229 458 68 53 528 662 285 374 568 674 82 26 28 474 668 146 298 553 296
