13090
564 314 38 433 681 398 590 329 116 623 36 183 17 226 493 354 242 282 95 654 488 634 16 645 210 664 261 630 81 344 4 325 477 646 25 347 538 468 464 475 236 390 207 399 174 340 171 109 295 206 680 404 467 359 142 425 118 691 50
61 381 565 527 162 175 251 583 145 515 620 18 661 45 585 265 80 526 47 266 230 257 30 534 75 440 666 415 24 558 690 297 697 418 507 23 506 58 497 544 695 510 117 267 447 205 202 574 622 621 256 395 672 78 438 57 184 591 400 429
316 367 93 209 215 44 121 48 351 212 287 469 330 626 613 194 614 635 187 136 350 461 301 386 258 308 341 83 581 459 233 478 508 377 43 617 134 524 311 641 114 189 636 313 228 169 2 513 254 670 499 452 678 599
460 588 139 605 408 273 284 122 88 105 405 545 300 696 231 223 49 607 303 327 159 455 163 133 100 416 444 332 179 487 384 292 201 220 203 90 495 143 458 68 241 62 376 571 128 119 84 560 120 115 272 669 363 227 8 638 520 595
609 656 543 650 559 216 640 149 504 494 248 164 234 172 276 108 279 269 379 312 454 511 339 428 644 239 443 124 190 262 41 356 633 502 158 616 260 157 639 657 317 21 106 364 218 370 484 22 412 232 86 46 320 161 394 446 569 176 324 470 349
263 130 389 152 549 144 491 417 432 552 450 592 551 561 483 465 413 328 611 355 602 480 471 52 437 91 453 369 42 371 682 63 451 689 492 89 435 255 476 67 563 160 224 123 496 555 362 259 642 442 406 358 185 501 34 211 489
337 584 522 318 426 76 665 629 66 338 195 213 593 268 628 334 419 548 407 372 111 14 127 27 397 348 283 217 322 288 677 618 603 219 321 594 517 129 240 333 685 525 271 532 391 578 137 647 154 424 221 156 246 20 77 596
577 357 667 315 87 177 125 612 79 235 615 479 566 150 441 173 380 126 96 310 463 135 378 33 291 40 35 365 167 409 598 556 238 375 509 360 31 74 610 98 132 659 388 326 147 671 222 102 101 345 625 275 498 214 1 113 519
660 304 197 554 131 141 170 686 3 199 19 651 431 383 178 59 539 368 516 352 430 104 449 694 631 11 309 445 420 29 414 366 482 402 547 529 687 673 181 97 65 331 472 294 421 572 191 486 536 280 457 182 342 5 289 535 188
693 601 684 423 567 290 427 683 148 541 286 153 523 155 655 448 103 306 13 151 281 411 505 503 382 319 361 245 473 253 676 436 69 186 576 589 270 15 546 192 244 700 229 37 53 528 662 285 374 600 568 396 674 82 26 28 474 668 146 298 553 296
225 608 264 597 72 9 336 237 302 140 55 112 346 632 550 180 343 619 247 490 557 530 422 299 393 335 200 512 278 485 110 204 249 570 579 533 168 353 688 54 56 208 562 675 500 243 649 12 462 573 466 99 39 580 196 6 540 434 481 305
653 586 277 652 604 587 542 165 679 648 606 307 274 10 643 387 575 392 521 439 250 514 637 92 401 658 699 60 624 582 698 252 403 518 73 32 373 64 198 663 138 70 71 385 51 85 193 531 107 7 94 627 323 410 537 692 293 456 166
