13090
314 357 667 543 650 559 336 338 612 286 153 523 469 354 626 613 194 614 635 187 136 430 104 449 239 666 415 24 558 690 459 233 292 158 616 90 244 700 317 458 563 649 271 532 313 396 222 137 647 120 115 272 442 446 670 499 452 678 599
381 565 527 76 665 629 251 583 145 515 10 643 479 651 448 103 173 380 514 637 463 455 30 382 133 100 416 288 677 618 603 219 321 201 220 203 64 240 333 138 610 205 374 555 119 84 99 513 323 410 537 692 293 456 166
316 367 304 197 398 72 9 408 177 125 284 79 235 112 346 632 550 431 383 306 13 151 281 411 27 397 348 699 278 453 369 42 371 682 63 451 689 43 617 134 524 311 106 364 331 472 294 421 572 622 86 680 26 28 156 246 20 77 596
588 38 139 681 152 549 116 606 307 274 450 592 19 45 465 407 372 111 14 127 92 401 658 283 217 485 110 676 436 69 478 576 589 270 15 192 509 360 31 97 98 171 109 568 206 674 82 2 154 406 142 425 118 691 50
609 209 423 567 290 427 165 216 417 432 140 55 268 628 551 545 300 696 439 250 490 557 530 422 299 393 335 200 386 361 245 60 253 365 325 477 646 168 353 688 538 546 529 89 639 657 229 447 160 132 659 600 496 128 7 580 359 474 668 146 298 553 296
263 130 389 215 44 683 148 541 36 213 593 405 561 483 441 282 95 654 488 634 16 645 210 534 319 440 322 40 35 204 297 697 418 507 186 508 377 260 157 475 236 390 673 181 641 71 385 51 571 147 169 102 672 182 342 221 569 176 324 470 349
460 337 584 522 318 162 141 273 623 552 615 18 661 575 392 521 178 59 539 368 516 327 159 480 471 644 437 91 444 332 179 249 570 579 533 598 556 238 492 687 207 74 70 340 224 123 462 391 621 531 256 395 467 627 254 5 289 535 188
577 433 597 590 237 302 351 212 155 655 242 231 223 49 607 303 352 602 135 378 291 473 624 582 487 384 502 518 73 32 373 129 435 255 476 37 241 12 484 326 193 232 578 107 457 78 358 185 501 34 211 489
564 225 608 264 554 131 679 648 122 88 164 234 172 276 108 413 328 611 355 230 257 163 512 694 630 11 309 445 420 356 633 23 506 58 497 544 695 56 208 562 675 67 525 528 662 285 202 295 486 466 404 101 424 625 275 498 214 1 113 519
693 277 656 426 605 175 144 121 195 183 17 226 493 330 180 343 619 247 126 96 310 505 503 664 261 631 81 344 4 167 409 25 347 54 468 464 198 663 21 500 243 65 62 376 85 191 228 671 259 560 196 6 540 434 481 305
61 660 93 652 604 587 542 66 491 170 48 504 494 248 620 199 334 419 548 279 269 379 312 454 511 339 428 75 258 308 341 83 581 698 252 403 594 517 510 495 143 399 174 114 189 636 574 573 362 46 320 161 642 394 94 345 438 57 184 591 400 429
653 586 601 684 315 87 329 640 149 686 3 105 287 387 566 150 585 265 80 526 47 266 350 461 301 52 33 443 124 190 262 41 29 414 366 482 402 547 375 117 267 685 68 53 218 370 388 22 412 536 280 39 669 363 227 8 638 520 595
