5095
404 405 866 392 825 901 29 971 726 677 917 940 359 567 264 15 110 319 135 703 828 549 194 775 395 876 409 900 279 304 112 574 791 261 516 152 691 611 795 742 280 316 539 196 456 414 973 161 399 849 390 238 354 268 780 878 777 333 94 601 358 148
839 231 87 723 770 24 9 998 478 162 907 638 203 159 31 893 411 419 475 342 633 503 881 133 544 347 298 459 766 747 28 643 756 612 779 2 253 956 581 168 345 521 507 718 179 146 400 736 139 832 746 39 772 929 481 842 682 368 982 785 144 964 704 394 92 970 688 985
79 651 431 198 657 365 224 762 349 436 136 355 717 826 798 256 837 331 815 513 1 3 284 379 884 402 275 140 586 352 435 763 548 181 406 315 860 898 119 934 635 924 192 416 596 172 451 587 788 18 921 694 282 178 468 773 472 518 811 299 519 807 199 248 714 697 720 663 600 609
30 336 602 341 54 141 467 328 236 781 101 1000 115 851 810 559 977 802 636 978 45 930 974 769 302 575 997 680 511 949 963 73 827 201 628 26 326 616 274 967 217 980 308 96 38 853 171 604 918 214 149 992 287 634 758 899 987 265 14 995 525 303 871 816 983 318 939 350
976 138 538 990 955 228 447 808 220 185 69 81 768 504 403 490 626 293 221 732 838 60 296 944 289 486 397 281 797 577 786 572 156 754 116 813 66 569 211 46 8 67 74 789 652 640 619 12 603 885 378 473 874 286 499 234 32 755 246 412 637 206 981 674 655 749 432 935 902 501 622 820 360 445
877 741 862 648 554 716 25 41 625 6 374 11 896 98 457 592 204 534 585 986 143 190 22 919 961 484 661 160 59 95 494 783 225 13 748 489 745 784 371 410 88 71 163 441 728 692 470 186 683 938 590 764 266 232 108 47 595 922 678 649 859 63 850 905 632 322 429 960
444 868 588 553 993 477 535 719 294 506 894 547 502 946 580 570 216 892 583 512 734 805 34 790 522 313 819 70 85 273 483 861 142 250 701 740 320 229 283 767 776 121 434 844 305 351 51 642 958 362 77 617 353 300 334 627 962 485 182 932 858 618 913 90 598 834 991 166 545 189
4 408 573 7 774 882 465 957 801 424 463 366 401 686 127 17 61 16 187 943 415 857 377 667 753 381 972 555 710 479 218 195 488 771 205 705 237 843 373 23 33 706 292 880 215 35 235 312 662 263 610 818 278 27 384 109 916 102 910 219 533 621 244 532
954 157 496 891 593 889 438 418 68 782 527 338 93 255 343 933 565 699 689 495 257 391 804 423 855 879 735 462 450 799 233 841 576 693 846 794 566 78 947 50 325 111 529 153 191 167 433 386 307 421 665 787 800 517 630 708 613 809 639 452 471 641 270 615 104
873 824 493 492 543 864 262 727 854 267 760 48 497 730 733 926 614 928 722 744 393 301 407 453 883 664 55 914 743 57 5 584 251 242 761 620 118 629 103 568 845 702 193 989 975 19 541 126 654 83 927 80 698 558 796 129 461 330 175 375 903 540 669 380 476 561 348
202 150 969 125 147 751 510 243 120 339 668 937 536 321 329 197 430 114 812 446 208 226 872 382 658 695 897 505 752 923 562 137 154 840 865 915 564 295 306 690 180 123 422 309 737 260 673 442 249 285 875 817 372 97 941 454 952 222 65 685 579 912 936 487 398 460 530
258 385 363 531 151 105 681 132 290 184 223 647 413 546 631 124 925 277 188 968 675 653 650 644 676 288 700 582 183 425 227 311 440 623 174 560 75 209 696 106 738 500 646 370 480 739 252 523 396 297 886 56 200 323 679 823 177 426 49 965 660 241
158 155 656 164 607 550 212 645 128 765 778 356 856 213 272 344 950 670 591 711 369 890 792 759 42 10 99 996 239 830 671 959 833 509 953 909 707 712 563 173 130 387 332 994 491 43 269 821 666 245 100 36 340 21 443 836 361 731 724 389 82 169 848 240 847 999
76 337 725 383 165 176 388 210 40 709 420 831 134 367 624 291 520 91 482 806 346 578 822 327 887 86 247 335 310 729 721 64 324 835 72 557 594 230 122 417 271 276 528 317 515 524 376 608 713 948 552 984 466 514 829 888 793 89 867 979 556 931 107 988 870
498 537 37 863 966 589 508 942 44 904 803 895 145 84 170 606 458 428 597 814 52 207 715 259 455 750 605 449 439 131 357 469 464 551 113 571 951 852 869 437 53 20 62 906 920 526 474 364 58 448 117 687 599 757 911 945 427 254 908 542 672 659 684 314
