19094
277 29 64 341 293 84 60 361 142 253 389 27 399 139 263 331 377 91 148 226 155 160 111 481 240 9 344 352 68 337 123 271 79 428 249 334 365 124 301 231 393 286 455 323 358 175 470 101 438 172 295
185 113 424 204 373 219 409 350 335 88 370 181 135 82 212 44 65 462 12 228 497 495 127 227 454 105 187 325 304 302 281 202 381 488 346 362 31 198 132 115 310 274 297 383 39 457 369 402 440
255 203 328 234 165 134 453 320 194 492 345 128 35 487 316 186 118 122 410 290 62 34 496 141 159 434 401 468 162 469 233 190 230 238 192 154 225 403 343 307 167 275 441 81 119 53 58 384 448
265 284 477 199 395 168 170 153 396 289 278 336 498 125 217 476 25 28 379 418 449 338 193 422 184 197 26 327 32 120 456 442 216 313 210 276 408 48 182 251 86 236 112 416 177 268 426 371 267 100 23
143 85 242 108 420 121 300 311 92 40 61 218 221 436 332 45 22 151 87 57 16 465 213 157 279 347 435 375 244 485 356 46 264 380 450 333 13 149 280 248 6 326 126 309 314 161 49 95
158 11 368 129 103 98 306 66 174 303 425 291 412 372 417 42 390 37 196 247 41 260 214 342 414 364 305 30 59 1 467 443 116 94 90 355 319 445 473 109 444 20 52 273 413 163 207 169 93 285 166 205
308 180 318 54 261 106 133 211 351 110 489 458 360 229 272 385 243 459 208 8 329 269 145 173 315 317 430 256 392 429 262 72 7 493 76 421 254 130 195 480 431 258 423 4 5 270 19 107 239 55 349 150
287 259 452 51 164 359 486 491 419 200 74 447 282 288 446 117 78 99 400 201 411 471 312 324 437 374 451 250 206 50 490 137 67 378 10 209 96 484 21 191 77 114 391 235 147 89 2
17 136 80 18 298 366 500 38 33 224 322 189 156 483 47 71 176 188 406 15 398 348 407 223 14 43 241 427 73 299 63 404 257 245 215 266 466 340 36 386 183 3 464 237 357 461 178 394 439
474 69 330 102 397 463 140 478 494 387 70 75 292 283 294 131 382 415 388 367 97 376 433 222 482 138 321 232 152 499 353 296 24 460 405 144 246 83 472 220 252 354 363 479 179 104 432 171 146 475 339 56
