19164
143 85 373 219 409 121 300 38 396 194 492 389 27 294 263 462 188 382 15 398 213 157 26 481 468 374 59 1 467 443 116 381 210 90 355 319 10 343 307 167 275 441 323 107 239 101 147 150
158 11 368 129 103 98 311 92 40 224 181 498 283 139 272 37 410 290 62 34 214 315 317 401 240 9 344 304 302 281 238 154 225 31 198 132 112 416 177 268 426 371 285 369 95
255 203 328 234 165 134 366 335 88 370 253 345 282 288 446 117 243 78 367 226 155 227 433 222 414 364 305 429 451 250 206 50 490 245 215 67 408 450 333 13 149 280 248 6 423 4 5 270 19 146 55 166 205
265 284 477 242 108 420 463 140 478 494 387 218 189 156 483 47 71 176 118 122 415 91 449 338 260 496 422 312 223 14 138 241 427 73 299 456 442 493 137 94 144 428 354 363 479 179 464 237 171 383 114 391 49 89 439
185 474 69 330 102 397 350 306 66 174 303 425 489 82 212 44 65 228 148 97 376 141 159 434 482 327 392 162 469 233 352 68 337 123 488 346 362 403 209 96 326 126 297 358 175 470 475 172 2
308 180 318 54 261 106 133 211 278 336 128 35 487 316 151 459 208 196 247 41 411 342 256 30 499 353 296 24 460 405 276 254 130 473 109 444 231 393 286 455 81 119 53 58 384 339 448
287 259 452 51 164 168 170 153 320 289 33 70 75 292 458 360 229 131 385 331 377 379 418 497 495 127 348 184 197 430 347 435 375 244 216 46 264 313 192 378 252 195 480 431 258 104 432 163 207 169 93 267 438 56
113 424 204 80 18 298 453 500 110 322 135 332 45 22 186 390 87 57 388 16 465 193 111 437 321 232 152 325 63 404 257 76 421 266 466 340 251 86 236 484 21 191 77 39 457 349 295
277 29 64 341 293 84 60 361 142 200 221 436 399 125 217 476 25 12 8 329 269 145 173 471 407 324 43 32 262 72 190 230 271 79 48 182 36 386 183 3 20 52 273 413 309 314 161 235 402 440
17 136 199 395 359 486 491 419 351 61 74 447 291 412 372 417 42 28 406 99 400 201 160 279 454 105 187 120 485 356 7 202 380 246 83 472 220 445 249 334 365 124 301 115 310 274 357 461 178 394 100 23
