19326
277 424 29 341 293 54 261 106 419 142 224 425 489 458 360 229 272 28 382 196 400 201 411 159 223 43 30 59 1 467 443 116 313 192 450 333 13 473 109 444 115 310 274 357 461 178 235 448
158 11 452 102 397 486 311 92 200 345 412 372 417 42 25 188 57 388 15 97 376 422 184 279 437 232 427 73 233 190 230 202 421 378 252 195 480 431 258 423 4 5 270 19 107 239 285 384 205
287 259 328 234 165 134 168 170 153 396 289 33 70 447 282 288 446 151 37 8 329 226 155 214 141 407 324 481 468 162 375 299 250 206 50 490 137 144 79 428 10 251 86 236 464 237 413 163 207 169 93 475 172 440
265 284 477 242 108 420 121 300 361 370 253 181 135 82 212 263 462 122 415 367 269 145 173 312 342 414 364 305 374 451 63 404 257 271 154 225 31 198 132 231 393 286 455 309 314 161 438 402 2
255 180 129 103 98 491 320 194 492 389 27 399 139 476 65 459 99 418 148 338 193 315 197 430 454 105 187 325 304 302 281 381 210 276 254 130 36 386 183 3 20 52 273 171 146 457 369 95
308 204 64 373 219 409 350 500 38 110 292 283 294 117 118 377 379 497 495 127 227 433 222 482 347 435 469 244 485 356 46 264 380 346 362 149 280 248 6 326 126 297 383 39 391 394 100 295
17 136 80 18 164 359 453 133 211 351 61 75 291 128 35 487 316 44 390 78 208 16 465 160 471 434 327 392 429 262 72 7 493 76 67 246 83 472 220 445 249 343 307 167 484 21 191 77 114 55 166 56
185 113 203 368 318 298 366 335 88 40 278 218 221 436 332 45 22 71 176 87 449 41 260 496 26 256 241 32 120 456 442 216 238 488 355 319 403 209 96 275 441 268 426 371 267 101 339 23
474 69 330 199 395 463 140 478 494 387 336 498 125 217 186 243 331 406 410 290 62 34 157 317 401 321 240 9 344 353 296 24 460 405 245 215 266 466 340 354 363 479 179 104 432 81 119 53 58 49 349 150
143 85 51 84 60 306 66 174 303 74 322 189 156 483 47 131 385 12 228 91 247 398 213 348 111 14 138 152 499 352 68 337 123 94 90 408 48 182 334 365 124 301 112 416 177 323 358 175 470 147 89 439
