19268
158 11 368 129 103 98 491 419 33 224 189 156 483 47 71 176 78 208 196 367 269 145 173 43 305 30 325 456 442 216 238 79 428 10 354 363 479 179 310 177 357 53 470 172 2
143 85 242 108 420 121 311 92 253 345 128 35 487 316 42 415 15 398 213 348 407 223 401 364 105 187 120 304 206 68 337 123 271 83 472 220 249 343 307 167 275 441 309 461 178 235 349 150
185 474 69 330 102 84 366 335 88 40 278 447 291 412 372 417 217 186 37 99 400 201 157 184 324 481 232 435 375 299 63 50 490 245 276 254 130 198 132 326 20 4 5 270 19 107 161 475 56
287 259 452 51 164 359 350 306 66 174 303 218 322 135 332 45 22 151 188 57 148 97 376 422 312 342 14 392 162 469 244 302 281 202 421 346 362 31 473 109 444 464 237 413 171 146 58 394 147 89 439
255 203 328 234 165 134 60 361 142 200 181 27 294 272 462 459 497 495 127 227 315 197 26 256 468 374 59 1 467 443 116 313 210 90 378 252 334 365 124 301 231 393 286 455 323 358 175 384 448 23
308 180 318 54 486 300 38 396 370 221 436 399 125 263 25 87 377 379 410 247 41 411 471 317 414 327 32 262 72 190 230 381 215 67 246 450 333 13 149 280 248 6 104 432 163 119 207 239 285 166 295
17 136 80 18 298 453 500 351 110 336 498 283 139 131 385 28 382 388 290 62 34 496 141 159 434 437 321 240 451 250 7 493 137 94 266 466 340 251 86 236 112 416 191 77 39 457 369 95
277 29 64 341 293 397 261 106 133 211 194 70 75 292 458 360 229 476 65 118 122 418 8 329 226 155 214 433 222 482 454 429 9 344 485 356 404 257 76 488 154 225 403 209 96 115 21 126 81 169 93 267 101 438 402 440
265 284 477 199 395 168 170 153 320 289 61 74 389 282 288 446 117 243 331 406 91 449 338 260 160 111 430 347 152 499 353 296 24 460 405 144 355 319 445 195 480 431 258 423 52 273 268 426 371 55 339 205
113 424 204 373 219 409 463 140 478 494 387 492 425 489 82 212 44 390 12 228 16 465 193 279 138 241 427 73 233 352 46 264 380 192 408 48 182 36 386 183 3 484 274 314 297 383 114 391 49 100
