19299
277 424 204 80 18 298 366 335 88 370 253 291 412 372 417 42 25 12 228 367 97 376 141 407 342 437 374 451 456 216 116 313 276 83 472 220 445 149 280 248 6 310 274 314 426 371 161 235 349 150
185 113 29 64 341 293 397 98 170 153 396 289 33 110 336 282 288 446 117 28 78 208 410 247 41 193 184 324 454 105 187 325 304 206 50 271 246 346 362 36 386 183 3 484 21 191 77 39 285 438 95
287 259 452 51 164 359 350 311 92 40 61 389 27 294 186 188 57 388 400 201 160 471 279 430 347 435 469 233 352 68 123 380 192 428 252 251 86 236 326 20 4 5 163 207 169 93 267 101 147 448 23
265 284 477 242 108 420 463 140 478 494 387 218 221 436 332 45 22 151 331 406 418 148 226 155 157 317 414 327 152 499 353 296 24 460 405 144 266 466 340 195 480 431 258 104 432 171 53 55 295
474 69 330 199 395 486 491 320 303 447 498 283 139 272 379 497 495 127 348 222 14 43 241 32 120 485 356 7 493 76 421 355 319 249 334 365 132 115 286 455 323 107 239 384 2
158 11 368 129 103 453 133 211 351 224 75 292 458 360 229 71 176 37 99 8 329 269 145 173 315 197 26 364 305 392 429 262 72 190 230 137 94 90 408 378 10 473 109 444 423 52 273 357 358 58 49 100 440
255 203 328 234 165 134 168 500 38 278 181 135 82 212 44 243 382 415 16 465 411 159 434 401 321 240 9 344 63 404 46 337 281 202 381 210 450 333 13 343 307 167 275 441 268 177 81 119 175 470 166 56
143 85 102 84 60 306 66 174 70 345 399 125 217 476 65 462 459 196 290 62 34 496 422 312 256 30 59 1 467 443 238 488 154 225 31 198 124 301 112 416 413 309 461 178 394 172 205
308 180 318 54 261 106 419 142 200 425 489 74 128 35 487 316 263 118 377 91 449 338 260 214 433 223 481 468 162 375 244 302 490 245 79 48 182 403 209 96 231 393 126 297 383 114 391 475 339 89 439
17 136 373 219 409 121 300 361 194 492 322 189 156 483 47 131 385 390 87 122 15 398 213 227 111 482 138 232 427 73 299 250 257 442 264 215 67 254 130 354 363 479 179 464 237 270 19 146 457 369 402
