19563
287 259 452 51 84 366 306 66 174 303 447 291 412 372 417 117 118 415 388 148 97 376 315 197 26 454 152 499 353 296 206 68 123 137 94 144 450 333 13 149 280 248 6 326 126 297 383 175 470 49 172 448 23
277 29 64 341 293 54 261 106 419 351 61 74 336 128 35 487 316 42 25 188 57 410 247 41 193 141 407 324 347 435 375 299 250 7 493 313 210 154 225 31 195 480 431 258 423 52 273 413 309 314 161 384 339 56
308 180 318 298 453 133 311 92 40 110 189 156 483 47 71 176 382 8 329 269 145 173 401 364 105 187 120 456 442 216 271 79 48 182 354 363 479 179 104 432 171 146 457 349 205
265 284 477 242 108 420 463 140 211 194 345 498 283 139 263 462 122 99 418 497 495 127 227 471 111 414 232 427 73 233 352 46 264 238 488 254 130 36 386 183 3 484 21 191 77 39 391 235 100 2
185 143 85 102 397 98 170 153 396 33 70 75 292 458 360 229 186 243 459 208 15 398 348 422 312 342 256 240 9 344 304 302 490 90 346 362 251 86 236 115 310 274 81 119 53 58 438 439
113 424 204 80 18 164 168 491 320 289 224 181 282 288 446 151 377 91 290 62 34 496 184 279 430 138 305 30 325 63 24 460 405 276 408 378 10 473 109 444 275 441 323 358 114 267 101 147 150
17 136 373 219 409 486 500 38 387 492 425 489 82 212 44 331 406 449 338 260 160 223 437 321 429 469 244 50 116 381 67 266 466 340 198 132 112 416 177 268 426 371 285 369 402 440
474 69 330 199 395 359 121 300 88 370 253 389 27 294 272 87 12 228 367 226 155 214 433 222 14 43 241 32 262 485 356 404 257 76 421 355 319 334 365 124 301 20 4 5 357 461 178 394 295
158 11 368 129 103 350 335 478 494 200 322 135 332 45 22 476 65 28 78 196 400 201 411 159 317 481 468 374 59 1 467 443 337 281 245 215 428 252 403 209 96 231 393 286 455 163 207 169 93 475 89
255 203 328 234 165 134 60 361 142 278 218 221 436 399 125 217 131 385 390 37 379 16 465 213 157 434 482 327 392 162 451 72 190 230 202 380 192 246 83 472 220 445 249 343 307 167 464 237 270 19 107 239 55 166 95
