19054
255 180 129 103 98 491 419 194 336 399 125 217 476 462 459 418 15 97 376 422 197 43 241 427 73 233 352 257 216 271 192 266 466 340 198 124 301 231 393 286 455 323 358 114 166 2
308 204 64 373 219 409 350 335 88 387 70 75 292 458 360 229 117 390 12 228 400 201 411 324 347 32 120 485 356 7 380 346 362 31 251 86 236 115 310 274 297 383 175 470 49 349 150
143 85 102 397 463 140 478 494 200 389 27 294 186 331 377 497 495 127 227 315 26 481 232 152 499 353 296 24 460 405 245 90 408 450 333 13 149 280 248 6 326 126 357 461 178 235 100 295
185 474 69 330 199 395 359 486 311 92 253 447 498 283 139 263 37 91 449 338 157 312 342 138 321 240 9 344 456 442 493 76 421 254 130 36 386 183 3 20 4 5 270 19 107 239 285 384 339 56
287 259 328 234 165 134 168 170 153 320 289 33 224 425 291 412 372 417 272 385 118 406 410 290 62 34 496 141 159 317 414 327 392 429 262 72 190 230 313 210 79 428 252 195 480 431 275 441 309 314 161 369 402 440
17 136 80 18 164 60 361 142 278 345 282 288 446 151 28 122 415 388 16 465 193 111 482 454 105 187 325 304 302 281 202 381 215 67 246 355 319 403 209 96 112 416 177 81 119 53 457 147 89 439
265 284 477 242 108 420 121 300 38 396 40 61 218 221 436 332 45 22 71 176 78 208 8 329 269 145 173 471 407 434 437 305 30 59 1 467 443 116 276 83 472 220 445 249 354 363 479 179 104 432 171 146 58 394 172 23
158 11 452 51 84 453 500 351 110 322 189 156 483 47 131 243 382 379 196 367 398 213 348 184 279 14 374 451 63 404 46 264 94 144 154 225 10 343 307 167 484 21 191 77 39 391 475 95
113 203 368 318 298 366 306 66 174 303 181 135 82 212 44 65 188 57 99 148 226 155 214 222 401 364 435 375 299 250 206 68 337 123 137 378 473 109 444 464 237 413 163 207 169 93 267 101 438 448
277 424 29 341 293 54 261 106 133 211 370 492 489 74 128 35 487 316 42 25 87 247 41 260 160 433 223 430 256 468 162 469 244 50 490 238 488 48 182 334 365 132 258 423 52 273 268 426 371 55 205
