18687
287 259 452 51 84 453 500 351 61 345 399 125 316 42 25 382 8 329 269 145 173 111 401 468 374 59 1 467 443 116 381 210 276 428 149 280 248 6 484 21 191 77 114 267 101 89 439
308 180 318 298 366 311 92 224 181 135 82 212 44 65 28 228 497 495 127 348 407 324 437 240 9 344 353 296 24 460 405 245 215 67 378 252 198 124 301 231 393 286 455 171 146 457 349 150
17 136 80 18 164 168 140 478 494 387 70 389 27 294 263 462 188 57 379 410 290 62 34 227 433 317 43 105 187 120 485 356 7 202 192 266 466 340 195 480 431 258 104 432 81 119 53 58 394 147 56
185 113 424 204 102 397 350 306 66 174 303 218 291 412 372 417 217 476 390 78 15 97 376 471 159 434 481 30 325 63 404 257 76 421 83 472 220 445 249 334 365 132 112 416 177 268 426 371 475 339 205
158 11 368 129 103 98 170 153 320 289 200 221 436 332 45 22 71 176 459 449 41 260 160 342 414 327 392 162 451 456 442 493 144 408 450 333 13 343 307 167 326 126 357 461 178 384 95
277 29 64 341 293 54 261 106 133 211 370 75 292 458 360 229 272 118 122 415 196 247 398 213 157 312 223 482 347 152 499 304 302 281 137 94 79 48 182 36 386 183 3 20 52 273 413 163 207 169 93 285 369 402 440
474 69 330 199 395 359 121 300 38 396 33 110 322 189 156 483 47 151 331 406 418 400 201 411 315 197 14 138 364 305 32 262 72 190 230 313 90 346 362 31 251 86 236 423 4 5 309 314 161 49 100 23
265 284 477 242 108 420 463 335 88 194 492 425 489 74 128 35 487 131 385 37 388 367 226 155 214 256 241 427 73 233 352 68 337 123 271 246 254 130 473 109 444 115 310 274 297 383 39 391 235 438 172 2
255 203 328 234 165 134 60 361 142 253 447 498 283 139 117 243 12 208 91 148 338 496 141 222 26 454 429 469 244 216 46 264 380 154 225 10 354 363 479 179 464 237 270 19 107 239 55 448
143 85 373 219 409 486 491 419 40 278 336 282 288 446 186 87 377 99 16 465 193 422 184 279 430 321 232 435 375 299 250 206 50 490 238 488 355 319 403 209 96 275 441 323 358 175 470 166 295
