18749
158 11 368 129 103 98 491 419 142 61 218 291 412 372 417 42 87 57 388 400 201 157 312 223 482 256 30 325 63 404 257 313 276 346 362 31 473 109 444 423 4 5 270 19 107 239 285 166 205
255 203 328 234 165 134 168 170 153 396 370 389 27 294 131 188 418 91 148 338 260 160 317 468 374 59 1 467 443 116 94 154 225 36 386 183 3 20 52 273 268 426 371 267 100 295
308 180 318 54 261 106 133 211 351 110 447 498 283 139 263 331 377 449 41 193 437 321 240 451 72 190 230 202 381 488 254 130 209 96 231 393 286 455 323 358 114 55 339 56
287 259 452 242 108 420 366 335 88 200 322 189 156 483 47 151 459 16 465 411 315 197 26 138 241 32 262 485 356 7 76 421 450 333 13 149 280 248 6 326 126 171 146 457 369 402 2
17 136 80 18 298 453 320 289 253 181 135 82 212 44 65 462 382 208 15 97 376 141 159 434 430 364 305 105 187 120 304 302 281 238 246 355 319 445 249 334 365 124 301 112 416 177 357 461 178 394 147 95
277 424 204 373 219 409 463 140 478 494 387 221 436 332 45 22 71 176 37 379 410 290 62 34 496 422 184 324 481 232 427 73 233 352 68 337 123 271 79 428 195 480 431 484 21 191 77 39 391 384 150
185 474 69 330 102 397 350 311 92 40 278 336 282 288 446 117 390 78 247 398 213 348 407 342 14 454 429 9 344 353 296 24 460 405 245 215 67 83 472 220 252 251 86 236 258 104 432 163 207 169 93 235 89 440
143 85 51 164 121 300 361 194 70 75 292 458 360 229 272 385 118 406 99 196 367 226 155 214 433 279 43 392 162 469 244 216 46 264 380 192 408 48 182 403 343 307 167 275 441 81 119 53 58 101 438 172 439
113 29 64 341 293 84 60 306 66 174 303 492 425 489 74 128 35 487 316 186 243 12 228 8 329 269 145 173 471 222 401 327 435 375 299 250 206 50 490 137 210 90 266 466 340 198 132 115 310 274 297 383 175 470 49 349
265 284 477 199 395 359 486 500 38 33 224 345 399 125 217 476 25 28 122 415 497 495 127 227 111 414 347 152 499 456 442 493 144 378 10 354 363 479 179 464 237 413 309 314 161 475 448 23
