14086
653 586 277 652 604 665 629 329 251 504 494 248 620 155 655 242 282 526 368 516 352 230 257 30 382 319 631 444 35 618 167 409 25 347 54 468 464 475 236 390 207 106 364 171 109 496 191 228 86 466 102 394 467 627 254 5 537 692 113 519
381 357 667 543 152 640 149 552 450 592 551 545 300 696 194 614 635 187 136 310 505 503 534 100 630 453 369 179 249 570 579 292 158 616 56 208 435 255 476 458 563 160 224 123 421 568 119 259 580 28 438 57 184 591 400 429
564 316 367 304 197 587 542 408 121 195 213 593 268 199 19 651 448 103 173 557 306 13 151 281 411 92 401 664 443 124 253 204 297 697 418 507 186 598 556 129 198 663 685 37 98 271 532 391 256 99 120 513 406 569 176 118 691 50
577 389 215 554 131 66 116 606 307 274 112 18 661 575 392 521 439 250 514 637 463 135 378 512 91 60 332 676 436 69 502 482 402 547 192 134 524 311 74 174 649 331 472 294 574 573 486 46 107 26 446 142 425 324 470 349
460 337 584 433 567 590 141 216 273 623 140 55 105 346 632 550 180 343 279 269 379 299 393 335 200 386 261 258 245 110 365 487 384 533 201 220 203 260 157 639 657 317 21 447 65 385 51 572 622 621 362 674 82 642 115 345 625 275 498 214 1 293 456 166
225 601 684 423 605 683 417 302 686 3 515 164 469 330 626 613 619 95 654 488 530 422 16 645 210 283 239 308 341 83 581 459 233 478 576 589 270 90 244 700 229 641 205 374 600 22 555 578 395 39 94 424 323 410 289 535 188
61 609 656 315 290 427 165 144 491 170 48 286 153 10 643 479 566 150 585 265 80 96 611 355 430 104 449 361 288 677 42 371 682 63 451 689 695 510 117 267 68 243 528 662 285 202 462 326 193 232 536 280 457 101 359 221 6 540 434 481 305
693 38 264 162 175 177 125 612 79 235 615 628 334 419 548 231 223 49 607 303 327 602 480 471 52 33 416 473 624 582 698 252 403 594 517 238 617 495 143 500 340 12 484 295 320 161 672 196 670 499 452 678 599
263 130 565 527 597 72 9 336 338 284 583 145 523 226 493 561 483 441 407 372 111 312 454 511 339 428 133 217 11 309 445 420 29 414 366 168 353 688 538 373 43 375 240 333 67 525 241 62 376 412 169 560 154 182 342 156 246 20 77 596 595
314 522 318 398 650 559 237 541 36 183 17 405 354 431 383 413 328 47 266 159 455 163 699 440 322 666 415 24 558 690 603 219 321 518 73 32 492 562 675 399 70 71 218 370 388 571 128 206 222 137 647 78 358 185 501 34 211 489
660 608 139 681 87 148 432 351 212 287 387 45 465 178 59 247 126 634 350 461 301 658 75 437 694 485 40 190 262 41 356 633 23 506 58 497 544 64 687 673 181 97 53 132 659 85 147 396 84 2 7 272 669 474 668 146 298 553 296
588 93 209 426 76 44 549 679 648 122 88 234 172 276 108 380 539 490 14 127 27 397 348 644 278 291 81 344 4 325 477 646 508 377 15 546 529 89 509 360 31 138 610 114 189 636 313 531 671 680 404 442 363 227 8 638 520
