14213
577 304 197 398 152 549 216 148 541 286 153 10 164 234 172 276 108 380 13 151 281 411 463 455 163 283 291 60 624 445 420 356 633 23 594 517 238 56 208 475 236 390 207 500 53 171 109 572 573 671 46 107 457 580 182 342 6 540 289 535 188
564 660 209 681 87 329 116 284 79 235 515 620 493 330 242 282 95 654 488 530 312 454 511 339 428 75 416 473 253 344 4 698 252 403 508 377 15 546 192 134 524 311 67 563 241 62 376 600 313 578 137 120 94 424 254 410 118 691 50
263 93 652 604 605 175 338 623 122 88 105 405 334 419 548 231 223 49 607 303 310 505 503 382 33 258 245 40 190 618 603 219 321 201 220 203 260 157 687 673 181 525 340 271 532 22 555 674 82 2 7 101 627 438 57 184 591 293 456 166
61 381 608 139 426 76 44 66 491 170 195 213 593 643 479 566 150 585 439 250 514 637 230 257 30 534 361 443 124 81 676 436 69 533 518 73 32 43 617 198 663 37 364 528 132 659 388 412 228 86 680 560 672 78 569 176 434 481 305
316 367 389 215 554 131 141 273 606 307 274 450 592 551 561 483 465 413 126 422 299 27 397 348 52 332 677 179 249 570 579 186 598 556 129 639 657 229 458 68 98 12 496 193 232 320 154 323 670 499 452 678 599
337 584 264 587 542 251 583 145 523 226 387 300 696 407 372 111 14 127 92 401 658 644 437 440 322 453 369 42 371 682 63 451 689 695 529 89 435 117 267 138 610 114 189 636 574 622 621 362 259 26 28 625 5 537 692 400 429
225 601 684 423 162 336 237 48 504 494 248 268 155 45 441 173 279 269 379 328 461 301 512 278 308 341 83 581 459 233 478 576 589 270 64 255 31 641 71 218 370 484 391 486 536 280 642 669 142 425 324 470 349
653 586 277 656 665 629 683 417 432 140 55 199 19 651 431 383 80 526 368 516 352 430 104 699 631 666 415 582 167 409 506 58 497 544 492 244 700 317 21 97 65 662 285 202 462 326 147 466 99 467 446 363 227 8 638 520 595
314 130 565 527 597 72 9 144 121 351 212 346 632 550 180 343 619 96 611 355 393 335 200 386 261 91 11 35 365 487 384 502 482 402 547 375 240 333 685 106 385 51 85 191 206 256 395 39 513 406 358 185 501 34 211 489
693 38 433 315 650 559 177 125 612 552 615 287 469 354 448 103 265 306 539 634 16 645 210 664 319 239 288 309 262 41 29 414 292 158 616 468 464 509 360 476 447 160 224 123 421 568 396 222 161 647 394 345 221 474 668 146 298 553 296
460 588 357 667 543 290 427 165 679 648 302 686 3 112 18 661 575 392 521 178 59 247 490 557 47 266 350 602 135 378 133 100 694 630 444 24 558 690 297 697 418 507 366 168 353 688 54 510 495 143 399 174 649 331 472 374 571 128 119 84 404 115 272 442 359 275 498 214 1 113 519
609 522 318 567 590 408 640 149 36 183 17 628 545 655 626 613 194 614 635 187 136 327 159 480 471 449 217 485 110 204 325 477 646 25 347 538 373 90 562 675 74 70 243 205 294 295 531 169 102 196 156 246 20 77 596
