13142
693 130 652 604 567 590 141 237 541 504 494 248 268 628 551 545 300 696 619 95 654 488 530 422 299 230 257 30 644 308 341 83 581 459 233 23 506 58 497 544 260 244 700 317 21 37 71 205 374 85 191 671 84 560 39 182 358 185 501 34 211 489
61 314 304 197 587 542 329 640 149 583 145 523 155 45 441 380 126 96 310 505 503 382 133 100 694 291 444 332 179 249 570 579 186 598 556 43 617 562 675 685 68 385 51 326 193 531 536 280 2 394 94 424 275 246 20 77 596
660 433 76 72 9 408 116 623 122 88 105 405 334 419 548 231 223 49 607 303 352 461 301 664 319 322 11 309 445 420 29 414 366 168 353 688 54 56 208 687 207 74 174 114 189 636 574 573 486 169 99 7 101 446 474 668 146 537 692 293 456 166
577 389 215 290 427 165 338 606 307 274 450 346 632 550 242 407 372 111 14 127 27 397 348 261 91 60 624 582 698 252 403 518 73 32 546 192 639 657 229 447 649 271 532 571 128 119 259 120 467 342 221 156 670 499 452 678 599
460 588 608 264 543 87 66 491 273 284 36 213 593 226 493 330 180 343 282 526 368 516 16 645 210 386 217 443 124 190 262 41 356 633 502 158 616 492 157 495 143 399 70 243 65 132 659 388 313 228 86 256 395 78 254 5 434 481 305
225 277 656 426 554 131 336 170 48 552 615 18 661 575 392 521 439 250 514 637 463 455 163 52 437 440 288 677 618 167 409 482 402 547 375 509 360 476 106 364 218 370 555 320 161 642 196 6 540 289 535 188
564 316 367 93 522 318 315 650 559 177 125 612 79 235 515 620 199 19 655 448 103 173 279 269 379 312 454 511 339 428 33 630 453 369 42 371 682 63 451 689 695 510 240 333 500 53 528 662 285 202 462 295 222 137 115 359 569 176 184 591 400 429
653 586 601 684 423 398 152 175 144 121 195 183 17 592 354 626 613 194 614 635 187 136 327 159 480 471 449 258 245 473 253 676 436 69 478 576 589 270 15 529 89 435 117 267 641 241 12 484 22 412 232 466 457 28 625 498 214 1 113 519
263 357 667 44 251 140 55 112 287 387 566 150 585 265 80 247 490 557 47 266 350 393 335 200 512 361 485 40 35 365 487 384 533 508 377 238 90 198 663 458 563 340 171 109 391 396 674 82 404 513 406 323 410 298 553 296
381 38 139 681 605 679 648 302 686 3 164 234 172 276 108 306 13 151 281 411 602 135 378 534 75 239 81 344 4 325 477 646 594 517 468 464 475 236 390 673 181 97 160 224 123 496 147 578 647 154 669 142 425 324 470 349
609 565 527 597 665 629 683 417 286 153 10 469 561 651 431 383 178 59 539 634 92 401 658 699 278 631 666 415 24 558 690 603 219 321 201 220 203 64 134 524 311 67 525 62 376 421 568 206 680 26 580 345 438 57 118 691 50
337 584 209 162 549 216 148 432 351 212 643 479 483 465 413 328 611 355 430 104 283 416 110 204 297 697 418 507 292 25 347 538 373 129 255 31 138 610 98 331 472 294 600 572 622 621 362 46 107 102 672 272 442 627 363 227 8 638 520 595
