13482
314 608 264 605 175 338 149 686 3 112 18 661 575 392 521 80 526 368 516 352 430 104 386 258 11 309 262 41 356 633 502 158 616 56 208 687 673 181 174 114 189 636 574 572 573 486 671 84 99 39 272 442 359 221 156 246 20 77 596 595
460 588 38 209 681 398 152 549 679 648 302 351 212 643 479 651 448 103 173 279 379 299 230 257 163 283 416 444 332 179 249 570 579 186 598 556 238 90 240 333 685 37 364 218 370 388 295 531 536 280 560 154 196 670 324 470 349
577 277 652 604 87 329 251 79 235 515 10 346 632 550 242 231 223 187 136 310 505 503 664 319 291 666 415 24 558 690 459 233 478 508 377 373 129 255 31 138 610 98 331 472 294 326 193 206 169 161 457 78 474 668 146 537 692 400 429
609 656 567 590 66 116 195 183 17 268 469 561 483 343 282 95 654 488 530 637 27 397 348 52 33 361 308 341 83 581 487 384 533 25 347 54 468 464 639 657 229 447 160 12 484 496 555 466 102 394 467 627 254 5 434 481 305
653 586 433 543 44 144 491 273 623 583 145 523 405 334 419 585 265 306 96 303 350 602 455 30 382 133 278 322 453 369 42 371 682 63 451 689 695 510 495 143 74 70 243 528 662 285 202 571 147 256 82 26 669 363 227 118 691 50
660 93 522 318 315 650 559 177 125 612 286 153 105 155 45 465 413 328 611 355 393 335 200 100 694 631 81 344 4 325 477 646 594 517 64 198 663 458 68 649 385 51 22 622 396 320 101 424 323 410 298 553 296
263 304 197 587 542 165 216 148 541 36 213 593 287 387 566 150 441 178 59 539 490 557 47 281 411 463 135 378 75 239 443 124 190 618 603 219 321 201 220 203 546 192 562 675 500 65 132 659 412 232 86 680 642 513 406 438 57 184 591 293 188
316 367 139 426 290 427 336 121 284 122 88 592 19 300 696 194 614 635 269 607 266 461 301 658 699 440 485 40 35 204 297 697 418 507 23 506 58 497 544 260 244 700 317 21 106 241 62 376 421 128 578 395 672 94 345 625 275 498 214 1 113 519
693 130 565 527 597 72 9 408 170 48 552 615 628 551 545 655 431 383 380 13 151 312 454 511 339 428 644 437 217 245 60 253 365 167 409 168 353 688 538 43 617 134 524 311 67 525 340 171 109 391 621 119 46 107 28 142 425 8 638 520
564 225 601 684 423 162 141 237 504 494 248 620 199 354 626 613 619 247 126 634 16 645 210 534 261 630 473 624 582 698 252 403 576 589 270 15 375 509 360 476 641 71 224 123 462 313 362 674 2 7 580 446 569 176 289 535 456 166
61 337 584 389 215 554 131 640 606 55 164 234 172 276 108 439 250 514 49 422 327 159 480 471 449 91 288 677 445 420 29 414 292 518 73 32 492 157 475 236 390 207 97 53 271 532 85 191 228 222 137 647 120 115 182 358 185 501 34 211 489
381 357 667 76 665 629 683 417 432 140 307 274 450 226 493 330 180 548 407 372 111 14 127 92 401 512 110 676 436 69 366 482 402 547 529 89 435 117 267 399 563 205 374 600 568 259 404 342 6 540 499 452 678 599
