13433
61 609 209 152 165 216 121 195 213 593 268 199 19 483 343 194 614 635 187 136 310 463 455 30 382 133 100 361 485 110 204 249 570 579 186 598 556 238 56 208 562 675 447 171 109 496 555 466 115 254 5 434 481 305
337 584 433 587 650 559 177 125 284 583 145 105 18 661 575 392 521 80 247 126 634 16 645 210 386 443 124 190 618 603 219 321 576 589 270 546 529 495 143 500 53 218 370 600 568 169 642 78 438 57 184 591 400 429
653 586 277 656 215 554 131 141 116 623 122 88 592 551 545 655 242 231 223 49 607 266 350 602 135 378 699 278 631 11 309 262 41 356 633 502 158 616 90 244 700 229 458 174 160 224 123 574 313 531 674 82 404 272 442 196 569 176 289 535 188
577 522 318 315 290 427 329 273 432 351 212 628 330 431 383 178 59 539 490 557 47 281 411 430 104 449 322 444 332 179 698 252 403 168 353 688 538 492 89 509 360 476 67 525 205 294 421 572 573 486 84 39 345 6 540 499 452 678 599
660 38 389 426 605 408 170 606 55 10 643 479 566 150 441 282 526 368 516 352 461 301 658 283 291 308 341 83 581 459 233 23 506 58 497 544 695 510 117 267 138 610 114 189 636 391 578 395 28 625 498 214 1 113 519
225 608 139 681 398 542 237 541 286 153 523 405 334 419 585 265 306 96 303 127 27 397 348 52 437 694 630 473 253 365 487 384 533 451 689 43 375 639 657 317 21 106 364 528 662 285 202 571 128 671 680 26 669 474 668 146 298 553 296
314 652 604 76 44 549 144 640 149 79 235 615 287 387 300 696 407 372 111 14 454 511 339 428 644 258 666 415 24 558 690 297 697 418 507 366 482 402 547 192 198 663 97 649 271 532 622 621 396 320 161 457 467 446 275 246 20 77 596 595
263 601 684 543 87 66 491 417 302 140 307 274 450 164 469 561 651 448 103 173 380 13 151 312 505 503 534 33 416 288 677 445 420 29 414 292 201 220 203 260 157 687 673 181 74 70 243 65 331 472 374 462 326 193 232 86 536 280 2 154 513 406 358 185 501 34 211 489
460 588 357 667 162 336 338 612 36 183 17 234 172 276 108 279 269 379 299 393 335 200 75 261 91 60 624 582 167 409 25 347 54 64 435 255 31 685 37 241 132 659 388 147 119 259 560 672 580 359 221 363 227 8 638 520
381 304 264 423 567 590 175 251 504 494 248 620 226 493 354 626 613 439 250 514 637 92 401 664 319 440 453 369 42 371 682 63 594 517 129 240 333 68 98 385 51 85 191 46 107 102 394 424 156 670 537 692 293 456 166
564 316 367 93 197 72 9 679 648 48 552 515 155 45 465 413 328 611 355 230 257 163 512 217 245 40 35 676 436 69 478 508 377 15 617 134 524 311 641 71 12 484 295 206 222 99 7 101 182 342 142 425 324 470 349
693 130 565 527 597 665 629 683 148 686 3 112 346 632 550 180 548 619 95 654 488 530 422 327 159 480 471 239 81 344 4 325 477 646 518 73 32 373 468 464 475 236 390 207 399 563 340 62 376 22 412 228 362 256 137 647 120 94 627 323 410 118 691 50
