14022
693 209 543 87 683 417 302 351 212 628 551 545 300 696 231 223 49 607 303 127 92 401 658 133 100 694 485 110 365 487 384 502 158 616 43 617 134 524 311 106 364 331 472 202 22 412 396 680 642 580 196 142 425 8 638 520
564 225 601 684 162 237 541 286 153 523 226 493 330 180 548 619 95 654 111 14 505 503 664 278 631 60 253 204 249 570 579 186 576 589 270 492 562 675 458 174 160 224 123 85 191 228 362 674 82 404 467 627 323 670 499 452 678 599
316 367 357 667 597 72 9 144 121 195 213 593 112 18 661 45 465 178 59 247 126 634 16 645 210 386 258 308 341 83 581 459 233 478 508 377 15 56 208 435 117 267 138 610 98 271 532 462 295 232 86 169 26 669 474 668 146 298 553 296
609 389 215 44 329 116 623 140 307 274 450 164 469 172 276 108 439 250 514 637 461 301 382 319 81 344 4 698 252 403 168 353 688 54 468 464 198 663 21 97 71 218 370 484 622 621 531 671 46 107 102 672 94 359 625 410 434 481 305
588 38 139 426 605 175 491 273 284 583 145 287 387 566 150 585 407 372 488 530 422 327 27 397 348 283 217 322 444 332 179 325 477 646 598 556 238 64 687 673 181 74 70 243 171 109 571 147 119 259 78 358 185 501 34 211 489
61 314 130 652 604 587 542 408 170 122 88 105 592 561 651 448 103 265 80 96 611 355 602 455 30 75 437 361 245 40 35 676 436 69 533 201 220 203 546 192 244 700 229 447 65 12 421 568 466 647 272 446 569 176 537 692 113 519
577 304 197 152 549 216 148 432 552 615 234 354 626 613 279 269 379 299 430 104 449 91 288 677 445 420 29 414 366 482 402 547 375 255 476 68 649 385 51 391 256 395 120 442 221 363 227 324 470 349
660 565 527 567 290 427 336 679 648 606 55 268 405 334 419 343 194 614 635 187 136 310 463 135 378 512 291 453 369 42 371 682 63 594 517 90 495 143 685 37 114 189 636 574 128 84 99 7 182 342 275 498 214 1 400 429
381 93 522 318 315 650 559 640 149 36 183 17 199 19 575 392 521 413 328 47 266 350 230 257 163 699 440 11 309 262 41 356 633 23 25 347 538 373 129 639 657 317 67 525 205 294 313 320 161 457 101 345 156 246 20 77 596 595
460 337 584 433 681 554 131 141 338 48 504 494 248 620 346 632 550 431 383 380 539 490 312 454 511 339 428 644 416 473 624 582 167 409 506 58 497 544 695 510 240 333 399 563 340 662 285 374 496 555 578 2 394 28 254 5 118 691 50
653 586 277 656 76 665 629 66 251 79 235 515 10 643 479 483 441 282 526 368 516 352 159 480 471 52 33 239 443 124 190 618 603 219 321 518 73 32 529 89 509 360 31 500 53 528 132 659 388 572 573 486 536 280 560 154 513 406 438 57 184 591 293 456 166
263 608 264 423 398 590 165 177 125 612 686 3 155 655 242 173 557 306 13 151 281 411 393 335 200 534 261 630 666 415 24 558 690 297 697 418 507 292 451 689 260 157 475 236 390 207 641 241 62 376 600 326 193 206 222 137 39 115 424 6 540 289 535 188
