13282
316 367 433 597 87 170 195 213 593 164 234 354 626 613 231 223 187 136 159 455 163 699 361 443 124 190 618 698 252 403 168 353 688 538 43 617 134 524 311 67 70 241 189 636 22 412 362 46 395 154 359 474 668 146 298 553 296
263 130 565 527 152 329 640 432 140 307 274 450 18 661 575 392 521 413 328 47 266 350 393 335 200 449 440 322 11 309 262 41 29 414 366 482 402 547 375 509 360 31 138 610 114 62 376 600 496 555 578 107 102 101 345 438 57 184 591 293 188
653 586 656 426 605 175 338 149 583 145 523 493 330 180 548 619 95 654 488 530 312 454 511 339 428 283 485 40 35 204 603 219 321 201 220 203 492 157 198 663 21 458 68 53 12 484 295 228 680 26 580 182 342 275 246 20 77 596
564 588 38 264 587 650 559 683 148 541 504 494 248 268 346 632 550 242 279 379 637 230 257 30 664 239 81 344 4 325 477 646 25 347 54 510 495 143 685 106 364 662 285 202 574 622 621 531 466 560 120 467 446 363 227 118 691 50
381 93 522 318 665 629 491 417 286 153 10 643 479 300 696 282 526 611 355 430 104 644 278 291 110 365 167 409 518 73 32 192 255 476 525 528 132 659 109 326 193 232 256 137 647 627 323 410 8 638 520 595
660 608 139 681 398 72 9 408 177 125 612 79 235 515 620 226 469 172 276 108 439 250 490 96 310 505 503 382 319 631 444 332 179 249 570 579 533 508 377 15 64 475 236 390 673 181 641 71 385 51 313 206 169 161 672 272 196 6 540 289 535 456 166
693 304 197 567 590 141 216 121 284 552 615 155 45 585 265 80 247 126 634 16 645 210 386 261 416 288 677 445 420 356 633 502 451 689 546 529 89 639 657 317 447 205 294 421 191 486 84 2 394 94 669 142 425 324 470 349
225 601 684 423 162 336 237 606 55 199 19 483 465 557 306 13 151 281 411 602 480 471 133 100 245 60 253 676 436 69 478 576 589 270 373 129 244 700 229 500 243 65 331 472 374 85 147 396 222 99 7 442 406 156 670 537 692 113 519
609 277 652 604 76 44 549 144 273 623 122 88 105 287 387 566 150 441 173 380 514 49 422 299 92 401 658 33 258 473 624 582 487 384 292 158 616 468 464 240 333 97 98 271 532 462 391 671 259 39 424 254 498 214 1 400 429
61 314 389 543 542 66 116 302 686 3 112 592 545 655 448 103 194 614 635 269 607 303 352 461 301 512 91 666 415 24 558 690 297 697 418 507 186 598 556 238 90 562 675 74 174 340 171 571 128 119 320 642 78 358 185 501 34 211 489
460 337 584 209 215 554 131 165 251 36 183 17 628 551 561 651 431 383 178 59 539 368 516 327 463 135 378 534 75 694 630 453 369 42 371 682 63 594 517 260 435 117 267 399 563 649 218 370 388 572 573 86 674 82 404 115 28 221 569 176 434 481 305
577 357 667 315 290 427 679 648 48 351 212 405 334 419 343 407 372 111 14 127 27 397 348 52 437 217 308 341 83 581 459 233 23 506 58 497 544 695 56 208 687 207 37 160 224 123 568 536 280 457 513 625 5 499 452 678 599
