13090
61 337 584 652 604 567 290 427 165 121 195 183 17 268 493 330 180 548 279 269 379 312 454 511 339 428 75 631 60 624 582 698 252 403 594 517 238 90 244 700 229 106 364 528 132 659 412 232 86 256 395 7 182 342 142 425 8 638 520 595
263 130 389 597 590 408 177 125 612 686 3 620 18 661 575 392 521 439 250 514 637 230 257 30 664 261 440 81 344 4 167 409 25 347 538 373 129 255 31 500 71 662 285 202 295 228 259 26 28 569 176 289 535 456 166
316 367 304 197 162 549 679 648 284 79 235 615 199 19 651 448 103 178 59 539 368 516 352 159 455 163 512 361 485 110 204 297 697 418 507 23 506 58 497 544 695 510 495 143 399 70 340 224 123 313 362 674 82 154 345 221 275 498 214 1 293 188
564 314 608 264 423 152 175 144 148 432 552 10 155 45 465 231 223 49 607 303 127 27 397 348 52 33 416 444 332 179 325 477 646 598 556 260 198 663 21 37 649 218 370 388 571 128 671 169 560 39 467 627 254 670 324 470 349
660 357 667 543 87 329 251 140 55 112 628 551 545 655 242 282 526 611 355 430 104 699 258 245 473 253 676 436 69 533 482 402 547 529 89 435 117 267 685 174 160 12 484 391 486 320 102 94 424 438 57 184 591 400 429
381 38 433 681 398 72 9 216 273 623 36 213 593 287 469 354 626 613 619 95 654 488 634 16 645 210 534 319 630 666 415 24 558 690 249 570 579 186 508 377 43 375 240 333 67 525 241 189 636 574 572 555 119 46 161 647 78 625 5 434 481 305
653 586 565 527 587 542 66 491 170 48 351 212 643 479 300 696 265 80 247 490 557 530 422 299 461 301 658 283 239 308 341 83 581 459 233 478 576 589 270 15 546 192 687 207 447 98 171 109 573 466 2 672 442 446 6 540 499 452 678 599
225 139 426 44 338 149 286 153 523 226 387 566 150 585 407 372 111 14 463 135 378 322 453 369 42 371 682 63 451 689 64 639 657 317 458 68 243 65 385 51 85 193 206 578 107 457 115 359 156 246 20 77 596
577 93 209 215 554 131 141 116 583 145 515 405 561 483 441 173 380 126 96 310 505 503 382 133 100 694 291 40 35 365 487 384 292 201 220 203 492 157 475 236 390 673 181 97 53 271 532 462 326 147 396 680 404 101 196 363 227 118 691 50
588 601 684 605 336 640 606 307 274 450 592 334 419 343 194 614 635 187 136 327 602 480 471 644 437 217 443 124 190 618 603 219 321 518 73 32 468 464 509 360 476 641 114 62 376 22 622 621 531 222 137 642 394 513 323 410 537 692 113 519
693 522 318 315 650 559 237 541 504 494 248 164 234 172 276 108 413 328 47 266 350 393 335 200 386 278 11 309 262 41 356 633 502 158 616 617 134 524 311 74 610 331 472 294 421 568 84 99 580 406 358 185 501 34 211 489
460 609 277 656 76 665 629 683 417 302 122 88 105 346 632 550 431 383 306 13 151 281 411 92 401 449 91 288 677 445 420 29 414 366 168 353 688 54 56 208 562 675 138 563 205 374 600 496 191 536 280 120 272 669 474 668 146 298 553 296
