18435
277 29 64 341 293 397 98 170 153 320 289 224 345 498 283 139 131 385 188 57 410 247 398 213 227 111 482 454 105 187 325 63 404 257 271 254 130 36 386 183 3 20 4 5 163 207 169 93 55 349 150
287 259 452 242 108 420 121 300 38 396 40 110 322 189 156 483 47 71 176 12 208 497 495 127 348 407 223 401 327 435 375 299 250 206 50 490 238 488 355 319 334 365 124 301 326 126 297 383 175 470 49 100 440
185 143 85 51 164 261 335 88 370 253 181 135 82 212 44 118 377 91 449 41 193 141 184 14 43 30 59 1 467 443 116 313 210 90 154 225 249 195 480 431 258 423 52 273 270 19 107 239 285 384 339 448 23
113 424 204 80 18 298 453 500 33 389 282 288 446 151 331 406 196 400 201 160 422 312 342 347 32 120 304 302 281 202 380 192 346 362 31 343 307 167 464 237 413 171 146 457 56
265 284 477 199 395 359 350 311 92 200 425 489 74 128 35 487 316 263 28 78 388 367 269 145 173 222 138 232 152 499 456 442 493 245 276 378 252 403 209 96 231 393 286 455 309 314 161 235 147 89 439
255 203 328 234 165 134 168 106 133 211 351 61 218 291 412 372 417 217 117 243 122 16 465 411 434 364 305 374 451 72 190 230 76 67 246 450 333 13 149 280 248 6 484 21 191 77 39 391 101 438 172 295
474 69 330 102 84 60 361 142 278 447 27 294 272 25 228 148 338 260 157 315 197 26 481 240 9 344 353 296 24 460 405 381 215 79 428 10 251 86 236 115 310 274 323 358 114 267 369 402 2
308 180 318 54 366 306 66 174 303 492 221 436 332 45 22 186 37 379 290 62 34 496 317 430 256 468 162 469 244 216 46 264 144 83 472 220 445 198 132 112 416 177 357 461 178 166
17 136 373 219 409 463 140 478 494 387 336 399 125 42 390 87 382 415 15 97 376 471 159 324 437 321 392 429 262 485 356 7 137 94 266 466 340 354 363 479 179 104 432 81 119 53 58 394 95
158 11 368 129 103 486 491 419 194 70 75 292 458 360 229 476 65 462 459 99 418 8 329 226 155 214 433 279 414 241 427 73 233 352 68 337 123 421 408 48 182 473 109 444 275 441 268 426 371 475 205
