5095
954 404 493 657 365 24 9 998 68 782 527 338 93 631 124 264 15 188 968 503 407 133 190 22 347 298 435 116 799 218 195 488 752 923 846 635 924 74 371 690 980 88 71 738 235 312 918 214 263 552 984 340 21 443 238 859 639 452 471 641 979 556 107 545 189
873 656 993 477 447 212 294 267 463 366 401 686 570 567 815 513 534 585 675 653 650 644 855 288 462 479 813 95 860 898 574 791 748 560 67 192 706 596 121 434 308 96 163 603 885 362 77 370 938 665 787 800 517 630 518 613 254 199 749 432 270 965 660 241
155 337 573 492 891 864 262 727 854 506 894 547 502 851 580 940 216 520 3 699 944 289 486 397 281 797 804 423 676 879 735 484 661 5 304 827 324 464 225 934 373 103 767 437 563 53 844 153 191 920 433 386 307 448 117 687 599 97 911 945 427 361 63 850 579 912 991 970 688 985
336 602 383 543 151 125 147 29 781 101 1000 115 134 559 977 802 636 204 91 482 806 346 578 544 572 555 743 85 273 483 233 64 250 119 137 154 794 566 784 271 451 422 587 788 500 456 480 739 285 161 399 849 206 981 674 809 908 679 823 82 322 429 960
4 868 198 531 224 176 388 210 44 184 223 907 638 497 255 31 592 1 296 689 495 257 391 577 786 42 876 99 57 279 28 830 311 440 551 113 571 865 568 845 947 193 180 123 38 351 853 196 736 662 590 746 468 773 472 454 175 375 714 598 871 816 848 240 847 561 348
839 258 824 725 405 607 535 719 645 128 971 726 677 145 84 213 170 344 583 475 734 805 34 790 792 759 819 449 310 729 721 131 494 783 509 489 951 581 78 702 325 619 305 215 62 309 171 83 282 178 234 39 772 929 481 390 330 368 982 542 878 902 501 49 820 360
444 651 431 648 165 467 328 236 957 765 760 48 413 546 896 837 359 457 925 277 950 670 591 814 52 207 715 259 872 70 754 160 505 205 705 237 843 261 23 50 217 172 880 387 642 18 694 353 414 973 287 634 757 987 265 14 995 913 90 540 669 663 931 600 532
158 408 588 553 723 770 774 392 808 220 185 69 136 355 717 203 159 624 933 16 187 60 512 319 135 703 828 549 194 775 395 10 700 766 747 584 251 242 761 72 557 594 230 122 967 168 776 611 989 20 441 728 737 186 683 713 948 875 817 372 466 514 682 354 89 867 672 333 94 601 358 104
877 138 385 363 341 969 762 349 436 424 778 356 946 810 730 331 61 838 978 45 744 974 769 302 575 997 680 352 658 695 897 59 112 211 46 8 745 707 640 173 12 179 692 470 604 874 286 499 992 523 396 297 941 836 618 268 903 935 169 380 476 988 870
30 87 537 37 863 966 589 508 942 625 6 374 11 339 668 291 565 943 342 633 986 143 226 664 55 914 459 582 548 181 406 841 201 628 620 118 629 852 33 416 696 106 146 958 260 673 442 249 698 32 755 246 412 637 27 932 461 384 200 323 525 785 144 964 720 983 659 684 314
498 741 538 990 955 554 550 825 901 40 709 420 831 856 343 926 110 197 430 114 812 446 208 522 313 919 961 900 763 239 315 671 959 835 26 326 616 274 75 209 295 345 292 528 317 906 539 994 921 378 473 43 269 821 666 245 558 485 182 811 299 519 793 303 834 777 533 621 244 609
231 496 228 882 465 751 510 243 826 798 367 733 411 419 928 722 597 393 301 881 381 972 156 86 409 949 963 73 771 357 469 701 623 174 840 909 789 306 712 521 507 718 19 541 126 376 608 832 149 627 962 36 758 899 886 56 655 731 724 102 632 219 615 148 445
76 164 593 889 716 25 41 801 803 895 917 98 272 606 614 415 857 377 667 753 275 140 586 382 710 996 183 425 227 142 576 693 2 253 956 915 564 869 276 130 51 167 654 526 491 646 139 421 334 610 818 278 842 829 888 109 916 905 910 426 166 999
79 157 150 866 105 681 132 290 904 81 768 504 403 490 626 256 17 893 937 536 321 329 284 379 884 402 822 327 887 511 450 861 66 569 562 13 229 417 152 691 410 111 529 975 332 400 474 364 58 80 764 266 232 108 47 595 858 807 65 685 389 704 936 487 398 460 530
976 202 862 7 54 141 438 418 478 162 647 120 127 293 221 732 892 458 428 930 711 369 890 453 883 455 750 605 247 335 439 643 756 612 779 833 740 320 953 283 516 652 795 742 280 316 35 515 524 617 927 300 252 100 796 129 708 922 678 649 952 222 248 780 697 177 394 92 622 318 939 350
